135 81 3781124 7128057	
81 896 2749280 3884765	
832 679 768728 8298402	
124 309 7849377 1797492	
746 212 2190279 6558849	
913 306 3802093 6889733	
122 980 1833738 7728218	
23 367 3878740 6430615	
49 307 6222412 2281966	
162 845 6158709 4050816	
859 288 4855855 3342656	
698 911 2579469 6677738	
121 363 2385057 4863542	
331 671 4441045 4006247	
613 294 9290493 240707	
752 666 6907535 3802796	
476 679 7083970 818125	
936 209 3992195 5131530	
835 256 7678423 2237397	
338 210 5772982 2759852	
616 821 3431038 7531229	
694 407 3188328 5162522	
895 780 1781479 7935814	
300 217 2302178 7895894	
146 995 5928789 3183672	
608 738 5181557 2349293	
904 828 7232995 4180397	
747 780 7116511 4236342	
970 12 8180944 996249	
86 198 5333194 4653210	
987 253 9546494 2557180	
289 204 799262 5510411	
375 289 2907325 7710065	
405 794 6589041 371549	
922 442 204719 9708746	
389 888 325879 7277048	
5 590 5314042 4093469	
145 301 5078944 3312828	
293 879 5004054 3167493	
579 195 783204 9126442	
51 423 1537265 7581799	
416 258 3768962 7025970	
581 689 3301973 6991342	
486 404 5012293 3791604	
162 307 4354411 5495039	
3 492 6142756 2646917	
850 483 3425826 5870888	
916 166 1056895 9267965	
872 345 615474 9179348	
745 650 100924 9063004	
921 72 745380 6232976	
448 56 2439702 6565482	
576 783 3067605 4642756	
780 495 3350914 6402445	
226 867 3915496 7593747	
275 119 5719025 7936203	
347 513 1892860 5762103	
473 983 5170855 5595986	
715 31 8466668 3231036	
252 539 7925461 1209787	
122 696 4973167 4594349	
148 370 2782488 4826916	
519 687 9568360 808464	
391 799 3175407 7095150	
40 964 4409053 2955415	
948 832 8375978 3257635	
232 777 3788878 6238755	
254 973 7878812 2369828	
980 873 5652179 3854175	
458 394 3029749 8342414	
11 351 2085665 6285776	
986 19 3974053 6873888	
572 561 5993369 4598377	
884 126 3488254 7028079	
884 391 3728062 7557193	
951 204 9402301 285911	
210 800 6905599 1650730	
944 895 5515093 5766644	
931 453 5114366 2157603	
188 59 5434284 3392086	
881 884 6166863 3325826	
776 162 5374571 9242622	
251 716 6978625 990210	
180 449 8589041 4987088	
812 38 7439812 4217608	
480 570 9261490 2149649	
862 246 4970684 5943789	
632 689 3636273 3824597	
235 296 249054 9151121	
138 351 9728273 266264	
976 536 8079524 2987310	
256 798 3014403 5437509	
809 44 4028171 5559640	
409 774 9840953 1532908	
264 651 3131146 5374075	
764 277 3816744 7154176	
485 654 3265423 6099401	
49 174 9721876 263798	
57 536 6577666 3241020	
558 61 8434891 4309755	
824 915 2959919 7051773	
943 277 5066024 5865738	
633 300 6390496 7163766	
830 488 7620406 5081004	
97 196 3118390 7458302	
522 865 8656254 4003463	
993 552 1992057 4685428	
51 455 9604579 3060018	
659 529 3650272 9868429	
624 998 599959 9377566	
793 105 3569556 6144701	
61 96 2744665 4779206	
416 72 3437273 6498262	
188 324 3950863 5639138	
339 598 7080773 3562547	
251 650 7398372 2295844	
389 604 2025860 7874470	
347 215 3819791 9858989	
808 879 265487 7799660	
539 380 1872803 6453354	
694 49 8489286 2346093	
789 740 5033743 3112639	
108 190 4055985 4120743	
130 657 8860446 3795088	
445 163 2425557 6382969	
465 734 4606536 4147495	
25 483 8508329 790196	
269 628 3774862 3843336	
373 869 4584820 6053808	
5 448 432032 8677005	
579 442 4152119 5722161	
468 57 8145340 3104313	
213 912 8183913 3302408	
440 552 6550057 1518532	
749 4 7169883 2170003	
931 235 9043054 1852743	
113 770 7722492 1534001	
72 496 8502343 3110652	
967 461 3056414 6741795	
141 94 1719506 6334864	
631 31 635760 5551676	
580 467 5394578 6384936	
51 472 2195115 7356049	
833 890 4763133 7940087	
85 660 8489593 2532498	
741 455 4447217 6227889	
480 512 6898628 1755543	
845 99 4251405 7072832	
294 861 8501538 2149847	
327 187 7157286 4878706	
188 621 3149723 5007151	
540 380 8170798 2485024	
10 463 459088 8757789	
44 925 750925 8384444	
251 482 9564798 4486654	
782 773 3182427 4730910	
553 26 6877816 3637212	
618 388 2582366 7987833	
175 170 9167307 1835839	
713 470 6007319 3915201	
457 116 5184702 6148881	
362 291 4929131 4137829	
650 120 3570298 3874235	
759 813 6235838 5216942	
136 434 8255784 2260917	
817 266 2470607 7469142	
966 147 7130473 3312569	
629 395 6657917 4962853	
890 731 7905294 4896327	
340 176 3509319 5923813	
477 567 3515429 6616479	
252 383 7784739 3339017	
751 720 3742938 7556362	
704 43 2500421 8179458	
779 751 884088 8781482	
891 448 4575306 4426464	
976 414 9599101 1517038	
89 138 1782075 7662659	
530 670 4730202 5889531	
899 938 1876016 9105251	
214 576 4983640 6820928	
35 953 6347895 4442471	
36 244 8043477 2421790	
837 158 3299470 8373733	
635 246 4968583 5410997	
221 77 5885479 4650421	
55 577 7416095 1825458	
940 896 7300242 3266357	
559 499 8749310 2228567	
168 214 4904038 7625109	
442 375 7603646 2760205	
134 575 7007757 4458980	
357 921 8683056 535750	
196 870 9445950 3950077	
573 126 7541013 920220	
94 651 5251652 2606315	
677 451 2486407 7311180	
260 443 3225141 8514070	
692 852 3090787 7996439	
60 147 7591098 3189428	
267 556 2058084 9832352	
484 724 3092147 5142121	
591 510 2226350 9286227	
377 439 9854940 3194871	
937 927 4448924 5884925	
520 73 6208638 4958952	
303 337 6325656 234223	
992 693 4729284 6452558	
442 137 5027779 6294805	
48 757 3486975 7030691	
682 732 3879279 4379533	
374 552 8130073 2711888	
321 935 4707228 3871034	
41 226 4791894 7198436	
75 476 3433459 8551035	
575 983 5281613 5674155	
983 154 4798194 3953756	
633 301 1900039 8833274	
451 348 2467565 4880962	
430 395 5615114 4375870	
564 381 4837102 3937724	
683 563 3308994 8132759	
685 478 9948687 48380	
76 406 5219745 6024643	
349 873 7015260 4151902	
388 420 3830171 5786463	
881 982 7509982 4424114	
303 898 2315599 8070465	
792 372 6097889 4913889	
542 610 1710812 9794004	
908 710 1918623 6262200	
441 237 8365818 505090	
426 786 1590780 9376268	
289 163 5906653 3207914	
555 151 2123237 9039100	
748 769 6754308 6673264	
172 922 6828618 3924907	
465 48 3293243 9353634	
963 844 6729645 4267824	
544 6 2538728 6942504	
873 704 5037096 5051708	
883 30 7156891 5288132	
254 840 4305977 4385098	
542 94 6189603 6750661	
54 574 6879882 4007004	
149 484 8361874 3843	
496 28 4693483 5494121	
116 465 7524965 1905325	
205 23 7374225 4088149	
858 165 697208 7932134	
442 403 2745110 6158049	
459 793 6413048 7583541	
132 425 1159666 9425907	
290 195 2501322 3878013	
680 594 2259134 9689139	
877 643 1299795 8199293	
137 644 2017762 8361756	
910 769 4374773 5291045	
120 209 3767146 7236532	
673 419 9660939 1597477	
95 71 4334828 5447214	
317 334 3323343 6866543	
961 809 5116568 4640797	
352 516 6194840 5456514	
677 61 1522966 7128603	
448 241 2671834 7224512	
570 605 8082113 3493755	
117 795 3447597 5649543	
291 951 8663980 1291940	
173 125 2513931 7823734	
914 152 7356564 612545	
882 752 4093717 3917561	
486 95 5239741 6738585	
596 531 5412610 5229906	
467 647 7078254 951049	
271 20 6498654 5361039	
893 612 2180112 8125211	
678 513 865383 6271505	
743 626 5577620 1939150	
325 77 5783072 5345216	
968 799 4235235 6735037	
28 232 5693081 5682602	
876 121 8289592 1260874	
897 299 1704242 9394933	
64 376 3860255 5935966	
949 800 2824279 8015767	
899 616 3852271 7028813	
948 719 1914176 9594923	
641 26 6482458 5437703	
108 875 7355429 3383306	
630 347 9341139 2356713	
221 142 3798803 5811496	
631 918 6944137 7676600	
392 751 6120941 2240552	
337 770 1618367 7990176	
16 468 3808380 5026059	
244 144 5159054 5114219	
848 966 6103790 6471292	
579 272 4157858 1519393	
42 392 7965434 3255056	
763 264 5445282 3485663	
753 666 8555336 1427363	
892 421 7236046 1782179	
559 812 3533313 7577560	
100 421 7060437 4876866	
194 232 7320871 1132643	
226 346 4974399 4632116	
296 616 7634393 2289033	
151 681 3413684 8016549	
746 930 5869489 5709706	
291 43 805453 8401535	
849 694 2262916 5434346	
241 573 4419029 4238070	
105 590 4966701 7298670	
235 681 7072139 3231215	
557 333 7393428 2617274	
189 997 4870389 5529135	
740 542 5035884 2891276	
291 239 3009000 5802176	
52 347 1156061 5229448	
778 960 4334430 4569056	
973 354 3387536 6811012	
328 2 8756999 1554294	
974 594 5036770 4723837	
669 815 5336749 5494346	
14 97 3474596 7554685	
446 776 475653 8115430	
576 740 7971969 1445683	
36 955 9154633 4348014	
849 143 7260263 2196954	
45 868 1621537 6221490	
161 413 6333731 2634566	
467 149 6691793 802167	
73 764 3048455 5616774	
4 139 9657089 1528904	
621 115 1768237 6508995	
920 962 7119902 4660759	
978 26 7022704 179485	
901 706 2458383 9247511	
512 534 5856680 7050339	
742 958 8320804 4306551	
548 723 23354 6036398	
430 128 9272337 196318	
403 121 7378842 3022734	
72 606 2975216 5747952	
164 387 6670142 4863091	
409 95 1977065 8476674	
476 65 7053742 3375402	
136 109 4503906 8963732	
141 578 8573176 1267336	
65 993 3994816 6480606	
584 53 6300306 5701242	
240 571 8504544 2465911	
439 11 5750326 2972061	
484 863 9135818 1813719	
261 435 4056540 4724171	
474 223 9982669 1328368	
145 237 5013053 3612319	
401 602 4121709 8305615	
384 677 8546140 2977178	
435 607 7409310 1440187	
564 891 1421734 8827048	
732 458 2682803 6308240	
480 225 2998789 6111541	
480 960 4621383 5444710	
40 777 6263712 6750915	
504 138 3796316 8564613	
887 167 9455157 1650985	
322 195 1599180 9594168	
828 263 3318082 6126593	
113 101 2263615 8011335	
246 323 193872 8524925	
978 196 398630 7515940	
637 772 4618868 6336156	
43 840 9051258 292020	
46 624 5566175 4438327	
374 366 883584 7039808	
675 356 6928123 2266020	
480 235 7781296 966380	
199 942 4410641 7108194	
120 609 6026631 4144338	
305 597 4241629 7160860	
467 277 7609154 2696720	
862 707 1713751 6649242	
274 194 3188531 7346923	
648 374 8001678 2437377	
508 746 8187219 3689667	
981 982 3459821 7843087	
93 192 3484655 4987669	
751 201 3675944 3718287	
802 648 4564867 6356412	
277 850 5942141 2716976	
78 431 2622037 5796423	
141 192 1891850 9522033	
487 480 6595572 2356307	
653 239 6405730 772536	
850 154 9868742 1142627	
880 858 5625478 3422063	
579 638 2355639 6521745	
238 586 6541918 2840779	
624 820 8567518 1311287	
474 281 5544086 4293304	
505 540 1895248 8422203	
544 952 4686759 6389585	
337 751 4832571 4689725	
209 388 5008963 3956062	
389 281 984652 9833107	
462 463 1140891 8102056	
701 555 5897797 2219340	
787 351 4458503 7085841	
507 868 784825 8141674	
56 221 9391719 2248304	
722 516 4274509 3317430	
353 351 6341268 4960089	
568 385 7681817 1315223	
396 57 8175465 5326910	
470 407 5866182 3832436	
242 221 1123792 8152183	
730 614 1380715 9722852	
894 747 475644 8231257	
131 396 7649131 5153616	
79 714 3659431 3392320	
514 972 2479318 6024320	
860 588 129470 8519583	
635 9 2096634 7666042	
44 406 356406 7688391	
23 788 4383047 7841182	
258 439 5480864 4285398	
386 314 3869646 6813608	
424 487 4226766 4857162	
129 269 4340003 4308535	
885 630 2372874 7678017	
878 802 1490687 7598721	
786 934 5071432 5991272	
536 702 5628750 1416083	
449 354 6085607 4048868	
250 625 3801712 7360552	
380 839 5632404 7058335	
886 720 4124188 3869366	
246 419 5089671 5791857	
36 144 4043025 6412937	
602 878 1322975 6137502	
301 689 1453468 6827481	
445 498 324929 8296355	
672 990 4029550 3348038	
643 182 897430 9453183	
41 542 5064879 6590397	
176 254 3117842 4855052	
536 65 416666 9387710	
637 117 3186749 4267176	
180 615 7946247 2645900	
898 961 4600377 2001608	
540 166 3137889 7509837	
934 723 2492591 9602056	
452 316 3599660 7423735	
786 510 4184800 5512998	
592 206 7413288 3965605	
336 815 2334293 6475575	
696 674 1718827 7817668	
84 916 2077017 8387464	
433 188 3571912 4319555	
382 3 6243738 3147468	
542 109 6831775 5443924	
667 730 6263866 2706874	
646 396 2037141 9646966	
52 128 6465663 1580063	
253 961 1019476 6345581	
283 948 8970914 1114393	
880 481 9925868 1648842	
470 887 6682411 1418610	
890 630 6430464 3043375	
181 330 8612309 3621339	
561 400 9486511 2771858	
463 624 6062048 3353360	
210 346 4878615 8804297	
117 241 3952495 6336791	
627 373 2968749 4791529	
61 555 4833593 5356456	
941 934 5832150 4887154	
951 391 2711961 7806570	
82 329 2465413 6980592	
311 939 4326790 4781087	
365 113 9734486 1827323	
311 115 1686958 9093195	
394 514 4251305 5960426	
972 934 8795687 2700316	
357 142 5051876 3177149	
40 56 5248999 4273610	
32 202 8684807 2205360	
959 147 6835962 2175589	
293 901 6270568 2278831	
410 401 7002879 1914028	
656 715 9719654 695761	
630 131 3524988 5804148	
487 707 6303970 4519877	
317 21 2633815 7755016	
781 174 8057206 2522955	
257 346 3147496 5215261	
74 426 8717645 583218	
929 173 3024947 7710428	
909 690 4182577 2322800	
285 315 1008792 6404945	
476 720 7211796 4421817	
522 622 6436525 2533544	
454 922 1993177 8965360	
229 989 7800098 2702559	
900 477 5191507 5100213	
450 322 3690911 6017219	
954 210 9578966 1121691	
294 592 5641799 2851113	
490 739 1467480 7812421	
513 28 4264993 6529211	
400 697 4719669 6790008	
81 414 6446907 2649991	
62 713 2383064 9670567	
151 479 4319175 6410781	
673 170 5663321 7253032	
967 341 6745675 3221346	
583 660 3314934 7347989	
216 19 7905553 741987	
413 522 9822496 1250877	
15 106 3483070 7763256	
802 739 4221444 7582350	
288 787 3789216 4682717	
821 59 2427675 6786337	
489 520 4368142 6063416	
685 127 6390159 4006936	
752 870 3960391 4212191	
210 67 4805987 2261845	
367 187 4880357 3676983	
571 962 202539 8650427	
115 20 2554965 4896811	
312 349 3358343 6462058	
394 456 7260741 4090807	
220 962 7338578 3446888	
275 836 9298759 2335645	
654 671 9174850 1091594	
564 620 4496153 7531520	
136 737 2346764 4999290	
737 545 7623291 3588968	
513 290 2190041 5695035	
116 600 8403183 1261749	
854 156 9084797 303159	
974 725 5616607 4409277	
247 36 6488287 1634807	
383 641 3469055 8574330	
85 303 1251814 9989163	
419 645 2835937 8744621	
44 611 8401371 2961501	
105 752 9012588 2176036	
875 864 3424265 6856538	
801 72 2350110 6185678	
357 67 6573630 4624161	
45 910 1469207 4508911	
209 990 6344084 5940938	
820 673 4058032 7613741	
576 638 2414876 7515691	
8 269 3647937 5356083	
694 963 3926819 4209659	
353 415 7325507 2261909	
714 385 5498425 5433141	
613 889 2931390 7083962	
254 231 6292563 5402355	
685 561 2696570 7728539	
141 323 2278840 9414556	
414 733 535986 8673510	
980 625 4328124 5389186	
479 166 4691621 5507528	
656 995 1221763 8623081	
212 936 1926665 7268541	
560 835 8742785 3516082	
463 183 2731712 5842734	
435 671 4171604 6686843	
668 603 3114865 5492645	
930 439 5422464 4885070	
54 576 8135630 376151	
625 611 6124701 4739802	
558 632 6394826 4870675	
79 74 5533980 4415406	
381 54 6157432 1860655	
639 94 5840605 2679956	
255 333 5316284 4309760	
152 557 1923164 5985659	
458 307 4458373 8756414	
422 146 3116030 6704123	
317 819 4225049 6489088	
264 24 1095746 9350898	
445 885 3024225 4548542	
231 161 6659416 4235932	
242 461 2694677 8933727	
691 387 7195123 1740769	
244 87 6733794 3133429	
710 859 4910683 7534530	
766 868 9393594 2098888	
344 715 2815210 4197068	
893 484 8406736 5739846	
306 269 8237758 1710190	
291 182 4563993 8236207	
681 307 7918956 2523897	
489 979 4818076 6845655	
281 671 9331055 1184737	
280 668 5000237 4211663	
480 559 4945085 5442478	
589 500 1684074 7206491	
905 714 2580429 6185875	
742 874 9683165 1106577	
121 929 1201574 8613176	
351 736 9122806 2098306	
562 121 3331735 9086180	
130 839 9035704 29912	
293 559 3275009 5435273	
847 521 2466603 8791401	
843 684 7224476 3467662	
258 124 7824125 4136509	
284 387 4433466 4930110	
304 758 1352682 9687817	
891 506 3248204 7032646	
100 663 8698178 280153	
270 803 525683 8765396	
215 15 7163642 2209275	
540 649 5735712 4249433	
534 692 2984046 5375018	
253 166 381954 6640146	
572 149 7804620 3762915	
35 664 6969073 3339569	
421 244 8455734 2880278	
562 754 5514755 2569396	
678 622 5231535 5209777	
358 669 6469592 4827805	
578 983 2810752 6388410	
88 961 9866297 2156938	
254 361 4742304 6117081	
466 926 6128667 2774280	
521 382 3612953 7208512	
643 810 3495370 7313141	
829 294 3169376 4385812	
943 115 2270971 6840424	
57 468 3825790 6607755	
122 82 8002562 4513511	
634 955 8051165 3475253	
893 726 2329162 6608231	
87 683 2403315 9020472	
362 661 8235155 255919	
454 776 6634681 6157673	
70 292 2752155 8320042	
204 582 9241144 2437406	
879 875 8799135 2579018	
191 941 1738126 4519416	
549 367 6299781 3341410	
948 378 3727359 2641174	
866 925 5284331 6208255	
79 944 3528939 5456305	
486 476 6017989 2782780	
802 604 7896184 3339733	
136 703 7315294 1556496	
796 221 5371123 6261619	
718 452 3103627 4853865	
281 372 2470767 5449804	
906 573 2100388 9514954	
945 483 6407908 2958539	
271 864 1789502 7947826	
723 2 7542885 2746662	
594 936 6136104 6941437	
601 637 6671579 1329589	
39 478 7528890 528572	
613 14 2394252 7313901	
21 632 5016750 4951379	
938 419 4565834 5221057	
187 931 7075702 264309	
543 745 3722429 5801001	
696 503 9072153 682290	
118 111 4581162 4766932	
45 81 699663 7283090	
164 89 4005349 6315045	
94 685 5577991 3969640	
945 991 3790317 2411491	
543 695 5082529 6030471	
714 107 420692 8470727	
63 450 4838083 7448638	
990 375 6404391 5607301	
464 448 4986450 3725324	
985 535 9801488 1373601	
803 644 8252165 1161413	
164 382 5737176 5768427	
55 396 2514492 7916373	
811 417 500995 8831190	
60 63 2298508 8603234	
960 817 1452490 7015757	
773 386 1296959 9809622	
433 380 1081333 7007427	
436 315 5352942 6602435	
846 783 626977 8130538	
216 84 2458299 7183973	
343 306 3523870 5568794	
1 999 4308887 4249915	
517 907 3402846 5429424	
505 557 2433417 3757103	
442 402 5572546 3799844	
588 249 7960466 2377905	
986 318 3934968 6472236	
669 620 9307753 796136	
624 915 9935994 2191508	
463 975 4697569 4367232	
747 733 2767979 3207720	
810 364 1723994 7906676	
123 15 2869952 6500088	
243 371 3465837 6853700	
454 310 2569275 8038236	
82 579 6311786 5205426	
222 573 912006 7457834	
255 476 7413312 3109740	
872 122 9145004 2357376	
771 2 5608798 3862811	
179 870 1181250 6196343	
728 904 7575307 4579113	
58 392 4702719 5219235	
23 573 4692259 4702732	
462 455 3513709 3216568	
487 6 6500421 4329281	
976 871 3397086 8938911	
972 170 2898544 9968764	
634 690 8875603 891421	
50 72 2878037 5806655	
64 976 1782148 7661185	
352 475 4292901 4576602	
507 709 7944985 3620203	
295 369 8309305 2766815	
424 577 3114261 7936795	
824 945 7267271 5328298	
380 816 5076705 8601267	
110 85 2642245 8312159	
646 559 1377533 8229313	
603 63 5143097 5820392	
496 556 6107214 3525649	
675 494 5225487 7182996	
475 543 4636588 5729089	
136 310 5854715 5839013	
35 983 4529148 4681630	
298 918 6045367 4144297	
781 380 7916806 1391764	
877 564 5300114 2071282	
254 862 7191416 5558866	
957 287 8655086 2704613	
587 312 4961237 8647618	
452 844 4371754 4442436	
627 819 6334500 5731225	
964 373 8801914 146832	
86 926 3388929 7866405	
735 616 1602636 9787084	
67 686 6993715 5290848	
404 19 2603282 9560338	
909 274 1255362 7482791	
632 78 6872728 2164398	
590 558 6766814 2740845	
269 913 4402712 7838435	
92 789 1295317 5793366	
601 137 9559938 1766021	
21 295 5674590 4272780	
437 749 3562036 7151783	
468 886 4817908 5416531	
194 3 5061978 3323191	
571 489 5057185 5626370	
915 806 3250526 8826395	
469 361 6006805 3608166	
163 601 7057601 4891341	
411 154 2525927 3940768	
998 296 3269620 5460570	
545 981 6963628 2694525	
901 242 8901579 743526	
560 616 6822509 2601654	
260 29 3378849 5185695	
682 886 3653880 4883903	
278 234 92087 8856894	
715 394 832344 8812043	
533 215 1593016 4813564	
744 680 4478477 3632236	
116 388 4608749 6797785	
839 47 3972025 7698837	
294 471 3218922 6177621	
596 354 5283709 4698605	
888 607 8968136 4548377	
636 247 4915459 4795970	
103 344 2616819 4617294	
254 397 5917307 1262452	
390 987 5420258 4116285	
237 602 1429172 7216767	
19 924 3212652 5800343	
515 747 7844696 1492761	
431 149 3515446 7527043	
705 948 3429139 5016122	
137 362 5862146 5604129	
797 445 4277523 9098638	
830 699 4045714 7521955	
209 150 9929193 162847	
684 348 8150952 2937081	
170 128 706280 5073038	
260 66 9077230 3249862	
955 628 6701301 1887676	
297 888 3929040 8307787	
775 738 3757830 7274829	
700 102 6784151 5192031	
232 159 6271088 4545248	
421 924 2604077 9225901	
144 80 2934437 7352520	
567 174 4250014 3368219	
164 656 3586670 8016006	
983 623 8909044 2408438	
99 95 2527292 6322031	
780 672 8646556 1397918	
15 976 3143664 6370426	
738 405 2356591 4649974	
240 995 1289070 7140419	
309 134 4585914 6396416	
156 974 4747324 5370654	
964 17 6299252 7447240	
220 631 1973116 6024800	
988 413 6667148 1783130	
22 330 689303 8621180	
407 230 1808211 8327260	
291 709 2754586 7397921	
637 606 6587202 4325810	
677 893 3425197 6541138	
636 970 2761837 5650438	
842 761 5023494 5417540	
750 650 6280909 3722701	
819 551 4675134 4448629	
225 943 2482277 6602580	
904 976 8058281 3213168	
333 810 6136998 7005210	
334 867 9021398 3568294	
411 87 3078008 6693740	
835 285 5796076 2205885	
619 480 2132131 6293617	
734 17 6421731 2878356	
153 391 4918883 5679578	
664 311 5904255 2279777	
747 995 6490201 5130654	
96 735 2919828 7792243	
735 938 617516 6901467	
828 87 5381431 6136786	
654 392 2835935 5201317	
326 325 6986645 2255660	
339 195 6254724 4525136	
252 652 4886482 3912048	
738 320 6245946 4654948	
868 939 6305765 1377682	
235 886 5392819 4754815	
9 913 3078251 9483395	
57 531 4061328 2267162	
187 678 3753057 7896437	
510 29 4173628 4083937	
32 398 5119352 6467822	
123 646 6415306 3337533	
634 217 7927742 2847461	
490 918 6496673 4184429	
598 773 5257079 5304413	
550 141 3896590 6240751	
543 4 3512276 7419405	
256 161 6127407 3542352	
558 275 4141138 4592283	
122 737 7546146 5017426	
650 260 4645583 8934237	
940 39 7632329 2615520	
530 408 5486421 3474439	
24 650 1841083 8596819	
184 287 5248877 7450421	
681 800 6698598 2370424	
539 557 7965105 244828	
318 371 5869091 6483649	
227 852 5391201 5022637	
419 680 3249891 7776701	
816 383 3913954 7469137	
919 932 5809218 7153916	
200 630 9148018 1965166	
939 711 97669 8665596	
733 135 3904634 5396588	
611 859 7357756 813516	
558 978 6055294 3407435	
811 658 6523884 5202369	
99 261 2019353 7438838	
890 218 3413802 6781537	
47 536 2254024 7049543	
151 624 6413642 3624463	
286 931 5814364 2535001	
681 485 622723 7671887	
130 402 4059391 5194133	
349 159 5252224 4855785	
905 381 3881792 4758260	
190 164 5691447 5890568	
413 908 7952996 7851282	
192 927 8228415 2326004	
18 165 7903710 3606870	
451 336 1105353 7383395	
187 221 6450281 3789523	
26 261 4645268 4211379	
83 736 9851084 209242	
335 597 5310016 9015572	
414 287 6349116 4773070	
868 146 641005 9993937	
141 958 6186199 4427477	
62 64 3257255 6132112	
772 888 5017515 3587859	
650 490 4100641 6471223	
930 439 7854162 15491	
510 401 3934633 1432927	
598 787 4518352 4720451	
966 700 7035362 3204129	
928 802 4544279 6840629	
839 43 2805174 7283838	
826 222 4397084 7337353	
23 917 3605423 4885758	
526 297 6710621 3361359	
234 75 2840108 5969106	
272 280 2352072 6150152	
679 459 6265687 6259366	
818 354 5268455 4348910	
777 442 8603277 1452514	
860 863 8944869 2820827	
739 285 5594637 7155368	
732 977 3646602 9758897	
772 446 1862888 9542222	
639 284 5907947 1951840	
917 568 2837081 6845527	
458 100 2286973 6148435	
15 708 5880751 4419890	
687 727 2088022 6828556	
127 666 2556184 6387000	
410 275 7729756 1968090	
815 49 5606419 61349	
254 85 7101890 2523781	
999 74 5247649 5522281	
197 348 9026923 3593284	
821 961 5946930 4975097	
728 921 2267521 9301062	
811 169 7339927 2496604	
310 968 4718182 5944899	
892 652 7852854 4150515	
299 572 4185642 6303923	
211 819 6117358 2717147	
514 85 5175660 6254496	
590 791 2535070 7598659	
379 627 1682368 7041304	
409 164 2709578 6254824	
162 791 2921304 8947054	
60 465 4232776 8159031	
171 306 8307772 2309384	
755 139 7652562 4620244	
891 168 2011237 7699428	
328 977 4938446 5901531	
943 471 3038813 7668728	
844 559 5936327 6087635	
455 979 1436981 7901184	
326 482 9648381 1024913	
888 301 1908504 7430235	
575 830 6888471 2993709	
624 371 3520276 5667173	
149 604 5561849 4825125	
638 851 6235180 2262340	
808 598 5562120 6445852	
410 934 4871200 1768583	
346 508 8136702 2289806	
810 35 6219823 2359975	
556 911 6016101 5052032	
75 778 4338292 7947042	
282 104 5423398 3285444	
156 750 8288407 2367447	
833 702 5892556 3291657	
638 474 5224734 5970388	
850 327 5344161 5878613	
178 181 7511656 3193410	
609 666 6965917 4498536	
873 20 7614241 2693502	
71 690 8331661 434982	
304 510 5956742 3773344	
502 842 8359518 118044	
998 182 7973365 1621292	
353 541 799697 8144568	
968 557 9001144 2453328	
131 473 9412666 1126515	
548 862 6048154 3946720	
482 719 3492153 6081834	
202 90 5870295 4413770	
288 949 756598 6861459	
140 358 4428265 5460251	
585 565 6436146 4210762	
566 810 9965326 3014900	
341 919 6532246 831642	
109 645 3010738 7262640	
623 449 4780635 6260350	
548 286 2959753 3550862	
519 860 5843241 4951994	
240 68 5044282 2734061	
209 287 7305434 617725	
747 306 6515430 3481525	
4 702 7845995 651985	
63 60 8585511 1203393	
753 716 5667923 2380324	
457 433 8297822 2718425	
974 296 5062980 3682375	
433 779 4299122 4092614	
266 879 2803876 8110493	
490 755 3171730 7288065	
26 810 8575260 3470767	
380 781 1711620 7228490	
304 15 1155037 6663213	
352 75 3427304 6572099	
610 372 5865559 2226654	
429 112 4831718 4643755	
889 278 3312657 7326165	
90 61 7558763 1639739	
429 496 3238311 4188521	
891 449 9076480 801909	
406 499 5288624 5287829	
439 104 5420583 4021256	
910 156 7235364 3650542	
822 173 9792307 1496837	
770 817 5962842 3768897	
97 878 1912984 8763118	
210 528 5445617 5904929	
637 488 4891006 4468729	
417 378 9513134 3759685	
233 878 6230039 2484076	
370 748 3071958 6900316	
598 991 9834722 2090084	
869 532 6524662 1666376	
571 411 9884103 1938689	
569 236 1719752 5141592	
649 287 9532823 261159	
950 240 2939393 7075441	
659 816 7311835 2861699	
605 403 3427051 9339750	
322 560 4180813 4887291	
894 608 4798084 3585724	
152 917 684527 9084849	
31 827 6061649 2884747	
678 214 3599256 6126519	
917 766 6349196 5815410	
221 946 5794587 5984626	
597 181 2884470 6985386	
527 960 1018172 8852995	
21 503 7029104 936874	
440 452 2089873 8720125	
927 508 1928845 5613353	
365 989 4134985 6153127	
59 376 1980547 7912109	
726 950 3429784 6245742	
556 645 5095888 7635085	
791 98 4534991 3175241	
372 223 1832668 7321575	
207 316 6353415 3257142	
775 869 7415207 1339779	
346 902 5781986 995667	
497 266 2772323 6770208	
91 166 9454404 584670	
920 81 3231900 6052718	
4 526 6614400 5482205	
758 260 1511977 8013312	
907 743 3137934 6432270	
25 76 7605136 5520876	
804 372 5611531 3238720	
775 364 1039957 8154901	
698 63 1506441 5616645	
987 760 3870248 7411252	
323 874 5177233 5948156	
155 689 6660337 5988269	
18 300 4658223 2816580	
685 324 1805778 5444124	
968 359 3018736 5930884	
918 700 887539 8388569	
834 702 5838303 5606312	
663 737 3194123 6970584	
330 371 4634854 5199258	
449 929 6417189 6669634	
687 512 3459300 5975733	
336 99 7331188 2596381	
39 129 4484331 7621407	
979 677 202850 9742236	
683 654 6033688 3160132	
849 678 6107826 3190668	
869 959 5031709 5884206	
931 656 964445 6229476	
204 210 4854887 3509261	
11 706 6366351 2403802	
65 854 3941185 7935461	
606 757 3500113 8227706	
391 897 4318133 4066488	
958 229 8977277 1182280	
83 524 5194395 5051272	
50 385 2074490 9729668	
784 105 4082033 9014185	
466 598 4920467 1980941	
265 574 2748670 4422507	
98 59 3844557 7959053	
696 188 6421865 1621212	
55 413 3623426 4253072	
132 698 225986 7634152	
905 206 4812582 3530815	
169 77 7400968 2706204	
320 975 5777305 2399824	
282 991 1039830 8726037	
479 361 4062463 6309577	
624 403 5817466 1694106	
125 575 3729142 2901853	
120 785 4245353 6351515	
15 184 6556821 3401048	
540 694 7263048 2940753	
582 183 5251853 6240402	
882 624 6909483 334135	
65 21 1848504 6992341	
755 354 4001111 4201615	
978 346 1969079 8843742	
692 263 9415235 209246	
818 917 2743914 8145920	
260 453 3099781 6879156	
52 381 4981066 6200140	
598 808 3352543 5300222	
40 301 4537127 7953383	
549 576 3476355 5449409	
279 151 3164082 4790151	
842 398 8468039 2398340	
443 756 4194927 4825078	
914 234 7622122 4366070	
97 15 3683660 4906951	
809 35 2853451 5294170	
536 600 2901449 6537324	
243 587 5542242 5719847	
197 754 2709563 5512170	
397 450 3050121 7213484	
225 181 1376389 9949652	
187 492 7543425 423331	
320 553 2820207 6133193	
766 147 9677366 1561582	
713 108 2479824 7872394	
811 121 9707433 157361	
203 334 47953 8978254	
701 973 8805901 1244372	
476 842 8594034 738404	
34 659 2488085 7815900	
592 30 2308463 7587653	
56 881 3233614 5164953	
350 353 7039078 5364530	
498 833 9651954 2613658	
479 597 1137376 7516849	
991 725 6113938 3278524	
17 759 6593854 3395657	
688 277 1696682 6523846	
973 851 1679442 5391180	
8 255 486515 8104207	
429 178 8744576 2149884	
411 980 9587617 705008	
467 422 5704088 3131510	
957 659 2877948 5544780	
948 183 5684643 3555314	
975 344 1650359 7122407	
8 409 5661309 7835082	
544 302 9777543 1284441	
239 609 678436 9297104	
679 568 7171749 2776519	
37 547 249986 7873173	
4 526 5430065 6204982	
197 606 3472783 9420502	
442 398 5844709 5472041	
899 957 2672043 9419326	
964 654 4321959 8618468	
463 151 7054986 1293424	
685 477 81366 7751184	
794 783 1020099 8677731	
690 566 2236167 7148923	
289 456 4204615 4992097	
809 804 4828958 4756753	
67 296 1688596 4632192	
182 478 2200477 9011075	
791 974 9275430 2444449	
858 59 7777761 2756523	
10 271 2663876 8056371	
876 805 3154199 7166777	
903 922 5374943 5821110	
233 784 6730197 2636770	
577 719 7177252 3589351	
891 246 8015504 2799107	
521 534 1855576 8853906	
533 703 7716814 2653250	
680 266 1525087 6342796	
53 441 7306514 3538032	
664 467 2514451 6374571	
889 650 5728370 2760449	
958 767 4743210 5154660	
183 869 4259518 7385158	
666 78 8256212 321455	
378 883 3654219 4971776	
215 963 4575062 5148382	
355 832 4626544 6161303	
687 477 340819 7810445	
368 780 3237064 6237390	
889 248 9286567 338171	
101 670 1367621 7572588	
77 580 8943630 3055842	
891 167 4932225 4363275	
260 856 9588664 3248393	
786 585 8191367 3579514	
386 587 6278048 4124601	
392 794 4917462 2573416	
269 54 7188679 1280096	
635 702 8929884 2803556	
50 576 3666802 6978602	
454 701 4093250 7879358	
137 129 7143523 1825716	
116 237 2413474 7858532	
31 164 2492342 6648765	
342 477 6113428 5367391	
170 260 5024201 5367445	
664 920 9152288 952309	
958 412 6431732 1224133	
464 678 4994647 7116562	
428 584 5526099 3262773	
976 35 6337704 5550424	
556 439 2993560 6744333	
108 901 2201515 8927117	
161 9 2762023 4865265	
328 701 1575856 5123979	
373 403 5867747 5977410	
25 262 2235690 6592496	
172 611 7107147 7119430	
653 313 3983677 5028181	
129 819 5811481 3733493	
748 290 2092925 6061471	
516 675 8098418 3324957	
354 203 8267603 3908793	
189 399 7537166 3850031	
703 495 9592670 1599976	
204 681 125647 8957970	
61 974 3019674 8292420	
965 839 5202749 6313461	
477 94 6536530 3877746	
802 826 2339652 7608520	
817 80 1193528 9733581	
268 269 5343905 3090044	
857 676 5547697 3520010	
118 881 3243410 2710470	
414 559 4065715 4735289	
906 287 3219554 5418442	
452 790 7788154 3283442	
342 457 8894346 2539366	
842 44 3128770 6581157	
67 782 7356196 4296823	
28 712 2629995 7171184	
353 988 2944557 2906855	
91 419 6226098 3984160	
244 983 5792858 4597693	
888 908 1504223 4583080	
55 16 4651999 4816481	
751 769 756188 5899877	
784 415 8380863 1909033	
897 935 5789114 5964287	
922 566 4890304 6109063	
180 484 1901835 4563917	
300 725 3400778 6743643	
994 779 2253186 8263085	
183 712 4241437 6561034	
147 651 2616144 8096150	
507 552 6776857 4666336	
311 904 6319553 5505414	
255 613 8368693 978261	
235 131 3636649 6484209	
264 886 3752769 3564985	
210 498 7493433 1928252	
393 616 831861 7189041	
441 908 3732468 7219167	
851 612 2620463 5966833	
873 671 4310897 4908959	
675 230 2884965 9306000	
701 647 6624008 3016809	
776 177 6239379 1656900	
269 622 7210543 4046259	
752 32 6835827 2603269	
324 529 6775086 4046553	
627 572 4149780 5203818	
600 18 5218523 6284330	
16 834 7616883 4342256	
546 793 5915842 4827313	
780 71 7052528 5553352	
583 84 3375186 6813363	
95 668 902264 6960309	
677 577 3947916 4846377	
985 412 8108171 120351	
149 177 7083043 638588	
847 406 4730272 4623201	
579 962 9120910 1100399	
110 380 5763251 2358829	
428 825 3959166 8491252	
250 87 1092146 6605285	
421 332 5775135 4875949	
585 958 6849561 2522465	
101 510 5819722 5015731	
846 264 6811376 5956062	
961 436 7266936 5733140	
342 505 3201408 7351454	
463 663 7211460 4333156	
667 935 6526840 4185580	
810 784 8433367 1166951	
256 649 6273164 3823021	
824 673 9618677 3047202	
787 883 4974753 3158197	
405 243 5861131 2082911	
405 831 3234685 8420856	
52 866 3687348 6528546	
910 473 4772866 4396397	
667 977 3029382 8688227	
665 700 2572800 8023860	
396 743 3010272 5845406	
670 249 7171373 2213413	
567 107 5129651 3653730	
431 792 6413349 3199977	
909 963 6413637 831170	
530 871 8824819 3094669	
62 698 2850674 7480975	
495 190 6472455 5434038	
90 825 9604099 3471060	
465 235 8951113 786495	
137 999 3198271 3751086	
373 98 3521462 6003864	
563 270 3012680 6741985	
818 808 7476414 1815107	
923 10 71211 9937952	
613 542 7759448 2604567	
932 627 9529991 4253505	
999 533 1943756 7862646	
106 791 7132466 3388140	
867 609 6015724 7001797	
125 641 2458715 8722481	
941 841 3758228 7574725	
104 139 2835912 6409328	
760 934 7369108 3727686	
828 508 6902821 1453184	
463 602 4289557 5444720	
739 490 9438362 2285424	
854 386 7090271 3788102	
889 941 1229110 6974032	
953 73 8127648 497854	
375 205 1969036 6987663	
228 105 7088097 3512486	
744 505 2464966 4839183	
49 163 4399132 3797164	
732 590 7569943 1418049	
456 390 7025201 2102014	
243 742 3914035 5681265	
185 590 8834245 2545172	
874 304 6190791 4177556	
49 72 5982558 3334571	
468 823 9797161 736385	
219 724 7560570 1946967	
63 13 1363341 9075107	
596 348 2370994 7850647	
384 742 1610270 9410194	
508 205 3626440 5572574	
482 433 4702258 3539435	
192 265 2805430 5351756	
428 304 8101405 5566484	
104 643 3344398 6614364	
29 140 5353262 6462581	
889 274 3292649 6944716	
373 404 6488717 3463247	
993 963 1321938 5808179	
652 764 3972130 4044714	
255 571 2312025 6449182	
83 366 2512271 5130020	
523 223 7427766 2904232	
981 459 3165662 5368038	
272 153 6797735 5558513	
985 323 6185075 4408607	
431 950 5970583 4367699	
174 770 1985913 7414174	
165 778 5962088 3061868	
375 917 6534274 5282140	
142 345 5628124 4494940	
254 287 8114093 1312206	
893 285 1424928 9154340	
888 807 8300669 1246179	
238 877 3981042 3743933	
379 693 7838163 4378637	
384 942 7026143 4173096	
749 741 8653496 1142063	
256 135 8126836 1580230	
772 111 4827876 5061495	
759 791 6942141 2610420	
633 197 5117001 3885904	
242 951 2070589 7018922	
294 859 5727918 3975749	
116 157 7326218 2483080	
245 853 7225159 1259477	
698 165 2847115 4625133	
863 9 3931740 3894387	
628 775 4893307 4972414	
962 384 6924497 3816295	
849 537 3774713 5318872	
226 352 3007060 7038997	
18 233 3981174 5115993	
144 332 1395293 7601300	
385 691 4564866 3825926	
754 684 7228387 1304131	
664 647 1721898 7836920	
935 76 6602202 5588163	
84 94 3586450 6399695	
297 516 664785 9461891	
913 794 1291293 5802197	
696 124 499193 9935060	
982 428 9389023 3367233	
260 587 4706249 3847616	
339 112 3158384 6478029	
367 267 3121100 6768066	
8 907 3830367 4684077	
418 827 4604009 5609822	
18 278 3531693 6944941	
400 315 7905217 1391696	
208 353 4425241 3748986	
167 633 4421367 3866473	
94 307 6745722 5311252	
84 442 4337515 5993119	
27 101 4205543 5386651	
198 593 8227448 2658864	
158 345 6899805 1780411	
362 384 370721 7706493	
252 51 1454633 6466789	
804 32 4817246 6830711	
251 614 5010336 4657267	
502 996 7195748 3956165	
565 432 680607 9304340	
307 16 6818868 2049669	
498 204 1646163 7077965	
209 923 4668180 6581566	
842 92 5998212 4938752	
308 693 7305061 1183357	
681 622 1816037 9674501	
15 384 1238642 8856093	
627 380 9219956 923278	
764 90 6761758 3312251	
274 344 6845740 2796274	
78 330 7508974 2103251	
424 944 5141682 2778551	
77 752 3776718 8531201	
724 748 7715609 1419805	
696 478 1075110 7774512	
731 6 6647812 994473	
688 858 3174394 8052043	
28 176 1200400 7537439	
169 971 9143491 719958	
973 922 2198454 5718708	
915 678 6663920 3077899	
863 27 5116233 3445847	
828 670 4032529 5652061	
731 115 3611207 7344238	
965 511 440553 7247934	
844 88 6691912 1765698	
360 331 141080 8860886	
946 671 3325943 6016008	
381 484 4622921 3142209	
652 554 6501850 372296	
738 178 377314 8034373	
5 189 6161421 3555584	
378 829 8024877 3948872	
99 404 3375492 7017054	
395 614 4107518 3225060	
845 683 3135821 5902067	
802 534 8719775 195014	
400 96 2079451 5360761	
453 83 3609738 8258391	
531 613 9107811 1409721	
666 481 3411622 7383046	
198 761 7256395 2500679	
133 333 2580257 7384604	
919 355 7386976 2030364	
508 455 3502423 8310292	
107 347 3310640 5996833	
672 586 2845071 5572001	
347 682 6851112 3194969	
29 664 3747968 6968848	
834 390 5666989 3211641	
365 366 8381665 2018983	
501 72 2914005 8345622	
737 631 4158279 6357371	
152 364 9491872 3795216	
557 992 1432269 4467715	
871 897 3440712 5906887	
574 597 3972781 8351915	
243 807 8732932 1503576	
703 987 2017408 5668038	
457 836 3795969 4927235	
741 814 3987255 7883537	
241 646 3490633 7437577	
834 912 4053552 6808178	
623 45 7624390 1763824	
203 354 6701272 2883032	
954 426 7320739 4294844	
26 369 3540669 7550412	
282 924 5446602 7424900	
583 315 6860026 4399792	
103 386 5921079 5694427	
718 190 7772561 3886789	
803 555 4560736 6212507	
438 550 5730942 3339726	
562 561 6677864 6190539	
995 55 8742034 733391	
310 82 6712111 5865370	
119 303 4663296 5905189	
439 369 8042203 1698160	
148 49 2304467 7677315	
273 660 2949601 7115937	
695 374 5982229 7105660	
984 355 5957828 7234886	
144 908 7008530 2886213	
565 750 3127245 7284059	
678 700 3261094 5348215	
635 49 7996562 955180	
837 965 324137 8810705	
391 825 1341077 6648017	
492 473 8217910 5235044	
739 117 5095262 5135071	
20 36 4732269 5490329	
732 836 913663 8458892	
936 175 2166605 9781518	
715 266 5712599 2058879	
654 764 5014079 4782859	
248 965 5147274 6978595	
104 173 7104365 2827396	
716 561 9100070 149389	
907 177 2666145 5390710	
761 510 9506083 1856556	
471 726 3188482 9509116	
58 139 3167701 4398624	
800 436 6268071 4118099	
766 953 5875984 6663602	
152 560 2033169 8495364	
955 464 3896767 4833890	
606 71 605230 4776436	
599 537 1931170 8804135	
514 374 5797927 4819765	
362 610 2242328 8354340	
316 170 1939908 7113536	
190 909 5534187 1383265	
647 904 2569920 5296198	
926 227 9137170 2694477	
782 296 4634746 7105149	
553 653 7590064 3248770	
400 445 3229945 8479821	
372 153 5838489 7360545	
398 126 3080102 7499992	
438 777 6894330 3623618	
960 926 5626228 3290718	
819 853 2489728 9444214	
381 78 6360012 694457	
777 467 6764364 3095343	
198 952 8512728 1699890	
849 138 4956056 3335579	
42 412 8389775 3557768	
859 681 5266216 7899789	
244 418 4912290 3452377	
330 832 3742749 9593829	
611 577 3310390 4325062	
393 398 4076367 6546709	
36 578 9106413 1911253	
304 363 4271369 2866293	
488 796 144649 9255292	
843 577 6410078 3850689	
787 711 6059943 3789748	
457 432 5934962 523332	
992 144 9485025 2765697	
738 160 3926660 6214098	
622 747 2415917 7582454	
975 236 1355820 8118892	
991 633 3214465 6915920	
823 676 4843408 4560160	
824 489 1505036 9765581	
798 906 363926 9017573	
968 46 9379384 1925953	
243 262 5831284 5192945	
454 308 6219420 3846548	
575 127 2944026 4965246	
409 521 7320694 4196732	
155 167 4971483 5455129	
272 447 4489024 5951383	
850 111 220125 8320008	
588 169 4258480 5808065	
433 63 7522754 5413460	
219 301 9403483 1785551	
268 376 456300 8164292	
103 175 3329743 5102925	
375 714 4881180 3765079	
911 306 5023744 2719119	
818 27 4439826 5782004	
758 197 5853736 7224046	
569 845 8492511 583109	
880 330 6270532 6773037	
428 457 3722015 5811595	
651 23 3348993 6673097	
337 243 5831700 4560582	
520 665 3052344 4950098	
420 697 3708704 6722071	
547 753 6162288 2041295	
405 438 1220074 8665051	
973 34 7925300 1560632	
629 811 7729077 1053868	
891 30 4326195 5674129	
724 514 4652339 5404999	
433 208 3336952 5682355	
205 73 3390403 5165174	
73 24 7826121 1967411	
585 864 2682980 7341453	
567 147 9707967 2370070	
401 829 6378030 3575606	
764 241 708705 9835694	
450 974 6648007 1663473	
53 756 8586981 2303877	
865 268 7319521 2295593	
449 346 397178 9378516	
161 527 9540085 1313321	
438 668 2337338 9102432	
237 507 271221 9021127	
485 547 5023057 4711741	
425 408 663219 8078604	
799 666 413719 7190875	
64 725 5432995 3644099	
294 276 6681801 1907898	
745 433 6118068 3666069	
926 620 7439386 1372294	
351 247 9225678 2713282	
526 173 4128532 7051688	
210 852 2330801 7332167	
999 82 3529528 5403847	
251 794 686745 9979273	
311 627 6577245 2809159	
787 950 3023391 7367188	
984 904 6093131 3109144	
695 334 6202997 3635641	
916 388 7712395 2537805	
52 317 4538620 4887518	
221 523 9867460 227497	
1 217 5013579 4296903	
440 979 2149398 6746440	
486 595 3531739 7453790	
918 765 6437078 4049601	
727 556 5656331 5234728	
359 944 5377201 3771430	
787 778 6595691 814114	
546 335 6815107 2091468	
340 22 9874670 3095282	
60 161 3208554 5671891	
820 368 3412750 4471401	
320 337 138618 7466289	
434 504 4241965 3841223	
662 729 3556587 9490089	
137 964 6740622 1222125	
284 474 3084246 7494171	
586 335 3534532 6052830	
775 203 1182073 8594585	
221 106 2540073 8672934	
685 800 9774000 1072802	
102 10 6970878 3272579	
991 145 7295394 1662962	
868 417 8921496 4650417	
630 149 8870543 2436141	
188 592 3651254 7997439	
258 274 6830921 1707452	
362 388 3637914 9575208	
238 630 6757244 3191472	
355 262 7598739 1529788	
433 713 459744 8084435	
348 350 5677015 6011854	
765 805 6015042 2900869	
69 670 5925017 4305602	
659 74 3777124 7708285	
585 463 2522288 6460811	
428 443 5857577 4814653	
935 76 4139603 3420654	
376 399 2085711 9123215	
960 783 3157729 5438402	
889 959 8469722 1507923	
974 421 7459238 1293184	
87 210 7381760 4603253	
451 721 7033917 6421927	
634 943 5705265 4275929	
737 819 631726 8800882	
213 158 7017641 1011464	
918 468 6564772 3217811	
710 380 4996737 4669597	
330 121 714836 9057644	
650 45 3026776 7256775	
923 194 243444 9940535	
549 462 4617457 3936005	
607 508 8021972 1314256	
852 205 2643559 4047300	
943 94 3448173 7242387	
856 114 656211 7473614	
91 324 7964740 624205	
569 512 1992038 5750922	
677 592 1088103 7253222	
762 602 2398464 6066530	
381 549 5955505 2813261	
552 508 4537741 4769249	
329 279 665786 7388101	
748 869 7529115 3757308	
105 638 4716236 8571413	
855 411 9655006 2807824	
40 382 8762081 3577754	
31 470 9330746 1029281	
688 655 9495028 2052379	
564 5 3038636 7716732	
880 855 4184443 4103101	
402 232 3203973 8662726	
478 892 6501263 4653758	
50 668 7171752 2877622	
55 391 7187248 1011526	
741 19 7291099 172190	
7 416 1746878 4524896	
103 39 3504180 4452450	
237 925 1167863 6672686	
670 243 6978124 3406144	
439 234 7638966 2491798	
537 77 452244 9927881	
186 452 9117757 372768	
69 974 2590292 6222520	
466 25 8162234 3470804	
122 521 3667751 3728552	
69 214 4847075 6149550	
437 814 1268986 9180168	
213 619 2721349 7110568	
920 3 6850548 3927533	
136 584 8269653 3766616	
317 870 6404743 4445864	
911 672 477463 9948813	
412 312 8869658 2773294	
658 204 7562280 3963515	
243 500 3609912 8449765	
399 227 8464399 4017910	
963 571 7659246 2584947	
306 203 5008729 4691247	
959 674 7366379 4658746	
717 97 5072229 5926336	
519 329 4247785 3356620	
351 550 7918442 2831201	
856 107 3042580 8575657	
347 275 6288812 3443697	
600 817 2707851 9577858	
379 871 3154804 6267714	
868 516 346052 7261483	
860 794 5479182 6349973	
963 876 7193667 655769	
398 287 8916700 2196616	
287 659 5476770 5507905	
41 746 177332 8056375	
510 316 6152889 6531884	
530 87 8987206 3799810	
232 10 1711104 8156504	
735 389 7748849 2578510	
298 692 742394 9312785	
666 318 948947 6664913	
734 209 4295943 6664841	
988 533 9986138 994221	
760 781 7403158 1156206	
770 593 7855554 1703642	
668 674 5280403 4871966	
240 667 5163955 6371883	
462 227 2562793 7372035	
731 688 7073480 3971781	
991 989 4179144 5985222	
613 481 4606723 2817549	
14 141 5026617 5706805	
917 744 3278020 3070272	
30 955 2952541 6964511	
600 766 1470180 8284664	
965 637 1235779 9329268	
855 147 6423772 3596313	
771 430 3719142 5994908	
646 849 1018452 7900287	
803 577 2048887 7140595	
691 387 4597973 6539807	
393 342 6304289 5566586	
457 28 7562868 11220	
379 6 968196 4685394	
333 487 8960896 3879257	
492 498 2736547 8012224	
29 681 3390835 6444965	
375 51 3175331 5343251	
448 787 1597517 7073496	
748 76 7329286 4512346	
707 10 8342326 1029106	
653 284 5564167 2299212	
722 181 987143 6808054	
989 908 9115082 2260834	
811 582 7990091 1813654	
591 787 5061419 3820607	
34 94 6630847 5250639	
876 969 5244239 2143510	
590 154 970375 8814410	
739 455 1731996 6796751	
458 792 4315886 6395244	
686 665 1949188 9268435	
566 410 1154608 8428508	
410 244 5670985 623252	
269 827 5371734 4216032	
916 814 7731462 2668656	
540 623 6623418 3361230	
39 423 5203753 6429614	
333 677 8357148 922750	
682 463 2482322 8801208	
794 373 7326174 2474609	
421 41 4405648 7118759	
569 917 3412709 5589079	
126 886 7999092 740655	
283 795 5911370 4971027	
163 124 4538840 6466402	
373 469 3853483 6511807	
310 428 8236292 2420843	
841 43 9910488 1777140	
954 374 4632798 3761954	
184 761 4750705 4012226	
331 50 5486687 5641384	
694 906 2049488 7011483	
507 351 3815848 8049302	
576 849 9454044 1336654	
607 710 8976922 2971139	
815 771 8797600 838385	
253 398 113539 9369093	
570 830 6165948 4060922	
572 966 868233 9368817	
901 372 7783077 4658852	
153 821 3611603 5799356	
40 103 3249114 6254656	
253 420 4082622 3800764	
12 21 7913000 6195665	
214 74 6007237 4182894	
397 301 8794772 922223	
439 887 5394559 7880821	
152 257 6702928 5133496	
567 942 7161544 4952750	
963 959 4992864 2344438	
431 419 8624937 2430038	
338 108 3001067 3309722	
191 999 8322553 2517205	
674 231 7946135 2785968	
589 557 9292169 1619516	
926 406 8667218 1708833	
638 820 2531200 6460234	
38 221 3431382 8819932	
138 451 4288222 4099756	
244 849 3000778 5056233	
368 712 1205561 7824809	
511 759 7789842 4377315	
973 708 5510612 4039797	
807 742 939005 8038190	
514 980 1262762 8783453	
693 668 3492928 5760548	
433 125 1953834 4405856	
658 625 9284613 1182452	
203 954 4076483 4098181	
5 852 3378822 6618470	
241 652 6690319 994012	
607 214 6589593 8706660	
763 312 5920476 1073006	
753 763 2950 9165143	
133 246 3935492 5780381	
423 350 8758955 3831579	
424 423 7162275 5210110	
761 78 192725 7310750	
838 472 5137949 3751693	
241 910 4343845 6015279	
349 739 8804639 480013	
947 626 6729191 2392937	
441 990 3406639 4747152	
739 850 8169105 1886169	
108 482 1164288 8188382	
538 916 6554660 4364609	
301 310 2478214 5796713	
860 838 6857636 3200060	
924 111 8139414 1383918	
808 802 5323353 1465088	
28 431 6562499 1059529	
113 162 9548950 2512528	
314 358 3604424 4861530	
519 112 2428491 5333278	
237 257 5283904 2783106	
741 852 5663941 3722658	
939 811 9272791 1137021	
453 317 5848140 5244373	
39 911 7279880 4268080	
301 223 3154998 7200930	
794 301 4898978 5967180	
721 545 7725592 5647596	
502 331 7837265 3192426	
418 249 8863185 1400147	
66 604 6439905 5761081	
736 509 1942550 8556976	
557 765 5099980 5183775	
771 493 1226681 5646127	
257 216 6054629 7027617	
26 162 3470608 3820078	
63 65 7307019 2449227	
583 519 6081857 4159440	
438 185 3444666 6557133	
286 156 6365358 2595981	
3 883 6151590 5780440	
155 968 7851408 6080639	
706 277 8573262 1138782	
341 414 9445436 292107	
53 178 5585320 5405407	
228 766 9089589 7472	
213 964 6765196 1850294	
916 378 1703412 6537977	
967 629 3757082 4896381	
210 120 4687099 5184254	
350 1 8341459 3510013	
392 756 5991157 800473	
526 862 63373 7981987	
549 278 8930016 2456199	
944 574 3272180 6875642	
925 833 4200011 2529527	
4 605 7588493 236336	
790 227 3438756 6526815	
563 308 7300669 1431580	
641 662 9530383 1641957	
391 150 2035319 7537188	
102 761 4416627 6979585	
270 594 2591366 5532344	
757 694 4486124 6847679	
840 759 6427945 4894296	
308 638 3481107 8723201	
430 41 3432743 7939340	
837 683 1190706 9932530	
46 887 6552568 2225357	
707 736 8514273 770417	
423 1 3711886 5697440	
563 908 4509067 6267426	
551 346 2965976 9079921	
215 427 6151992 2066634	
343 470 8206205 990606	
693 47 2034441 8214680	
196 804 2239523 6433526	
617 590 4749504 4451857	
53 838 4327019 3696185	
122 252 3150532 2277652	
162 233 3590288 6642781	
972 966 1598629 9979819	
173 258 4659380 4698067	
189 273 9217449 191960	
374 186 9571405 721999	
431 794 8136180 3433189	
865 618 4548844 5573389	
655 654 8732894 3343256	
192 52 7751608 2032325	
38 912 6041681 5196331	
505 407 8158077 2910233	
11 352 4799374 4857326	
642 631 3071192 6497022	
266 779 5161829 8327708	
582 932 7179567 4284197	
11 326 3016950 5236044	
648 703 4973212 8407814	
348 95 6938807 62294	
443 678 6180760 6499527	
614 929 7780118 4989047	
987 421 4756600 3160020	
678 967 4159907 6379926	
708 795 9958276 2711081	
729 153 9576783 850499	
951 704 944414 6631554	
808 820 6100105 5898211	
473 974 1918910 6307849	
419 48 3069657 9392026	
915 974 6412769 4158668	
849 471 8367419 2349055	
626 209 4281079 5648576	
492 891 4080601 5687373	
312 885 3208035 6191911	
286 87 3325550 7844263	
902 206 6046134 3945322	
626 912 7718677 4993010	
720 911 3722364 5211475	
511 945 8497315 2976065	
497 443 2998483 6864674	
441 639 6633069 2137351	
37 935 9918630 104335	
604 204 4695544 5193899	
358 126 5019312 6320808	
175 195 6723010 4817824	
965 205 7411522 591522	
136 106 5344846 3133262	
486 551 6732734 5079195	
884 94 6239564 5176101	
288 293 7369075 3701752	
47 329 2908676 7923187	
856 634 8509772 1876408	
318 371 2580232 8880991	
641 936 1578500 7816217	
874 404 8687086 1880774	
798 594 8963853 2920754	
878 98 8523856 967067	
776 885 7192419 3250314	
863 408 5036824 4681156	
937 61 2251454 7233467	
334 600 1137974 8467798	
518 145 7582580 4730153	
753 362 2691708 8287651	
38 99 4207331 26512	
186 965 7535467 2626875	
900 221 4907609 3166690	
272 33 8482405 1198911	
362 914 1784574 7900592	
860 626 7711090 3608311	
196 278 7706534 2118905	
618 73 9109907 1163695	
371 232 1517161 6849078	
119 104 6265933 3315782	
821 315 1597658 7427686	
477 699 7107461 3032234	
882 612 121322 7855156	
366 230 8513517 43463	
333 738 2188422 6721080	
341 348 498715 5530535	
23 200 3168958 7662798	
753 402 2246632 8261179	
986 981 7380744 1612026	
186 987 8331154 3216235	
575 672 285239 9909735	
242 701 2444341 9628147	
584 24 4409803 4163385	
772 46 7427058 4133687	
575 370 8118915 4362022	
33 923 3329957 5808199	
589 959 7298488 3685027	
124 139 2303090 7927899	
239 888 4146372 4233847	
29 859 7541776 4004273	
712 975 5179358 5928554	
950 37 2453510 8908991	
588 615 9148131 1044947	
236 373 3843329 8010990	
469 391 3293313 8026200	
65 557 7765465 983768	
359 973 5165276 5471437	
266 103 2373354 4633878	
401 612 8981057 1128470	
70 347 8101132 3275042	
40 380 2620338 4067567	
341 853 82033 8038694	
959 149 5710479 1329323	
855 709 9503453 2070829	
147 169 1817947 8227963	
480 988 6747878 5800997	
259 68 8958086 1594090	
692 953 5394890 6180304	
76 972 6699847 3704729	
753 401 7476692 5846842	
173 505 8759919 445559	
948 936 1014567 7702397	
131 342 390444 9022680	
789 858 4928547 3040060	
511 128 7132276 1130169	
724 741 8458432 2772301	
579 574 459115 7874989	
921 816 9790835 272866	
224 660 7950349 1873616	
937 688 7146926 4517297	
826 39 5240266 1608657	
650 991 5424652 3595444	
885 863 4963128 4040226	
638 120 2079358 7475613	
61 474 8070793 4110596	
328 273 3226166 9069991	
902 602 1177022 7597999	
598 647 5149189 2510439	
966 25 9389597 1208009	
220 793 5294639 5856511	
190 856 2855503 6695525	
452 801 6633581 2941963	
355 29 3966650 6990175	
360 210 4479681 5523489	
278 831 3730955 4537877	
930 280 2056575 6662798	
801 786 4410869 5601749	
858 527 5146493 2194493	
76 530 8935120 4436163	
965 237 2092640 9900844	
646 842 8358744 1853234	
563 17 1515195 8660300	
757 420 1759818 6925237	
709 291 9342406 899673	
957 512 4528262 4690813	
255 66 2066355 7768915	
504 75 1939119 8726266	
745 216 6455807 4829224	
295 668 7316508 4493987	
763 996 7424785 2874211	
70 922 2569440 8266556	
33 486 8359788 907724	
376 43 2989451 9507635	
681 197 8815332 2227641	
389 470 7244428 3031816	
365 125 1237348 8526670	
998 535 4265071 4423791	
579 117 5693248 5215868	
707 640 5658646 4621867	
379 551 4454066 8847581	
805 298 6247307 719424	
879 947 7211443 4302845	
947 105 4420881 6583708	
401 360 5189966 9749794	
753 593 5508144 3032121	
807 50 1882046 8492074	
296 723 5722577 4098749	
664 233 6916460 2128628	
366 672 5212576 4077239	
72 452 9025405 2122510	
224 496 2503171 3144825	
681 412 7521202 2162989	
141 190 6079590 3945415	
188 985 4349077 4241136	
413 627 6955867 1966150	
808 441 117964 9690920	
680 902 5118268 4342063	
606 856 4134775 4486597	
322 606 3679134 6961747	
289 102 1479333 5826535	
429 657 7518868 1391026	
49 748 5847834 4629191	
348 415 8499305 3616771	
302 748 5281983 5982507	
72 915 1897428 9913795	
725 750 1413435 8469843	
819 254 2009662 5606336	
817 476 6342178 3151551	
989 333 8036936 2949601	
327 681 3052806 4531434	
296 407 3728349 5648214	
274 810 3013733 6821763	
323 136 562025 8574552	
967 640 4154824 7757238	
874 129 7851988 2697072	
382 870 878583 9882406	
530 298 3843720 6173204	
475 825 3253612 5700155	
507 680 5461329 3594926	
571 189 2666026 6752678	
509 780 5181578 5686151	
699 960 4321761 3433180	
525 896 2024771 5170822	
884 627 9662983 2105792	
647 335 5699761 2352601	
739 881 8036843 3459633	
860 909 8582019 1364556	
334 90 1367782 6743016	
393 615 8704620 5669499	
265 108 8026645 2904682	
679 908 5365620 7601509	
29 969 7476833 1503041	
191 616 9106071 914795	
318 456 3960466 6171150	
394 65 7371029 3629882	
580 511 1889472 9270592	
885 686 6867277 721187	
281 25 5945455 4280279	
298 4 7665017 3322323	
598 548 7503397 3775968	
944 609 2212971 5721603	
903 98 2187337 7970779	
266 449 2141530 5985108	
292 296 7887335 696307	
77 530 3932625 9197255	
552 808 1170013 7040854	
269 913 5238080 4614116	
476 137 8886502 4454507	
131 704 2106845 9292699	
100 607 9515088 850745	
662 586 4531680 5754697	
505 603 9038669 2931060	
329 349 8611647 1298489	
109 861 8799340 3168304	
470 758 2124567 8697170	
930 988 7109606 4768655	
222 71 3371946 6476271	
216 149 336233 9557177	
146 460 3599554 6266967	
906 281 4379627 6378064	
937 661 2085516 5103579	
887 70 5710795 5502950	
525 147 7377345 4378445	
644 361 6482709 5797752	
576 227 6749083 3919878	
945 631 5990202 2273194	
944 595 1518674 8828027	
430 656 758908 6949422	
861 929 1006586 8975999	
532 526 6847610 5997783	
752 368 6840647 1028540	
8 693 7279825 5260556	
381 839 6537805 3681368	
420 881 8724091 4382377	
681 487 8106689 3049231	
359 233 5972554 3406667	
17 648 1703365 5784837	
823 277 4466626 3417496	
803 187 2959877 8860771	
155 945 7072185 2838371	
422 246 740748 9798092	
139 108 653081 9867862	
49 884 9019528 3159947	
432 795 813605 6654651	
633 422 2175781 9435191	
241 615 2143248 7120443	
495 734 1534160 8683736	
262 599 7923192 130672	
164 193 7821577 2831698	
286 136 8143766 556206	
920 413 4851973 6264951	
457 430 8462895 4058651	
188 501 7441554 2227593	
150 402 1512348 8757462	
327 993 6573216 3934100	
598 819 4349848 2921691	
647 304 6072125 7291690	
921 943 5563178 3036957	
408 52 7613273 3871759	
919 949 3327157 6098143	
393 297 8003331 4202525	
123 924 9240759 2711994	
198 384 7480296 3852178	
827 271 5811980 6697571	
702 769 4510652 6132893	
546 968 5182691 4265870	
353 951 5004486 5919646	
105 236 8023407 644677	
760 370 6817037 3680617	
884 791 6444559 3919019	
810 948 5967024 5391997	
67 103 3798364 6899393	
979 753 2826471 5492354	
556 713 515238 9411013	
772 108 2805645 5630529	
218 982 3683328 6849587	
223 390 9993265 59324	
388 359 2135122 9354281	
266 632 6416767 2114356	
194 587 706106 9689026	
300 28 9546695 2861507	
69 122 6012201 1415677	
727 377 6832233 2589850	
10 357 7167347 2871081	
331 564 4934195 5133857	
521 197 5057286 6048104	
351 161 5892253 5070504	
918 920 201744 8502493	
813 331 6350781 1946725	
628 256 4209049 4901745	
156 339 4844551 4751922	
406 67 5797644 6196221	
509 48 5349197 6995097	
937 86 7483702 4584408	
20 14 3931562 4031042	
100 683 8938970 5056798	
480 944 6339754 4924518	
294 742 9672805 466474	
125 512 5477420 3239207	
644 339 7539606 2162516	
883 814 2048085 8670654	
521 54 8113133 3724757	
560 6 8260094 4629289	
814 463 5920893 6377635	
369 992 530104 7254947	
602 519 9299805 2166249	
38 413 8340340 4601018	
406 308 6419047 5129323	
174 515 3909084 5745578	
977 942 7223598 2079823	
956 949 6878345 5296038	
689 135 6609532 5133664	
268 970 9150485 1512832	
912 352 3519908 4524180	
279 963 4757360 6679353	
462 318 3942380 4018759	
148 791 9175546 1597834	
55 18 1087033 7033515	
944 931 8045713 3979998	
980 304 4545453 4345358	
114 987 3922937 4977758	
627 652 7775646 1945168	
799 746 3707510 6300307	
316 625 2366078 4509854	
151 580 3262904 7617396	
890 100 5142163 8742841	
254 673 4618979 6536939	
906 403 4391834 8354932	
736 238 5413513 5411360	
796 67 3542677 8158918	
148 607 4542169 7611188	
354 25 8209496 1234799	
194 872 4913303 3975753	
994 745 8763319 4472391	
545 501 8855967 2988183	
740 959 1430377 7981751	
423 192 9226802 19331	
594 357 2557480 9254661	
431 108 5995055 3662463	
999 873 8144109 197468	
114 464 7293820 743953	
352 957 2468539 7715481	
534 403 6492469 4997578	
147 514 7173038 862882	
793 11 3609713 4589596	
181 67 6739808 6481776	
736 322 3902059 5547977	
367 34 6066444 4139115	
293 159 3253639 4922499	
161 926 6411440 2212725	
815 691 5253114 6351336	
286 704 6463127 4344801	
496 683 1555699 9035514	
439 472 5564719 2257620	
471 483 5788810 4855611	
925 220 9649035 743405	
454 963 3343450 6839779	
698 314 6277092 1744729	
867 762 3256898 8582455	
156 7 1064385 8640115	
222 388 2128336 8123031	
93 316 2574285 8894028	
166 976 4162488 5784379	
660 262 3939569 8897503	
15 740 3229925 7823529	
813 566 8962584 1981320	
759 444 2705527 6647734	
703 636 5939034 4062597	
525 574 5453710 4752877	
699 828 1810081 5696343	
203 184 7600933 2336758	
246 770 4134308 6982419	
508 841 6890905 4645167	
548 766 8046664 4972860	
37 457 8572521 3020127	
178 114 1385994 6760646	
972 264 1185403 8465108	
31 532 6256343 4322534	
995 666 372272 9307176	
716 723 7046457 2747251	
579 212 676886 5773535	
393 517 6118601 4011546	
313 460 2993566 6137736	
247 985 1212866 9435062	
103 87 1245837 7039297	
321 337 3398345 6925226	
105 208 2749557 6481253	
143 448 976469 7251979	
35 469 4128627 7976999	
665 368 6669894 6889331	
41 197 1858190 7704044	
358 206 8321992 1557315	
700 525 1615627 6527133	
901 408 6859682 3146209	
795 194 7920627 1930070	
811 528 4499778 4441740	
465 445 9488823 537485	
518 262 1309686 9995579	
980 246 4449265 8646192	
863 681 5548739 3760281	
892 887 3053009 8776693	
713 335 9737234 644879	
543 848 2228754 8588280	
411 113 158349 8999696	
940 717 8671733 652916	
82 537 7160135 4545721	
857 863 3096881 9985207	
389 474 4077361 6947383	
556 508 2564424 8229853	
194 76 1101655 9371347	
966 810 7308121 1162333	
717 135 9817351 870326	
257 597 4348561 6569333	
227 944 7936387 5069975	
713 419 827903 9376022	
966 165 5942534 2501560	
544 661 8294156 979788	
53 185 4140702 5005267	
719 559 3385786 7414693	
292 944 4053201 3088686	
262 100 4354776 6331344	
463 216 4264170 1525021	
448 939 1730389 8824035	
412 875 4385847 6954977	
228 703 4783538 6515557	
413 833 6643443 6383212	
810 196 6184835 2962575	
669 849 7385867 5702902	
746 383 4197431 8173043	
466 655 2184459 7443579	
50 246 7023283 4945184	
461 453 1321572 6176540	
855 940 6390061 5568585	
842 111 7788603 3047055	
868 58 2017073 9549091	
566 66 3981143 8127627	
391 161 5145111 6129298	
727 274 9916833 1360433	
22 181 7254653 2377711	
164 315 5287872 3400662	
228 708 5273986 3130958	
759 110 6448862 8696907	
853 696 6639370 4550102	
577 577 3620508 4548901	
292 590 273920 8408385	
841 957 6762705 3127144	
495 448 3865092 8030005	
20 451 1811513 6531271	
189 189 5134685 5225503	
714 302 879034 8952741	
701 690 1154903 9556459	
887 414 518810 9419604	
549 124 5509757 8173773	
914 167 5290874 9292428	
539 535 762053 7902908	
380 90 6546247 3560594	
435 433 3306547 8053373	
60 688 5560774 3838592	
416 812 7725243 3815905	
483 825 7827920 3020182	
415 845 4123730 4659880	
606 676 9535339 853696	
156 245 3157191 8473884	
600 517 3044615 8590077	
138 126 6354498 3150992	
487 251 4335543 1573036	
103 43 88706 8827587	
369 876 7108947 3979145	
520 772 2593143 5931287	
301 846 2137375 8574558	
473 317 8996637 3220989	
442 570 1616808 7205781	
885 553 3964845 5426243	
951 172 9211369 1783101	
436 928 7962371 1189634	
282 949 1846289 5530661	
655 631 3026988 8390125	
904 927 4003322 6061401	
624 653 9830253 2388515	
232 274 5066311 2000305	
439 308 7970591 1674798	
471 352 2607868 5855117	
79 796 3298377 4901345	
421 657 7856583 3361099	
625 604 5898497 5898729	
772 911 1549659 8626627	
820 634 8472732 1104294	
276 149 6138079 2758740	
809 212 7835755 2885485	
306 706 5046252 7401784	
537 304 2909412 4498944	
673 661 2315212 9872286	
670 553 8735462 4854084	
266 400 3815678 5902905	
113 37 6498313 4508326	
28 674 2613858 2297648	
141 957 4210714 9554348	
22 745 3061632 7281858	
953 844 6400651 2761184	
840 909 1637506 8180538	
950 212 5280135 2978682	
437 23 6037523 653708	
353 53 2571940 5544515	
504 417 6401259 5568753	
923 979 1140190 6952395	
916 948 2607312 9369313	
352 303 8826728 4141607	
381 773 6444694 3983292	
594 854 4590317 8249117	
347 885 8259831 5290736	
835 899 1032688 3751487	
466 314 9639101 1039250	
14 43 1753713 7982323	
349 410 8532992 3422954	
813 647 2517656 9331693	
144 607 8385812 694895	
823 931 8003835 2288193	
500 553 4852487 6934638	
136 530 7536237 1351921	
842 614 4070578 7003896	
971 54 5534221 5884114	
425 286 8445229 4092187	
96 884 6520759 6123041	
612 204 2818144 7376705	
633 186 2636452 7233099	
926 68 6877746 2607150	
643 939 6202795 5534023	
913 992 2420949 7239788	
220 602 3576919 5510892	
573 511 6935870 3269345	
202 845 829295 6214157	
153 674 1124657 9213002	
545 732 4110720 7517288	
376 501 3863799 8649361	
279 577 6413271 3462117	
749 308 2009819 9652613	
513 713 4437928 4411427	
501 310 5398305 2783990	
380 336 8124013 3947457	
767 226 2579077 7995389	
923 618 3350981 3846493	
149 546 2044764 7618251	
909 342 7789017 3490880	
399 532 6076628 5059727	
228 332 4347179 7506488	
25 991 4126489 7527185	
71 120 843393 9959510	
839 359 191942 7197433	
361 355 7155185 2616568	
58 641 1777467 7060721	
950 688 2701525 6857366	
331 337 3728010 5085131	
964 25 6497872 5423120	
278 528 7091266 3302160	
293 259 3911425 5648727	
405 967 1208435 8966562	
628 913 5494921 8064419	
13 126 3752936 7343269	
660 327 4598207 6658516	
636 836 7607494 3590551	
972 407 9868158 2012987	
806 419 1952647 7372656	
972 299 6708623 3888900	
405 858 6275518 3076078	
692 708 6459385 3845428	
738 938 7801206 2624821	
631 15 7129263 2334592	
480 999 2397955 6004516	
886 792 5420800 4025704	
30 341 5493438 5470219	
714 802 1224811 9665482	
455 167 4113745 6270876	
297 39 2608521 6610372	
120 344 7924787 1417490	
960 953 21011 8741238	
304 207 6750169 4824845	
278 564 8601143 3960879	
596 82 5637319 4174324	
509 726 3882201 8765477	
617 199 9988517 611236	
615 510 2512131 8517658	
675 200 9109189 572978	
627 281 2596335 3861804	
287 489 3956311 5606667	
528 768 9564045 2654633	
103 260 5458608 7207921	
890 152 6552615 2501985	
674 168 2856912 5437841	
462 930 3298221 1112916	
664 256 4325223 6391476	
547 159 7392102 5607507	
562 904 4215210 3289883	
514 432 5361582 2548490	
703 330 4788925 5254568	
26 861 2312818 5030611	
404 357 6965391 3872475	
583 173 1777117 7559086	
312 985 8377208 3374354	
827 962 5721408 5801145	
679 588 4544907 6689949	
613 102 4937078 4767344	
95 373 7031874 4247196	
254 261 762127 9253949	
366 175 5763017 3928847	
497 517 6585945 3497086	
678 463 3774004 7763347	
712 63 1911857 7582536	
832 961 871944 7170436	
519 107 5748162 4010862	
374 173 4430078 5910119	
559 149 2974685 7203868	
683 638 6252808 2854889	
412 954 3620635 7293718	
642 762 4104616 6202803	
712 709 9151900 25885	
329 598 2054990 7286665	
382 44 9942860 1687701	
288 72 6049778 4918761	
493 839 2629055 4877702	
336 752 6642915 5414970	
711 980 1316 7170436	
524 402 1967941 4958108	
438 511 3004856 5516243	
822 251 4044179 5212098	
759 983 7423696 4023671	
346 123 4032758 6551124	
33 124 6560124 1382287	
452 304 2596111 6999076	
498 343 6909695 2856912	
832 315 8959347 1907563	
612 16 4197254 3081338	
796 538 4764061 3446804	
883 902 9576857 4008844	
328 14 2254878 7337768	
878 587 8866052 639638	
108 574 417598 9296995	
710 276 7300894 1898249	
637 868 9501427 2566265	
780 879 3587318 3334194	
796 793 1698568 8874036	
748 835 2140682 6895599	
655 290 1147437 7424256	
703 770 5143006 3488540	
126 445 170204 8752025	
303 700 2682481 6505566	
84 400 5876234 3182389	
215 146 8360066 2195736	
930 574 7072479 3091798	
511 249 8443552 2094106	
156 347 5686194 3449297	
828 679 4754390 5390824	
384 430 6225010 4258391	
994 895 2959061 4256318	
519 805 9195435 1823662	
502 113 2324254 8474137	
103 325 3997454 7535292	
708 142 3158367 7554611	
693 726 7440366 489741	
856 140 1777209 8310056	
122 108 5201878 2776211	
80 153 8228559 818155	
759 654 4253214 7621138	
329 303 2165549 5640319	
522 713 7060106 3254079	
793 367 7988060 1579285	
189 179 4341561 3882737	
733 504 7646151 2565140	
756 470 6892742 1177918	
812 887 2256583 6960408	
980 336 4671846 7545620	
956 30 7221626 1292266	
947 110 5910992 5677386	
486 669 2729007 6720966	
510 24 3906901 7314540	
756 203 608397 5032051	
698 672 8579587 4684055	
848 737 2981567 7494556	
743 752 9101640 1004715	
887 58 6568048 3522252	
199 741 1935967 8236607	
439 959 7369818 3010385	
748 293 5453742 2874709	
27 644 5165837 7177677	
670 708 8563953 3655197	
262 122 5307757 5773541	
636 38 8384939 2468615	
223 867 2958525 9777354	
417 1 8050486 2174566	
721 298 4479748 2626624	
369 153 3818243 7582513	
837 963 2982486 3939104	
40 476 4787487 1817150	
624 785 6965106 2784329	
64 814 2564595 7984678	
210 15 7826212 1365874	
577 410 3428956 6905658	
619 105 4330231 4925204	
743 122 6588771 2398174	
506 117 3547028 6575846	
636 774 3609065 3017192	
646 805 5891488 4067380	
647 486 5794722 6074196	
486 84 2145695 7211763	
757 756 4645443 4259118	
256 101 3589783 4268279	
556 563 1972923 4954845	
152 821 2226175 6482013	
595 692 3046597 7490190	
896 573 9511738 297961	
762 63 1469536 7094643	
509 741 6161080 985688	
661 875 7360932 4223649	
516 456 6931567 2804039	
600 968 6893547 3249741	
905 852 9318588 2592531	
688 916 3231165 5045984	
73 252 1135480 7999680	
710 27 4750714 5240051	
677 396 6049875 5862143	
892 603 3991187 5223169	
804 676 9487810 436613	
435 526 2802887 6256144	
69 176 1197380 8544592	
666 452 6104065 5127945	
354 205 8211611 556106	
7 726 5494027 5634859	
651 937 5229921 2225755	
490 386 5244356 4706320	
105 699 8000736 400583	
444 471 7817592 409099	
713 438 7615096 1068258	
102 245 5594487 1642936	
307 895 2296088 7499600	
309 813 5706342 4405907	
352 90 6341335 4138563	
204 49 1254089 6537512	
865 724 3094713 6889565	
749 726 8207026 4970014	
218 294 4429496 5721580	
241 224 6705242 5124673	
865 760 5914295 7279429	
465 204 1290344 6319387	
164 855 6322814 7506992	
41 225 653565 7818225	
198 256 1425599 5892838	
527 324 2228486 4582375	
249 96 8603279 1352881	
351 243 3506496 5345388	
875 557 9777376 3113834	
200 90 2157242 6921516	
823 558 525924 9116307	
550 945 5425086 3347355	
889 875 52933 9208240	
182 113 3282213 7943646	
684 415 4783035 5380433	
81 440 4959785 1682681	
704 684 2595102 7408052	
919 467 5916127 5514882	
496 980 6053669 4290331	
375 892 6989726 3906243	
737 236 3010276 7316486	
913 252 9009583 2890543	
977 923 3920511 6467001	
320 509 4760113 3077655	
419 966 8966125 1949384	
158 718 6742865 2705601	
552 104 6815175 3760417	
546 805 5129705 4529673	
692 771 7193449 2827418	
157 989 6337279 2615970	
459 115 6980641 2802047	
63 370 2365213 5676991	
28 427 5027789 5612467	
138 716 208570 7001931	
526 945 9280014 1456133	
41 551 5973948 4843259	
328 643 6531939 486395	
404 224 8543865 5124891	
88 377 5686770 3990717	
772 763 6428803 2777944	
293 520 793985 9304383	
971 967 9836724 1383031	
774 988 3968138 2832248	
85 359 2485620 8017213	
118 393 3745322 5721218	
900 358 5386692 2642169	
134 912 4184105 4875058	
758 246 1776730 6971170	
603 340 7030026 2035606	
987 292 8314123 2077664	
319 711 3632990 4244239	
719 707 7368857 1162609	
34 831 7039578 6003688	
723 926 1786608 6409590	
309 5 6397109 2912788	
51 98 6058966 5298372	
420 305 5559708 4340643	
682 539 9045075 3940292	
387 723 5893140 6318357	
111 375 2549203 5816975	
957 640 2142410 8822980	
741 519 3187705 5625820	
842 133 8941834 123532	
278 642 7304922 2717602	
785 811 2508154 7805962	
808 830 3995439 7528300	
137 983 4754768 7462499	
126 155 4632713 6464606	
414 204 4653761 8032783	
946 483 7803468 3314141	
984 435 5237488 5276139	
52 475 2705525 6243252	
397 361 7264584 2886515	
82 853 341578 7625311	
83 627 1776846 7752422	
648 720 1395335 8097006	
114 159 9558924 4244270	
671 911 3589135 8094692	
466 18 4458561 6252871	
353 99 3944031 5039904	
749 662 7968917 3536120	
28 670 6989261 2430666	
700 887 7434902 929918	
160 162 5503473 3347995	
817 170 8710787 699398	
180 421 5089734 5282526	
391 613 7327270 6099013	
427 480 8005448 5939161	
841 201 6872326 3104438	
450 580 6993368 1461176	
733 615 3999421 9584467	
71 673 7726973 5325804	
15 424 1739767 6958224	
144 208 5615880 4973654	
73 85 9324887 580831	
674 997 4541983 7248574	
957 787 9712795 2315079	
30 507 1460782 7473925	
690 892 6787868 385539	
303 908 7103240 1255641	
917 352 5132474 2137306	
492 894 6912530 872647	
311 282 8591763 76379	
53 322 9306178 4860068	
998 575 2571866 5966137	
554 423 378078 9630072	
24 251 8890731 1804462	
629 489 4335286 5045193	
277 66 6113051 1814846	
140 660 5840937 3313092	
614 737 5794583 5954424	
479 688 4999689 5290569	
898 47 3194273 9188558	
273 309 3630747 4560039	
514 982 7042614 1686283	
268 177 7128979 4735035	
505 32 1743952 5710593	
98 154 1882893 6831889	
854 719 1540725 9429628	
737 87 632159 7820190	
591 485 832721 9882046	
887 149 8883706 3471810	
334 47 7800170 477512	
226 210 8646700 1181213	
625 449 9635565 4390563	
463 696 4793120 5518676	
875 126 4964177 2037815	
388 865 5106602 6451184	
56 404 1885687 5350886	
661 463 5647021 5129116	
310 81 6077423 2462384	
901 289 3170345 5650569	
528 864 594823 7807564	
782 265 6807612 5070232	
531 726 8200190 1422094	
186 235 6648206 4574021	
922 458 4948815 2071508	
166 869 6294709 2341409	
873 5 4938504 4892129	
436 732 2449660 5237133	
54 503 2130235 7694979	
302 762 1034964 8862485	
670 258 9909686 1338033	
492 193 7061471 3551342	
142 324 9942107 2018038	
155 191 8904928 3320943	
207 722 7624989 2537920	
328 292 9964176 1890269	
382 823 6591250 2062603	
588 76 2076942 7194160	
566 859 4962438 2000840	
208 352 4208818 3753661	
230 55 9080734 2255177	
66 580 2953644 4374531	
70 422 1105887 8739387	
786 120 9856124 2537852	
243 799 3348050 7196837	
35 415 6617250 5428091	
283 360 3346800 5354461	
689 181 6983661 5051914	
570 408 4699547 4712480	
648 201 6793659 4643423	
832 974 8968729 1267739	
355 404 67892 9629673	
447 412 5157904 5800203	
742 441 8127535 1874506	
481 915 2908496 5829387	
186 153 8721583 1431651	
288 643 2742616 7093841	
225 931 6104727 1363273	
193 931 4175218 4174535	
277 163 1349200 9533534	
225 883 5719986 5588850	
283 673 2135161 5279917	
171 485 8110995 3080001	
271 311 4089966 4842141	
188 292 1841335 4519027	
80 601 617507 5705981	
77 614 8473615 2680236	
119 696 5953283 3575217	
885 112 4654955 8469096	
837 690 5550320 6823642	
904 668 5056545 3021003	
781 733 3981012 9357412	
260 409 4202656 4197736	
477 272 6135707 2395720	
247 806 9891973 3292198	
154 198 8981747 1818626	
295 850 4554618 7550097	
219 607 4625154 4391490	
907 375 7915253 2038924	
759 415 2479842 5099112	
249 781 4740355 4240297	
805 49 2777675 6375937	
92 546 1991059 9112079	
984 32 2075273 8902087	
670 91 7203533 3623230	
264 346 4254996 4507822	
652 854 2825104 6407327	
898 65 7282210 1773062	
797 627 3169407 2853246	
353 923 4039384 5603367	
104 504 7043176 3730944	
937 165 5069092 3761846	
183 178 3813630 6213575	
120 185 4243229 5680696	
378 569 6374728 4060061	
995 297 7131498 3472772	
644 249 6395008 6944174	
214 163 8798400 1233465	
558 478 4730152 2183560	
697 259 8178212 2261757	
887 153 7072704 2124573	
888 95 8397813 1678635	
44 409 5592010 6182997	
899 751 6385450 2131019	
399 176 7949291 2616722	
818 717 4392524 4064680	
879 465 9589421 1704850	
698 926 3552306 6127943	
462 802 4357250 2930072	
174 365 5789580 3610346	
228 767 530230 8447232	
475 610 4363523 5231737	
378 270 7830759 1725396	
596 180 367634 7680627	
193 845 6962717 3662749	
777 643 6557792 3700652	
266 948 1205743 7835561	
986 7 9898762 810179	
472 948 8842308 2746040	
60 30 5462172 2789740	
9 304 7067295 4398921	
269 772 7259251 2164971	
577 159 7897904 1066729	
572 826 4826813 6117585	
217 448 4276410 4441826	
539 446 2141259 7015269	
558 438 4859760 6919064	
933 984 8663966 3262800	
297 520 4454938 4705230	
264 863 6324322 3122312	
502 979 4278711 7389768	
176 563 7716354 2823348	
975 423 4357519 2768080	
421 5 8611411 2754481	
233 508 3117232 7280536	
286 18 3358917 4500126	
868 648 2066196 5980615	
771 531 5137294 3976845	
963 386 3872814 6218367	
546 508 8125105 1527300	
958 208 1472935 9610666	
644 657 2700495 8208403	
871 679 7744992 1908644	
189 403 7605060 4517051	
66 912 6793056 1939952	
915 655 8505933 3064566	
799 534 6874106 5280964	
168 440 5567667 1519779	
659 523 3139133 5543978	
77 585 8448941 1903807	
585 525 5597729 3420533	
75 218 3638484 5009129	
621 498 4654670 3550516	
562 42 2008683 6083077	
709 822 5375945 5591756	
474 973 2032651 4557013	
789 371 8152585 246831	
746 5 1296414 8820606	
267 329 6865545 2647200	
219 825 2251800 7648071	
394 993 2499024 7398146	
257 90 2977830 8551914	
456 158 6091255 3934686	
508 935 1966360 7666274	
731 152 7528613 2955922	
535 787 830670 7631666	
81 80 8987480 759405	
724 267 201887 8598902	
667 313 2303273 7509807	
785 487 9734977 2353376	
766 819 1356498 6380484	
356 899 7678567 4974752	
817 504 5543948 3231076	
737 364 3096068 5285758	
889 327 7357375 1523688	
509 66 6250916 3405847	
518 579 580468 8065219	
868 445 1239891 8010827	
415 415 4853805 6569132	
822 382 7435506 3898485	
911 370 9356193 1978845	
11 413 2240675 8566533	
131 373 2178670 6309079	
800 937 3496244 7123203	
758 490 2748746 4733657	
486 968 2969585 7599975	
7 447 1837916 7099978	
