707 910 3781124 7128057	
745 327 2749280 3884765	
66 405 768728 8298402	
205 27 7849377 1797492	
444 490 2190279 6558849	
275 517 3802093 6889733	
445 492 1833738 7728218	
253 798 3878740 6430615	
885 784 6222412 2281966	
766 519 6158709 4050816	
10 788 4855855 3342656	
92 995 2579469 6677738	
68 47 2385057 4863542	
740 216 4441045 4006247	
740 203 9290493 240707	
943 407 6907535 3802796	
898 244 7083970 818125	
243 430 3992195 5131530	
549 405 7678423 2237397	
725 942 5772982 2759852	
409 743 3431038 7531229	
575 12 3188328 5162522	
447 487 1781479 7935814	
532 602 2302178 7895894	
911 930 5928789 3183672	
503 177 5181557 2349293	
801 811 7232995 4180397	
82 452 7116511 4236342	
487 835 8180944 996249	
948 202 5333194 4653210	
210 238 9546494 2557180	
190 894 799262 5510411	
449 69 2907325 7710065	
348 874 6589041 371549	
788 165 204719 9708746	
647 703 325879 7277048	
703 642 5314042 4093469	
187 318 5078944 3312828	
893 83 5004054 3167493	
78 604 783204 9126442	
161 496 1537265 7581799	
404 73 3768962 7025970	
572 584 3301973 6991342	
641 387 5012293 3791604	
609 778 4354411 5495039	
655 558 6142756 2646917	
279 10 3425826 5870888	
665 819 1056895 9267965	
716 224 615474 9179348	
660 301 100924 9063004	
631 179 745380 6232976	
561 846 2439702 6565482	
57 167 3067605 4642756	
83 555 3350914 6402445	
257 907 3915496 7593747	
620 847 5719025 7936203	
335 32 1892860 5762103	
704 196 5170855 5595986	
998 227 8466668 3231036	
536 943 7925461 1209787	
222 345 4973167 4594349	
826 5 2782488 4826916	
29 522 9568360 808464	
758 618 3175407 7095150	
435 603 4409053 2955415	
148 744 8375978 3257635	
649 20 3788878 6238755	
8 142 7878812 2369828	
16 550 5652179 3854175	
582 632 3029749 8342414	
810 312 2085665 6285776	
573 573 3974053 6873888	
919 689 5993369 4598377	
736 109 3488254 7028079	
645 869 3728062 7557193	
219 319 9402301 285911	
367 91 6905599 1650730	
29 14 5515093 5766644	
539 724 5114366 2157603	
813 526 5434284 3392086	
586 812 6166863 3325826	
661 560 5374571 9242622	
533 770 6978625 990210	
20 796 8589041 4987088	
883 505 7439812 4217608	
923 736 9261490 2149649	
88 373 4970684 5943789	
643 987 3636273 3824597	
171 5 249054 9151121	
555 2 9728273 266264	
494 223 8079524 2987310	
496 94 3014403 5437509	
399 2 4028171 5559640	
129 419 9840953 1532908	
476 634 3131146 5374075	
860 473 3816744 7154176	
515 77 3265423 6099401	
684 596 9721876 263798	
748 719 6577666 3241020	
908 907 8434891 4309755	
891 689 2959919 7051773	
88 67 5066024 5865738	
594 145 6390496 7163766	
679 276 7620406 5081004	
364 928 3118390 7458302	
828 986 8656254 4003463	
716 388 1992057 4685428	
447 809 9604579 3060018	
288 90 3650272 9868429	
239 281 599959 9377566	
924 715 3569556 6144701	
591 219 2744665 4779206	
296 394 3437273 6498262	
351 615 3950863 5639138	
428 296 7080773 3562547	
309 169 7398372 2295844	
638 430 2025860 7874470	
868 817 3819791 9858989	
770 157 265487 7799660	
774 871 1872803 6453354	
281 113 8489286 2346093	
966 643 5033743 3112639	
695 918 4055985 4120743	
584 797 8860446 3795088	
178 236 2425557 6382969	
911 990 4606536 4147495	
483 504 8508329 790196	
588 749 3774862 3843336	
359 947 4584820 6053808	
696 966 432032 8677005	
527 259 4152119 5722161	
465 820 8145340 3104313	
762 689 8183913 3302408	
191 420 6550057 1518532	
203 169 7169883 2170003	
619 973 9043054 1852743	
959 435 7722492 1534001	
510 823 8502343 3110652	
306 137 3056414 6741795	
269 260 1719506 6334864	
187 289 635760 5551676	
590 634 5394578 6384936	
593 483 2195115 7356049	
803 916 4763133 7940087	
346 762 8489593 2532498	
172 512 4447217 6227889	
218 134 6898628 1755543	
774 856 4251405 7072832	
878 286 8501538 2149847	
686 19 7157286 4878706	
87 170 3149723 5007151	
107 309 8170798 2485024	
683 789 459088 8757789	
760 692 750925 8384444	
433 696 9564798 4486654	
379 598 3182427 4730910	
471 406 6877816 3637212	
301 604 2582366 7987833	
131 209 9167307 1835839	
281 329 6007319 3915201	
241 606 5184702 6148881	
399 796 4929131 4137829	
543 904 3570298 3874235	
573 480 6235838 5216942	
757 362 8255784 2260917	
513 215 2470607 7469142	
938 627 7130473 3312569	
179 155 6657917 4962853	
223 115 7905294 4896327	
663 29 3509319 5923813	
751 395 3515429 6616479	
223 989 7784739 3339017	
523 647 3742938 7556362	
601 455 2500421 8179458	
242 688 884088 8781482	
139 496 4575306 4426464	
728 157 9599101 1517038	
184 471 1782075 7662659	
315 950 4730202 5889531	
180 804 1876016 9105251	
754 110 4983640 6820928	
427 48 6347895 4442471	
554 993 8043477 2421790	
935 598 3299470 8373733	
335 674 4968583 5410997	
945 775 5885479 4650421	
746 240 7416095 1825458	
701 222 7300242 3266357	
730 823 8749310 2228567	
773 18 4904038 7625109	
429 2 7603646 2760205	
796 217 7007757 4458980	
818 402 8683056 535750	
770 966 9445950 3950077	
261 232 7541013 920220	
185 807 5251652 2606315	
490 733 2486407 7311180	
102 229 3225141 8514070	
227 449 3090787 7996439	
984 63 7591098 3189428	
499 594 2058084 9832352	
497 831 3092147 5142121	
987 757 2226350 9286227	
726 765 9854940 3194871	
182 591 4448924 5884925	
275 759 6208638 4958952	
888 183 6325656 234223	
450 224 4729284 6452558	
711 296 5027779 6294805	
351 415 3486975 7030691	
426 735 3879279 4379533	
988 536 8130073 2711888	
785 674 4707228 3871034	
701 632 4791894 7198436	
204 909 3433459 8551035	
44 62 5281613 5674155	
913 638 4798194 3953756	
4 107 1900039 8833274	
658 561 2467565 4880962	
886 109 5615114 4375870	
721 792 4837102 3937724	
433 391 3308994 8132759	
97 343 9948687 48380	
801 74 5219745 6024643	
915 674 7015260 4151902	
826 825 3830171 5786463	
822 154 7509982 4424114	
594 563 2315599 8070465	
835 77 6097889 4913889	
701 25 1710812 9794004	
400 275 1918623 6262200	
792 229 8365818 505090	
741 248 1590780 9376268	
833 812 5906653 3207914	
326 162 2123237 9039100	
359 333 6754308 6673264	
257 54 6828618 3924907	
390 733 3293243 9353634	
648 47 6729645 4267824	
35 287 2538728 6942504	
618 403 5037096 5051708	
815 504 7156891 5288132	
328 831 4305977 4385098	
644 687 6189603 6750661	
645 510 6879882 4007004	
959 53 8361874 3843	
362 931 4693483 5494121	
976 574 7524965 1905325	
597 818 7374225 4088149	
168 17 697208 7932134	
965 33 2745110 6158049	
76 942 6413048 7583541	
311 631 1159666 9425907	
300 819 2501322 3878013	
343 936 2259134 9689139	
46 744 1299795 8199293	
300 788 2017762 8361756	
908 725 4374773 5291045	
836 949 3767146 7236532	
714 889 9660939 1597477	
710 938 4334828 5447214	
39 481 3323343 6866543	
476 499 5116568 4640797	
760 6 6194840 5456514	
297 233 1522966 7128603	
387 436 2671834 7224512	
237 923 8082113 3493755	
140 947 3447597 5649543	
831 502 8663980 1291940	
776 263 2513931 7823734	
522 611 7356564 612545	
916 324 4093717 3917561	
608 239 5239741 6738585	
184 660 5412610 5229906	
655 964 7078254 951049	
851 537 6498654 5361039	
944 941 2180112 8125211	
776 672 865383 6271505	
433 837 5577620 1939150	
329 95 5783072 5345216	
845 646 4235235 6735037	
703 486 5693081 5682602	
10 420 8289592 1260874	
488 185 1704242 9394933	
244 712 3860255 5935966	
586 861 2824279 8015767	
653 753 3852271 7028813	
647 793 1914176 9594923	
469 164 6482458 5437703	
958 546 7355429 3383306	
156 300 9341139 2356713	
363 837 3798803 5811496	
861 179 6944137 7676600	
107 327 6120941 2240552	
939 292 1618367 7990176	
737 93 3808380 5026059	
684 516 5159054 5114219	
46 581 6103790 6471292	
134 765 4157858 1519393	
810 906 7965434 3255056	
759 968 5445282 3485663	
598 464 8555336 1427363	
172 498 7236046 1782179	
129 954 3533313 7577560	
461 137 7060437 4876866	
806 108 7320871 1132643	
675 279 4974399 4632116	
858 540 7634393 2289033	
7 116 3413684 8016549	
132 466 5869489 5709706	
679 198 805453 8401535	
22 198 2262916 5434346	
183 884 4419029 4238070	
191 676 4966701 7298670	
466 912 7072139 3231215	
709 603 7393428 2617274	
927 487 4870389 5529135	
978 74 5035884 2891276	
563 69 3009000 5802176	
373 33 1156061 5229448	
428 303 4334430 4569056	
806 233 3387536 6811012	
661 318 8756999 1554294	
539 895 5036770 4723837	
637 991 5336749 5494346	
442 669 3474596 7554685	
525 632 475653 8115430	
540 73 7971969 1445683	
379 910 9154633 4348014	
153 73 7260263 2196954	
148 849 1621537 6221490	
118 83 6333731 2634566	
446 84 6691793 802167	
635 216 3048455 5616774	
703 645 9657089 1528904	
991 317 1768237 6508995	
354 32 7119902 4660759	
60 895 7022704 179485	
75 362 2458383 9247511	
738 854 5856680 7050339	
653 38 8320804 4306551	
689 556 23354 6036398	
3 410 9272337 196318	
586 607 7378842 3022734	
977 653 2975216 5747952	
807 459 6670142 4863091	
123 154 1977065 8476674	
966 802 7053742 3375402	
213 521 4503906 8963732	
917 541 8573176 1267336	
443 492 3994816 6480606	
920 54 6300306 5701242	
473 827 8504544 2465911	
444 326 5750326 2972061	
39 577 9135818 1813719	
709 525 4056540 4724171	
777 945 9982669 1328368	
407 525 5013053 3612319	
999 342 4121709 8305615	
235 939 8546140 2977178	
588 102 7409310 1440187	
787 213 1421734 8827048	
916 809 2682803 6308240	
95 448 2998789 6111541	
631 105 4621383 5444710	
562 692 6263712 6750915	
449 338 3796316 8564613	
398 590 9455157 1650985	
645 487 1599180 9594168	
626 436 3318082 6126593	
737 282 2263615 8011335	
669 875 193872 8524925	
985 594 398630 7515940	
82 739 4618868 6336156	
727 729 9051258 292020	
446 721 5566175 4438327	
224 461 883584 7039808	
607 948 6928123 2266020	
660 271 7781296 966380	
416 759 4410641 7108194	
170 524 6026631 4144338	
885 407 4241629 7160860	
284 996 7609154 2696720	
195 760 1713751 6649242	
970 505 3188531 7346923	
316 489 8001678 2437377	
566 146 8187219 3689667	
85 689 3459821 7843087	
189 10 3484655 4987669	
473 356 3675944 3718287	
937 118 4564867 6356412	
419 633 5942141 2716976	
39 680 2622037 5796423	
49 313 1891850 9522033	
361 777 6595572 2356307	
337 613 6405730 772536	
167 950 9868742 1142627	
234 888 5625478 3422063	
748 246 2355639 6521745	
90 533 6541918 2840779	
657 733 8567518 1311287	
777 29 5544086 4293304	
528 616 1895248 8422203	
216 768 4686759 6389585	
164 593 4832571 4689725	
188 21 5008963 3956062	
379 298 984652 9833107	
193 152 1140891 8102056	
325 240 5897797 2219340	
799 34 4458503 7085841	
433 912 784825 8141674	
419 350 9391719 2248304	
879 381 4274509 3317430	
678 405 6341268 4960089	
469 951 7681817 1315223	
597 897 8175465 5326910	
140 285 5866182 3832436	
589 45 1123792 8152183	
888 616 1380715 9722852	
903 387 475644 8231257	
730 586 7649131 5153616	
499 594 3659431 3392320	
511 556 2479318 6024320	
502 568 129470 8519583	
753 177 2096634 7666042	
332 221 356406 7688391	
466 422 4383047 7841182	
293 355 5480864 4285398	
800 232 3869646 6813608	
962 159 4226766 4857162	
729 446 4340003 4308535	
945 11 2372874 7678017	
451 695 1490687 7598721	
652 399 5071432 5991272	
70 480 5628750 1416083	
610 996 6085607 4048868	
187 791 3801712 7360552	
417 145 5632404 7058335	
466 177 4124188 3869366	
875 250 5089671 5791857	
870 374 4043025 6412937	
38 909 1322975 6137502	
254 273 1453468 6827481	
825 883 324929 8296355	
205 183 4029550 3348038	
695 390 897430 9453183	
563 154 5064879 6590397	
301 584 3117842 4855052	
835 325 416666 9387710	
446 501 3186749 4267176	
804 140 7946247 2645900	
712 181 4600377 2001608	
988 542 3137889 7509837	
13 178 2492591 9602056	
261 191 3599660 7423735	
990 163 4184800 5512998	
835 88 7413288 3965605	
613 859 2334293 6475575	
66 971 1718827 7817668	
535 147 2077017 8387464	
959 278 3571912 4319555	
801 743 6243738 3147468	
88 463 6831775 5443924	
253 529 6263866 2706874	
618 23 2037141 9646966	
542 225 6465663 1580063	
530 564 1019476 6345581	
37 854 8970914 1114393	
679 922 9925868 1648842	
988 126 6682411 1418610	
261 379 6430464 3043375	
276 636 8612309 3621339	
420 732 9486511 2771858	
692 605 6062048 3353360	
173 126 4878615 8804297	
255 632 3952495 6336791	
578 260 2968749 4791529	
215 871 4833593 5356456	
92 858 5832150 4887154	
533 844 2711961 7806570	
325 26 2465413 6980592	
358 88 4326790 4781087	
44 451 9734486 1827323	
650 727 1686958 9093195	
68 239 4251305 5960426	
496 80 8795687 2700316	
888 522 5051876 3177149	
762 377 5248999 4273610	
248 910 8684807 2205360	
731 750 6835962 2175589	
620 254 6270568 2278831	
50 692 7002879 1914028	
527 175 9719654 695761	
825 301 3524988 5804148	
871 292 6303970 4519877	
998 762 2633815 7755016	
50 124 8057206 2522955	
169 668 3147496 5215261	
399 160 8717645 583218	
905 997 3024947 7710428	
666 734 4182577 2322800	
214 778 1008792 6404945	
585 900 7211796 4421817	
189 738 6436525 2533544	
286 697 1993177 8965360	
139 519 7800098 2702559	
256 856 5191507 5100213	
378 364 3690911 6017219	
779 209 9578966 1121691	
677 541 5641799 2851113	
320 810 1467480 7812421	
858 138 4264993 6529211	
74 61 4719669 6790008	
366 284 6446907 2649991	
53 906 2383064 9670567	
725 314 4319175 6410781	
363 566 5663321 7253032	
662 840 6745675 3221346	
28 47 3314934 7347989	
353 237 7905553 741987	
594 172 9822496 1250877	
665 550 3483070 7763256	
999 721 4221444 7582350	
512 455 3789216 4682717	
624 791 2427675 6786337	
412 442 4368142 6063416	
260 434 6390159 4006936	
146 89 3960391 4212191	
729 195 4805987 2261845	
966 909 4880357 3676983	
270 195 202539 8650427	
143 974 2554965 4896811	
360 17 3358343 6462058	
778 252 7260741 4090807	
585 748 7338578 3446888	
711 317 9298759 2335645	
312 199 9174850 1091594	
33 948 4496153 7531520	
371 493 2346764 4999290	
198 869 7623291 3588968	
719 930 2190041 5695035	
967 806 8403183 1261749	
35 277 9084797 303159	
456 891 5616607 4409277	
523 406 6488287 1634807	
369 351 3469055 8574330	
769 511 1251814 9989163	
97 386 2835937 8744621	
346 971 8401371 2961501	
736 99 9012588 2176036	
34 293 3424265 6856538	
235 370 2350110 6185678	
904 462 6573630 4624161	
820 581 1469207 4508911	
264 483 6344084 5940938	
573 190 4058032 7613741	
396 814 2414876 7515691	
522 254 3647937 5356083	
344 928 3926819 4209659	
914 119 7325507 2261909	
504 252 5498425 5433141	
366 673 2931390 7083962	
623 260 6292563 5402355	
466 760 2696570 7728539	
935 632 2278840 9414556	
20 556 535986 8673510	
516 974 4328124 5389186	
513 998 4691621 5507528	
655 745 1221763 8623081	
597 622 1926665 7268541	
968 736 8742785 3516082	
330 501 2731712 5842734	
219 653 4171604 6686843	
694 323 3114865 5492645	
330 76 5422464 4885070	
408 32 8135630 376151	
876 376 6124701 4739802	
398 864 6394826 4870675	
410 951 5533980 4415406	
361 78 6157432 1860655	
344 492 5840605 2679956	
740 122 5316284 4309760	
756 844 1923164 5985659	
102 535 4458373 8756414	
409 464 3116030 6704123	
306 358 4225049 6489088	
446 340 1095746 9350898	
135 475 3024225 4548542	
786 775 6659416 4235932	
983 840 2694677 8933727	
912 382 7195123 1740769	
63 226 6733794 3133429	
873 164 4910683 7534530	
71 765 9393594 2098888	
608 644 2815210 4197068	
666 283 8406736 5739846	
318 550 8237758 1710190	
214 101 4563993 8236207	
522 709 7918956 2523897	
129 806 4818076 6845655	
566 452 9331055 1184737	
899 228 5000237 4211663	
857 991 4945085 5442478	
286 696 1684074 7206491	
792 971 2580429 6185875	
472 523 9683165 1106577	
382 609 1201574 8613176	
972 515 9122806 2098306	
873 651 3331735 9086180	
901 241 9035704 29912	
249 627 3275009 5435273	
826 745 2466603 8791401	
321 784 7224476 3467662	
773 339 7824125 4136509	
331 381 4433466 4930110	
145 152 1352682 9687817	
325 986 3248204 7032646	
219 126 8698178 280153	
332 810 525683 8765396	
635 243 7163642 2209275	
325 87 5735712 4249433	
768 846 2984046 5375018	
228 999 381954 6640146	
172 80 7804620 3762915	
767 679 6969073 3339569	
342 601 8455734 2880278	
817 365 5514755 2569396	
890 958 5231535 5209777	
959 873 6469592 4827805	
850 216 2810752 6388410	
420 186 9866297 2156938	
228 691 4742304 6117081	
175 76 6128667 2774280	
133 947 3612953 7208512	
994 401 3495370 7313141	
750 513 3169376 4385812	
428 871 2270971 6840424	
204 148 3825790 6607755	
233 894 8002562 4513511	
869 856 8051165 3475253	
578 308 2329162 6608231	
25 276 2403315 9020472	
399 681 8235155 255919	
799 497 6634681 6157673	
664 160 2752155 8320042	
289 871 9241144 2437406	
950 703 8799135 2579018	
337 837 1738126 4519416	
637 991 6299781 3341410	
920 387 3727359 2641174	
240 166 5284331 6208255	
330 310 3528939 5456305	
902 70 6017989 2782780	
278 992 7896184 3339733	
807 616 7315294 1556496	
922 178 5371123 6261619	
327 463 3103627 4853865	
280 736 2470767 5449804	
79 200 2100388 9514954	
924 221 6407908 2958539	
622 875 1789502 7947826	
920 694 7542885 2746662	
477 778 6136104 6941437	
907 66 6671579 1329589	
265 46 7528890 528572	
901 986 2394252 7313901	
258 871 5016750 4951379	
867 162 4565834 5221057	
368 767 7075702 264309	
359 779 3722429 5801001	
575 593 9072153 682290	
563 666 4581162 4766932	
155 853 699663 7283090	
891 669 4005349 6315045	
592 31 5577991 3969640	
862 727 3790317 2411491	
956 609 5082529 6030471	
383 61 420692 8470727	
653 764 4838083 7448638	
713 930 6404391 5607301	
877 629 4986450 3725324	
325 433 9801488 1373601	
805 460 8252165 1161413	
570 909 5737176 5768427	
559 985 2514492 7916373	
623 605 500995 8831190	
211 732 2298508 8603234	
378 374 1452490 7015757	
687 122 1296959 9809622	
104 399 1081333 7007427	
226 713 5352942 6602435	
469 55 626977 8130538	
158 27 2458299 7183973	
193 316 3523870 5568794	
197 30 4308887 4249915	
963 331 3402846 5429424	
61 491 2433417 3757103	
498 107 5572546 3799844	
234 112 7960466 2377905	
520 532 3934968 6472236	
890 527 9307753 796136	
259 371 9935994 2191508	
527 47 4697569 4367232	
537 177 2767979 3207720	
654 256 1723994 7906676	
884 560 2869952 6500088	
963 400 3465837 6853700	
157 641 2569275 8038236	
764 840 6311786 5205426	
68 8 912006 7457834	
100 704 7413312 3109740	
656 29 9145004 2357376	
905 270 5608798 3862811	
174 876 1181250 6196343	
760 561 7575307 4579113	
90 226 4702719 5219235	
258 69 4692259 4702732	
904 148 3513709 3216568	
813 535 6500421 4329281	
268 413 3397086 8938911	
756 242 2898544 9968764	
431 22 8875603 891421	
888 296 2878037 5806655	
427 523 1782148 7661185	
293 29 4292901 4576602	
496 379 7944985 3620203	
93 683 8309305 2766815	
180 412 3114261 7936795	
6 278 7267271 5328298	
185 154 5076705 8601267	
995 658 2642245 8312159	
608 731 1377533 8229313	
93 508 5143097 5820392	
353 780 6107214 3525649	
419 304 5225487 7182996	
585 776 4636588 5729089	
788 974 5854715 5839013	
929 58 4529148 4681630	
830 350 6045367 4144297	
664 793 7916806 1391764	
417 306 5300114 2071282	
559 95 7191416 5558866	
356 878 8655086 2704613	
168 515 4961237 8647618	
694 532 4371754 4442436	
322 183 6334500 5731225	
714 182 8801914 146832	
278 916 3388929 7866405	
672 557 1602636 9787084	
493 752 6993715 5290848	
593 942 2603282 9560338	
266 458 1255362 7482791	
1 414 6872728 2164398	
563 772 6766814 2740845	
267 189 4402712 7838435	
178 303 1295317 5793366	
404 842 9559938 1766021	
2 235 5674590 4272780	
480 716 3562036 7151783	
601 285 4817908 5416531	
544 36 5061978 3323191	
476 594 5057185 5626370	
884 907 3250526 8826395	
336 606 6006805 3608166	
670 587 7057601 4891341	
506 296 2525927 3940768	
571 153 3269620 5460570	
82 537 6963628 2694525	
720 991 8901579 743526	
773 770 6822509 2601654	
473 311 3378849 5185695	
488 615 3653880 4883903	
788 236 92087 8856894	
554 524 832344 8812043	
677 891 1593016 4813564	
160 95 4478477 3632236	
107 313 4608749 6797785	
16 201 3972025 7698837	
936 912 3218922 6177621	
470 655 5283709 4698605	
965 723 8968136 4548377	
314 751 4915459 4795970	
910 623 2616819 4617294	
272 625 5917307 1262452	
221 269 5420258 4116285	
763 84 1429172 7216767	
917 519 3212652 5800343	
867 213 7844696 1492761	
306 724 3515446 7527043	
505 818 3429139 5016122	
246 367 5862146 5604129	
825 513 4277523 9098638	
904 191 4045714 7521955	
421 43 9929193 162847	
292 150 8150952 2937081	
486 284 706280 5073038	
696 190 9077230 3249862	
274 176 6701301 1887676	
78 154 3929040 8307787	
272 752 3757830 7274829	
836 843 6784151 5192031	
266 339 6271088 4545248	
917 613 2604077 9225901	
133 946 2934437 7352520	
75 666 4250014 3368219	
516 843 3586670 8016006	
282 624 8909044 2408438	
732 320 2527292 6322031	
677 826 8646556 1397918	
174 691 3143664 6370426	
137 251 2356591 4649974	
220 653 1289070 7140419	
569 905 4585914 6396416	
127 208 4747324 5370654	
287 34 6299252 7447240	
693 514 1973116 6024800	
337 507 6667148 1783130	
541 186 689303 8621180	
532 328 1808211 8327260	
682 746 2754586 7397921	
26 253 6587202 4325810	
703 176 3425197 6541138	
639 168 2761837 5650438	
273 772 5023494 5417540	
875 996 6280909 3722701	
883 792 4675134 4448629	
442 598 2482277 6602580	
706 696 8058281 3213168	
409 326 6136998 7005210	
189 173 9021398 3568294	
585 667 3078008 6693740	
548 460 5796076 2205885	
536 652 2132131 6293617	
643 966 6421731 2878356	
716 519 4918883 5679578	
787 567 5904255 2279777	
582 477 6490201 5130654	
950 482 2919828 7792243	
143 270 617516 6901467	
450 125 5381431 6136786	
398 625 2835935 5201317	
674 864 6986645 2255660	
245 632 6254724 4525136	
589 197 4886482 3912048	
968 539 6245946 4654948	
804 446 6305765 1377682	
190 450 5392819 4754815	
728 737 3078251 9483395	
169 930 4061328 2267162	
927 639 3753057 7896437	
719 604 4173628 4083937	
133 602 5119352 6467822	
590 360 6415306 3337533	
483 1 7927742 2847461	
49 978 6496673 4184429	
478 390 5257079 5304413	
593 567 3896590 6240751	
820 349 3512276 7419405	
168 420 6127407 3542352	
790 116 4141138 4592283	
984 614 7546146 5017426	
37 66 4645583 8934237	
76 890 7632329 2615520	
733 979 5486421 3474439	
4 158 1841083 8596819	
806 951 5248877 7450421	
731 251 6698598 2370424	
605 729 7965105 244828	
502 414 5869091 6483649	
689 280 5391201 5022637	
758 362 3249891 7776701	
633 359 3913954 7469137	
494 639 5809218 7153916	
628 905 9148018 1965166	
196 464 97669 8665596	
422 174 3904634 5396588	
481 190 7357756 813516	
618 586 6055294 3407435	
811 994 6523884 5202369	
645 453 2019353 7438838	
216 474 3413802 6781537	
763 863 2254024 7049543	
785 314 6413642 3624463	
335 218 5814364 2535001	
804 367 622723 7671887	
193 161 4059391 5194133	
781 16 5252224 4855785	
362 866 3881792 4758260	
318 904 5691447 5890568	
569 961 7952996 7851282	
699 770 8228415 2326004	
954 681 7903710 3606870	
327 322 1105353 7383395	
144 195 6450281 3789523	
648 883 4645268 4211379	
360 443 9851084 209242	
1 746 5310016 9015572	
605 218 6349116 4773070	
908 26 641005 9993937	
986 684 6186199 4427477	
697 128 3257255 6132112	
174 17 5017515 3587859	
941 807 4100641 6471223	
629 311 7854162 15491	
207 204 3934633 1432927	
664 509 4518352 4720451	
708 156 7035362 3204129	
630 611 4544279 6840629	
40 580 2805174 7283838	
517 70 4397084 7337353	
852 673 3605423 4885758	
63 898 6710621 3361359	
442 233 2840108 5969106	
977 667 2352072 6150152	
518 434 6265687 6259366	
294 296 5268455 4348910	
31 11 8603277 1452514	
934 234 8944869 2820827	
847 883 5594637 7155368	
521 416 3646602 9758897	
220 935 1862888 9542222	
122 154 5907947 1951840	
439 818 2837081 6845527	
126 935 2286973 6148435	
843 388 5880751 4419890	
650 990 2088022 6828556	
298 602 2556184 6387000	
954 322 7729756 1968090	
636 484 5606419 61349	
117 844 7101890 2523781	
71 88 5247649 5522281	
857 222 9026923 3593284	
479 201 5946930 4975097	
731 948 2267521 9301062	
597 916 7339927 2496604	
99 250 4718182 5944899	
577 91 7852854 4150515	
213 409 4185642 6303923	
67 147 6117358 2717147	
472 199 5175660 6254496	
971 624 2535070 7598659	
408 199 1682368 7041304	
299 402 2709578 6254824	
233 914 2921304 8947054	
52 502 4232776 8159031	
866 785 8307772 2309384	
963 980 7652562 4620244	
180 341 2011237 7699428	
974 478 4938446 5901531	
836 34 3038813 7668728	
743 606 5936327 6087635	
502 491 1436981 7901184	
155 535 9648381 1024913	
413 251 1908504 7430235	
748 783 6888471 2993709	
217 352 3520276 5667173	
226 461 5561849 4825125	
801 506 6235180 2262340	
700 930 5562120 6445852	
315 963 4871200 1768583	
156 148 8136702 2289806	
928 601 6219823 2359975	
685 735 6016101 5052032	
955 193 4338292 7947042	
390 182 5423398 3285444	
862 333 8288407 2367447	
505 434 5892556 3291657	
299 947 5224734 5970388	
224 540 5344161 5878613	
781 909 7511656 3193410	
900 942 6965917 4498536	
837 826 7614241 2693502	
781 461 8331661 434982	
439 658 5956742 3773344	
209 40 8359518 118044	
322 485 7973365 1621292	
275 798 799697 8144568	
377 403 9001144 2453328	
212 43 9412666 1126515	
614 187 6048154 3946720	
464 435 3492153 6081834	
336 147 5870295 4413770	
227 658 756598 6861459	
89 318 4428265 5460251	
449 566 6436146 4210762	
596 919 9965326 3014900	
722 965 6532246 831642	
411 868 3010738 7262640	
237 924 4780635 6260350	
219 943 2959753 3550862	
988 710 5843241 4951994	
796 119 5044282 2734061	
719 255 7305434 617725	
417 475 6515430 3481525	
658 353 7845995 651985	
106 48 8585511 1203393	
987 611 5667923 2380324	
516 965 8297822 2718425	
98 571 5062980 3682375	
358 214 4299122 4092614	
