185 364 4189982 4798117 7380445 4673178	
809 958 382619 3203008 6137409 6862879	
163 237 6309609 4537113 7832940 5564448	
339 254 2776869 8634299 648218 4901472	
971 42 6849951 2353838 4398796 1756851	
682 222 1190853 3748158 7422039 4121123	
800 885 9472750 2823285 5121065 5749962	
142 306 2856377 5335788 5234687 5835245	
151 367 8579665 893741 1206813 9399177	
12 323 3760316 8272244 4788491 5514754	
941 20 6210875 6435587 2920493 7227173	
903 16 4011006 4264266 5297346 8812119	
757 717 3561778 7831451 1059748 8735699	
738 104 1727424 4095335 9280181 5152823	
279 517 4949244 3440330 2036883 9514116	
190 284 4261856 238899 7900097 3997284	
984 274 2513168 5128903 9364862 8367132	
651 412 6131030 249091 9833431 7315694	
18 285 6495669 6201824 1780392 9213500	
397 416 8761473 2539779 2348951 786548	
709 182 7643355 9479120 457939 4626320	
435 319 1475860 3285407 8431877 5405331	
623 249 3802979 5781287 6919961 5163245	
735 119 6463456 7963995 9629308 2141531	
143 355 3533239 3043707 7418019 5334079	
896 160 3629124 6343405 60174 9172822	
573 740 8248683 4722661 8542661 2907807	
52 97 7192909 6371725 3058684 5941240	
431 958 6733311 9166991 5193511 1290491	
778 462 3608780 7830923 5767214 4069502	
99 381 1558728 8871229 4565059 8210771	
50 397 8565286 5716576 2740981 1680436	
330 802 3045830 4027894 599406 7221244	
823 82 7949912 7895496 4170562 588426	
113 859 3770956 3249287 9712909 4996156	
672 982 1747819 7408644 5671924 7784220	
274 155 1945199 3809143 7958483 5792720	
992 123 2531420 7267578 7365293 3883393	
826 225 2437008 3376546 9328669 6633210	
699 188 8834198 5366103 2861821 3652019	
457 735 5182436 5612377 3894876 6878024	
7 432 7715311 7403897 2816045 4383221	
757 578 6752572 5107444 3871641 7308682	
831 32 8272775 976555 5134223 7234933	
762 884 6869741 5245832 6392274 6390812	
610 759 9724537 2557062 5178862 641888	
107 285 3955999 3900463 5519483 3089705	
807 555 7181155 1819292 5034037 5980611	
649 171 6851680 1750861 391220 7223643	
233 895 6921388 8926566 531717 7202711	
732 96 7761098 4635952 1748361 8311302	
325 637 4439667 3253956 6741725 4666241	
327 924 270853 6639539 7310799 2083350	
939 339 7609149 8040664 7921988 1711413	
189 793 7153887 1841912 6200783 1853771	
819 979 6450678 6288252 1272158 7486230	
835 475 346988 4804905 2141741 9528117	
847 325 2071331 5360073 2848989 7812241	
547 263 4878749 4445419 4848821 4882252	
371 195 4943812 2290748 3247786 6785522	
860 78 4224016 3982683 4132930 7790463	
410 278 2336218 4640219 4320721 6630469	
985 89 7775239 2008616 4244148 2690658	
277 197 2488359 7278853 3083577 8661620	
395 784 6237944 8869469 110092 2830236	
229 998 6523519 4729522 6103095 5022636	
360 81 8070513 5053071 5760772 6008410	
80 332 5451363 8227088 2980232 3936605	
589 774 3421183 5746490 9244882 4874619	
306 159 2551836 4369884 4424687 9409811	
226 345 1607660 4335379 6219954 6378226	
87 939 3658604 5978312 1265984 4906987	
378 891 1479199 6344829 4983261 4186781	
892 920 595037 9065296 8398740 3593537	
45 782 5556779 5016715 5064238 3047857	
658 292 3057906 8489477 5849490 4453966	
758 385 1988271 7539272 9304120 475003	
360 736 7861074 1193311 8721489 3382372	
542 146 4971345 1679480 8612049 6993989	
804 92 5088041 7026579 7051914 421165	
780 122 6412816 4899788 5848517 4982316	
721 660 1546131 6010561 4516779 6333307	
436 27 2427256 8177621 2388894 8838382	
881 982 194843 9289922 742689 7783171	
635 762 8215123 2219717 8078206 3376445	
750 728 2348140 5251326 2079179 9676793	
16 411 7046652 540547 8930789 2648771	
410 752 3860228 3246312 7969473 974527	
400 662 9698893 3285896 1174354 2240995	
828 220 5793605 7014348 5787018 2801754	
282 678 3796682 6947913 8498625 3627940	
314 180 6385597 6474268 4077152 5550805	
329 499 6191882 6164387 3770576 3833637	
953 887 8934683 1729193 7654284 4526838	
644 166 9058925 3495507 8041547 4837991	
102 710 7094047 7918022 5615113 5277680	
748 878 5672783 1255046 5002527 5179921	
546 439 3469444 3097838 9401224 81191	
369 692 2238463 3902046 269159 9943592	
786 401 6362162 747870 2248342 8409293	
929 421 8521210 312020 6424130 3231326	
990 867 6586698 7935244 418169 4540128	
269 657 6730362 8161713 4673222 4975684	
577 832 3142648 5424340 5517209 5563694	
531 96 6349912 7065079 1485377 3831874	
46 434 3598519 5122407 5103261 485504	
356 596 9303100 122673 6200409 6556371	
621 926 4152763 4162451 1780958 1190005	
453 785 3533851 855219 8957901 7497933	
550 363 3352402 3443651 7780566 3000834	
425 326 963999 6678609 1956831 8191846	
336 854 7655357 3044866 3587959 6184120	
202 356 8836821 337805 9719405 1309002	
84 578 8492509 3533738 3486246 7602837	
789 60 4923479 4784838 623307 4805723	
120 490 5176830 2637406 6602222 9269661	
119 718 7639384 5300456 6389894 8338768	
483 43 4852947 4839185 1329430 8157192	
650 113 5505160 6007248 2597711 8597372	
470 86 5090594 9049337 2773978 2027372	
69 648 8990995 900867 3869811 9485595	
382 509 2881685 5497130 7443600 8026067	
812 82 1724469 6246762 1241977 9551090	
796 125 5409759 4008945 327633 4767355	
429 362 5407784 6907143 1533505 6414867	
185 765 5301726 5024122 3127383 6486537	
724 629 3065133 7521370 4960532 2197740	
467 529 3073365 8152385 2918317 9642530	
483 107 7726632 7123323 4767597 4616518	
129 674 9116372 8536206 375431 1253388	
66 253 4279752 5022902 2078434 9313565	
869 675 9053610 2338111 5697569 411860	
571 256 8495739 2538261 5183455 5943308	
352 581 5615264 7959326 6426358 5164284	
351 658 7157680 7012393 109888 7232450	
520 901 5116071 5454353 7679740 1940287	
581 688 3793310 6723177 2192459 9865379	
119 913 6544534 5449403 4646943 7375925	
279 631 1825849 7411779 2784986 7163178	
511 458 5179937 3007010 3999183 9916752	
639 429 3969321 5378640 2617598 5679683	
620 17 7607725 5397156 5975311 434976	
787 518 2865197 5560199 2719134 4348971	
831 73 7978929 4903784 5694348 4470645	
100 820 6944195 3591972 3499899 8158844	
10 575 6258957 2481543 7896998 1278608	
56 711 4393703 9537278 1621603 2287735	
339 598 6456546 5325073 5765049 5180537	
166 726 5892115 8342602 2891565 7612327	
576 147 1366895 4613183 1472887 8150263	
907 760 6580994 5425634 6730917 6049739	
429 409 7085415 5852909 4672202 6367737	
758 516 4881900 9513487 2877381 327104	
222 667 5352194 8975689 7577066 2997976	
348 986 9014186 4410688 5764121 2814517	
674 511 1691365 9691075 7695561 6522585	
470 846 2401914 3107542 3460380 7279520	
654 951 1650333 7708041 6089904 4059313	
211 729 1954192 6856218 6820439 619295	
981 531 326457 5056054 7146641 6749011	
702 472 2041126 8846950 3277370 4934840	
952 544 6934069 7038037 1710882 6422009	
122 615 7929040 8568187 5101277 4692689	
45 54 9837030 3664190 3706921 2141826	
333 615 5022481 5746364 3237808 5748225	
411 456 4578283 6009772 2314055 8462840	
273 457 6222603 2361306 4105427 6724124	
123 976 6597993 3001295 8610486 4671880	
518 628 9384950 5246816 6658189 1903073	
832 627 3723210 8398959 167844 7526077	
713 683 3685748 6563979 7288620 6972718	
448 833 2877363 2611426 7890967 2588509	
471 965 4035729 7667987 8683892 1414389	
674 160 2616683 972870 8794445 2409238	
137 411 382113 9755283 6946714 5107572	
772 281 9339093 6589263 3521548 2749282	
312 709 2450311 5233896 2571908 8955751	
701 662 8952479 3160752 5108773 4473307	
383 557 2323959 6063589 8828585 3010820	
864 177 4519745 4564394 5173054 892718	
346 158 6839716 1062896 9138051 6197305	
76 247 4066824 5973030 9149464 1774505	
142 593 920977 4877191 4853814 7564562	
968 960 645866 5787688 6422781 2130070	
356 233 9088968 5518761 3785504 4912657	
17 15 9993569 3054735 6558934 1042147	
552 849 2806692 2320796 6981443 2587102	
527 257 9448150 2976933 8390711 3020729	
772 706 7319806 1672807 3821416 3453493	
463 85 6477544 1436563 1138411 4610694	
702 478 8897641 3879034 1163583 4335197	
697 911 1897378 5303822 8191619 8957217	
798 495 6447592 516694 2259641 9195712	
389 490 4740898 5073476 2595006 9993598	
233 464 5874762 1413328 3834770 8158267	
441 884 7555057 1326312 4279509 7671379	
857 541 3023068 2587414 7251693 2764296	
682 502 3038804 1979279 6716314 9439679	
518 307 8043846 5429349 9961424 6944050	
233 711 2311447 5961044 8693834 308840	
945 21 9065673 5645410 374123 1889061	
750 203 5327117 6673300 2333129 4087494	
157 255 4255064 3372667 7284568 2080083	
663 454 5548248 7915695 5905888 2855745	
748 885 4301123 1144134 428082 9618711	
255 364 1117011 9857013 4578589 1466523	
734 224 6418220 6779398 4843066 2359113	
476 344 5067611 7855932 1808999 2919498	
605 997 5230525 7119935 1373338 9799251	
649 969 2873314 2173571 5157180 8221609	
87 771 5856260 3603476 7718036 1553399	
828 559 533074 7858329 2848281 6955242	
694 358 896371 238053 7509566 8793697	
416 916 3361063 2109680 4774150 8625511	
538 762 7892613 4146853 931612 4405727	
798 819 7629685 5825839 3299388 7704043	
997 176 2910069 2800635 4402995 5636110	
171 744 584387 8687593 5706716 6986352	
823 606 4618781 5446065 3882614 6891875	
437 754 7792690 1352094 6214508 6567030	
934 797 9557296 2532605 9936397 5855453	
44 430 5605689 2210721 3061408 7846531	
696 181 3751380 6826398 3247151 2193070	
891 215 7350718 6398490 7722392 2396461	
732 737 1764841 3411431 1456744 7022670	
992 586 4568217 7188228 8132324 73631	
402 842 739914 9972154 5082560 5733482	
390 991 9346374 5460623 57494 9543009	
893 312 509196 2376964 6197705 5874746	
963 617 1396576 6464729 5393020 8988457	
539 139 6105670 9264373 8438111 2376295	
120 619 8635603 2764797 8868076 428032	
356 647 2344613 8441137 8451843 640463	
63 658 1898666 2019652 6564982 9572436	
982 96 3625852 2077473 7372945 4844479	
284 207 567485 2329876 5213808 5492277	
194 46 430835 6198486 6750027 9349580	
133 348 251528 8735003 5862366 8532253	
881 231 7481441 3689381 636959 7996022	
875 494 4256037 4179387 8302105 1546902	
957 971 6914660 3140033 5173588 8968183	
416 772 1588525 7033498 172033 8780997	
928 649 2369241 1754965 7282406 1544956	
952 569 6686633 786676 7957021 937209	
993 173 8125717 3001320 6078018 3699276	
200 134 8409718 6592174 6220751 2869017	
386 860 1019223 3629427 9022410 6996797	
441 938 3171215 3803284 5258502 4738847	
352 665 8788525 5064631 7836426 2498256	
606 957 5009986 1228217 1968645 6680670	
582 199 2704438 2081665 8555161 6462838	
769 894 3906089 2674290 3295856 5446752	
128 614 8714238 1260119 4918381 9733840	
945 914 4879605 5379734 1973693 4635436	
865 966 348411 9852792 9858165 3165912	
848 368 7845965 2310856 4318872 2475302	
319 341 1191752 5065062 5191526 9874794	
279 568 2858369 5821088 1965103 5626517	
222 685 2647240 2969487 9835639 401775	
200 711 9877100 3637625 2558935 5766305	
575 975 9491564 7975320 178359 3495264	
110 616 2643592 7602969 5051245 3672798	
36 90 9836424 6067557 2239437 2217376	
254 101 7340762 7893002 31116 4519503	
412 503 9215599 5466379 4324971 893067	
367 433 8249476 4726465 2523890 7657173	
723 725 8376687 2139188 5719676 4250866	
111 496 1790325 7623520 8641770 2207551	
742 206 5092962 6173858 1120132 4565891	
81 3 6926569 4316156 8044967 624529	
197 299 8683765 59776 4795422 5874230	
303 359 5189799 2064155 4166423 6414778	
838 758 911817 8795081 6740840 5309369	
416 527 1691552 1091697 4075271 7986394	
399 146 7725230 7360821 4615471 4845857	
328 559 3747497 8179029 8585407 1036815	
53 482 5531577 5827891 2783725 9082474	
978 307 2491897 8701236 2805804 7924110	
365 454 9104264 304265 2319719 7922593	
11 174 5243530 5848192 275465 4320292	
900 499 7725503 1537578 9548318 862342	
541 689 2563218 7205107 7179283 6707230	
543 112 6177461 7209960 4971283 2452937	
954 101 7678115 400454 2148607 4042573	
366 814 6750025 6481392 389273 6272659	
613 155 8988453 5024638 929638 6833631	
345 321 8519439 2502515 6878931 2497062	
641 706 2762348 3946292 6974778 8715274	
503 554 4424478 2496191 6549047 5213708	
508 870 9387398 2677639 1582737 4844058	
152 349 9425680 5003318 4559627 3421227	
940 917 4558734 8450017 1298787 4888589	
707 877 341506 8592993 8588102 9141440	
816 261 9138448 2091903 5215994 132051	
238 38 76211 5250904 8562614 4538706	
89 474 8698052 822182 6204865 4127933	
232 320 6644984 5313739 4503801 675922	
448 420 2124433 9744609 2182442 8117588	
349 972 6600373 8179714 4863249 1072305	
401 274 7253486 4147490 1407899 5721170	
812 558 2384081 9575949 3307785 9400141	
657 428 6737977 1263983 3405887 7359894	
897 417 6075232 7287334 7584350 2346472	
266 991 3770448 110978 4665740 5846055	
491 861 7771958 3644116 435270 2517637	
698 899 1984662 8742012 5136748 8407519	
998 405 2084867 5112444 3035913 1235056	
199 436 6679587 4163505 4263635 5364198	
987 731 5987527 7495112 7244139 2389166	
39 313 970529 9589214 4069524 5291063	
825 612 2492709 7313597 4243944 3416258	
996 316 111249 4112039 5698088 2585831	
217 480 3214904 3292704 7886051 7656308	
274 945 1844577 3261827 8494989 3112882	
3 897 1188773 5532710 4556098 9334599	
273 364 4597408 2495904 5560313 5141606	
795 756 3157967 5989503 5258659 3319608	
166 490 3240521 2197549 7507829 4750577	
7 619 528975 5463523 9197658 6672538	
911 11 1907238 6101211 5523830 6361827	
647 264 5009068 8729346 613723 7849832	
463 650 1918409 7369372 2440651 5752551	
801 144 7790310 5849600 3537638 1932920	
223 57 7380481 3408166 8113956 3205914	
42 195 5523770 5506268 8049618 1903282	
401 297 9348519 5711661 5572852 3348119	
184 129 6862925 2502762 4871395 8369451	
843 12 4891072 4939880 878791 4968818	
667 105 4985488 3711703 8860213 4215625	
62 993 9724862 5030698 530920 6246564	
553 499 8556484 7802286 2249459 3631437	
648 73 1790335 3017161 2930285 8779808	
594 258 8346381 1669022 1836908 8319913	
990 961 2769130 5590300 1288566 8080964	
83 226 1045002 5325071 5089086 3431647	
235 906 2540160 4424629 4317967 7046483	
214 686 60841 6195403 2966424 5564621	
727 798 4671396 9076719 5608510 5205223	
518 287 2408421 8326118 3358782 8773569	
740 694 4471668 5450106 5010965 8879990	
509 462 5501847 4420099 357342 8517795	
176 519 8595579 4298068 361032 6315782	
68 443 3833339 5210280 2145951 9922990	
44 124 5820872 4182623 4231901 4763417	
250 949 1963 7995021 350074 5044699	
961 730 2927032 3531939 5709795 3333496	
121 711 1528478 2193563 5554913 5576070	
629 265 4767956 2797920 5805580 3248283	
970 25 5847111 5511760 1031639 4764151	
183 13 5535513 8874105 2252183 6577149	
745 652 902009 6353011 7977834 1762017	
652 536 3177700 7031040 6003092 2625543	
806 530 8935517 5474891 5462083 5515286	
234 822 3585465 3515235 8202512 2659476	
215 866 7084518 1216748 7697932 490419	
983 180 5368347 8429644 5040855 4637129	
561 467 1091488 7333076 2016664 6471186	
586 477 1696942 6517127 6868002 2640961	
8 311 2314231 6593862 6831803 7547769	
284 965 3620406 3531274 3927365 4183135	
587 665 4561538 26650 7820476 5047758	
715 46 9297730 4844588 2094014 4306563	
31 337 8640614 1213020 8218384 1447841	
367 36 2255493 517053 3890149 5284451	
330 954 6075808 5950360 8246360 1859042	
556 209 4489640 272959 3651248 5887329	
15 551 3634442 7225210 5609267 1557192	
422 106 2217980 6095610 7095835 6880969	
641 75 6356497 423268 6684254 7136935	
162 405 3997541 5194139 3824841 4742888	
322 903 5611145 7633088 6163554 6342497	
842 447 9626357 7859974 2067745 8095860	
193 843 7950439 1961505 9501144 1091804	
483 825 2484079 8723092 7838429 6457528	
625 618 5557500 2725730 5751487 6841450	
731 352 7261465 5414404 1368313 8613778	
607 317 5643553 2940147 5107584 8696977	
406 80 6601876 1316881 3917332 5879848	
197 843 8144339 4059970 4282326 8528995	
339 17 5519286 4009074 6852772 717940	
140 965 5381639 9031767 7269927 4153852	
483 601 4048894 7821489 1831150 4819466	
760 162 8817425 7156276 3487531 3018688	
987 41 8538403 835569 4275300 5497730	
14 112 7166813 2560496 672322 7107175	
995 93 7441163 262459 6983804 8554489	
146 328 898708 1826791 9739667 5410881	
262 970 3330908 7821925 2341537 8830743	
760 126 7968962 4413457 5661106 4273924	
278 599 5653721 9313648 1856489 4495743	
212 866 8320279 573259 9615757 2405862	
501 600 216477 6604298 7461477 6435489	
154 146 3511440 4211432 8422323 5899807	
448 14 3295636 7717793 1426118 3049209	
757 416 8588172 62880 5605062 7491558	
869 947 4276362 8637260 1212816 6849446	
591 324 4798682 3039302 1454612 4040636	
958 77 2439738 4470200 2990471 4966238	
397 932 4408866 9294233 155336 2906983	
559 114 7781245 5222817 3208528 6241389	
25 839 1658542 8101356 1738415 8109448	
640 204 1047372 5018244 5616809 6704343	
626 150 891385 7986640 2258698 3457154	
891 457 953361 7012897 6251581 1011615	
772 204 3450247 7818847 3523779 1579839	
125 684 5363954 938705 4438133 8597980	
544 909 4610507 6765172 6198869 7963700	
360 783 5967886 1651585 1169870 6311115	
831 592 8330244 5353517 2053001 9302630	
829 92 527691 3065067 8854180 4425266	
955 248 2878175 5430246 3705438 3697712	
907 486 7238974 3317368 1546980 5334416	
520 219 2394402 5198843 1541552 8043478	
903 948 9434987 715967 3039634 1738712	
831 371 3602968 5982336 4535691 795832	
955 820 4040251 5538753 7704157 1406758	
559 3 8537529 1353265 8159820 9516710	
793 984 4113175 4951557 7111458 7661867	
345 887 2256232 5599147 6788105 1608777	
983 779 2704093 5389094 6542562 3976452	
927 27 2011651 3067907 5864733 4554588	
348 535 9256846 3159114 868673 5407071	
957 938 2772356 870072 8939610 7163486	
696 228 6077173 2831495 4754321 9004943	
112 555 2309055 4400159 8497387 4833139	
610 912 3552593 6945179 890681 7356604	
276 96 5976428 3199806 2033797 1181031	
50 269 5799031 5380130 5295547 7210728	
565 598 3771303 7012798 8765131 3511893	
717 803 4003941 1819988 8513218 3267358	
659 159 5940146 7084344 5271624 3297812	
685 7 1925814 9586790 9068204 3375516	
513 287 2409384 686551 6143699 7809200	
560 16 6738974 2701341 8128884 1965804	
785 233 6375925 5604339 5056592 6145873	
546 169 1123045 3058817 4254407 9236031	
411 559 2124110 3677784 7542438 4646886	
126 143 3438389 8509564 957429 8910310	
667 717 2563746 8348059 4931133 2101246	
726 265 4162673 5251785 7548892 3783593	
684 916 5643277 5886133 4687210 6212615	
659 956 4185371 8046888 5665797 3329695	
827 73 5467499 4712926 5411245 2401352	
813 230 2599330 8523196 5883050 7518899	
587 244 4986812 2385793 8412847 6254774	
86 595 2961501 2971891 8541001 9249811	
607 513 5034400 7857035 2713831 9615029	
288 741 5593964 562331 2390821 987952	
273 958 4874581 5799351 6528509 7008026	
322 872 3332840 5735909 2798808 4003090	
837 982 1941300 5786349 5925547 73197	
740 652 6644601 1400058 6173753 8240132	
425 982 6842182 4113210 2014288 4315607	
417 260 4681618 5185883 1221594 8215124	
339 68 7801135 8162536 964715 2361800	
959 234 5115259 1846795 8002627 6130158	
62 300 3339837 1863552 9457674 5825305	
651 368 7065510 3690092 9550093 3609959	
975 699 1161632 8703489 1995006 5431489	
165 161 4516814 1752560 4161758 8885893	
333 101 8383786 2874473 7910470 3048821	
39 989 570746 9354203 2614466 8942434	
236 794 6697684 6264577 1147712 9303649	
920 445 7054470 3416279 3596695 2121581	
438 756 5858770 6383395 4242336 9485115	
857 30 963358 7180775 4951949 6376593	
565 204 1429799 2417891 7404284 4126175	
528 740 6933003 3705848 5135330 4955712	
988 150 1811974 8723460 3947579 5323873	
146 865 447282 6940911 8229036 5167544	
911 604 5951189 8325887 1732740 978045	
908 730 2219525 9120432 5492905 5740219	
428 94 8819514 5320711 465420 8398567	
308 989 5550283 8112968 6505661 6766818	
228 197 7809793 6620553 4384104 1394694	
287 526 7470637 7031154 5508837 2856021	
349 855 3228469 4696109 6678206 2945439	
253 960 3920331 2499976 6657843 8048842	
880 368 4261996 2301365 4364640 6412147	
193 265 2224523 2001294 8114288 2547842	
804 33 3507426 1699315 8802421 7894013	
706 17 8721504 4912481 1946445 4493978	
205 662 2534427 7264806 7951029 7516368	
574 365 4568422 2188447 9211118 819690	
970 291 2746654 6951788 7477893 8431863	
630 887 1253258 9253962 988450 8911453	
667 719 4347872 2923842 7674620 3487315	
53 111 6962393 2401956 7464963 2104574	
747 714 8062483 7687134 5033025 2415628	
893 643 3027403 9306066 6261097 7348200	
369 40 2715525 2822339 3814477 8398439	
613 524 5134537 1306138 1132810 6605440	
150 770 4600754 5806900 952968 4683306	
608 631 3415652 9149579 2826856 2077092	
850 713 6509234 5913642 6067503 2729787	
256 702 6088725 9797438 4241872 4479474	
588 148 7012836 4958373 5516585 3483974	
790 829 8054093 4408627 6851573 3444908	
432 490 4816320 3212074 2466737 1402239	
394 71 2372194 8962815 3700219 5333235	
382 966 2709257 9788070 3837031 3328796	
264 170 8825886 2983279 3186279 8655764	
554 822 6320112 807875 8741528 6110223	
47 239 9142615 1048285 3048858 6504837	
108 123 6813805 5818193 585581 8180565	
955 662 2813921 408924 9085676 8058353	
841 753 4357740 3574644 2494539 7410488	
94 404 5091367 1558895 2148314 9258530	
630 754 9795 9250600 1843273 8812720	
992 373 5443232 3093772 9107196 7804540	
873 787 4932076 396768 7542256 1022815	
136 486 5409219 1391451 6179905 7756500	
905 106 6032872 5405249 9193489 926813	
282 586 7530602 3322146 5595307 5091524	
866 114 1956582 8692186 8753411 8978069	
754 451 3293104 9287619 8439272 3182849	
917 271 3271069 1691382 5104668 5734614	
446 696 8016639 1762042 4323961 4155894	
753 818 7926580 2400519 9870754 4166696	
188 490 6547449 5417243 5807792 5267401	
333 593 9579264 5946040 9172401 1931243	
318 674 3064022 5439281 3676723 8696948	
381 957 3449924 2710210 3060359 4815482	
721 25 3867750 8958385 1457392 6941779	
730 700 8646322 3425313 8995218 4320141	
362 148 5876313 7445818 4798182 1596160	
793 631 2910992 7739375 606741 9441776	
325 700 2565593 3296935 4776716 7949421	
497 452 8118320 6093344 8807483 3453300	
719 431 7094541 8248062 3054362 6099773	
831 424 948051 6692038 7554271 3411139	
323 836 2740214 4404966 3844173 3578044	
743 286 404949 9435803 4519545 3692345	
762 56 387124 5731716 7978744 7342250	
507 848 6141474 4493829 3451835 7501801	
124 3 5145478 9801663 2155630 7756682	
828 726 4947877 400595 8101530 5099498	
327 632 5856672 3700750 2220929 4064431	
900 668 2166155 4481376 7448019 2401055	
312 674 1732273 9589940 7284861 5851498	
354 58 1431531 4365189 1260919 7826841	
39 104 3326750 1931778 5338401 5292343	
516 233 6115983 4592716 5090568 6459048	
618 161 9483065 4677352 6100486 3023155	
710 413 2652033 1404342 7944265 2381020	
379 697 2445603 7208291 2340419 9786291	
362 200 6623454 2301134 3429805 2614752	
564 236 7429565 6398484 6797569 324558	
539 787 3833548 7795561 7312651 51896	
414 165 3697707 1998464 7749321 9124047	
186 275 7661398 4119202 651735 9631322	
813 174 3712359 4028275 1583437 7258215	
686 720 8415319 8989325 2098599 79800	
343 100 3904425 8591320 4990438 4212500	
623 844 3172271 9816035 2376125 5641438	
520 127 595516 7893277 9708669 4549870	
527 664 6712887 3054057 7850452 5139511	
275 417 2680331 505847 9477541 4394019	
205 634 4305243 3245637 5707962 4557812	
195 38 2631693 2709274 7136729 8606226	
722 286 4789917 8802328 5556107 7415347	
889 310 7701020 3398481 7341461 1325418	
465 779 5358345 4171084 5222487 1788564	
893 519 6882911 9907975 5350329 4455634	
785 197 9374796 213359 7014723 4845813	
900 238 2651766 4527215 1289537 4786998	
607 914 5392998 2305094 840095 7285718	
744 418 6933562 240391 9208534 1734187	
40 882 3144187 3323487 2619498 5609895	
481 777 6812730 3969670 1731508 6620153	
467 186 7371822 3167161 3920628 4687655	
121 962 3909661 3849782 2043711 7090774	
821 828 9568362 5188269 2905093 8462679	
52 393 9306417 4678688 7670206 3046733	
729 298 5632017 1667471 5258478 8601740	
962 735 6488462 8445692 3787270 8552537	
19 83 9156107 53649 5687903 9878396	
103 444 525096 2785129 5502113 8847771	
629 985 2903290 5948829 4352664 8664870	
75 864 7229832 1983997 3798287 779022	
307 787 6875112 6633939 9038463 3022280	
951 4 3208192 2467773 6766836 2946441	
614 524 3758454 3487311 7553814 579411	
390 162 3382925 7896713 2999233 5313273	
661 402 7395627 1101487 8548875 4917208	
608 293 2433122 4832757 6630114 5727621	
679 181 8493512 6641741 6129752 5499777	
527 126 6770484 4974047 5137461 1464864	
12 651 7040298 9305507 5130974 2313141	
139 803 5427304 451096 6804000 3047776	
357 711 488860 4707637 7012246 3739795	
140 19 4493095 366327 9534146 3054277	
124 420 9214007 5842285 353716 3212690	
210 433 703967 5450842 5240403 4384313	
579 296 1645748 3996406 5856850 6068563	
868 439 5111213 4674699 4868056 2105670	
60 136 1449073 9764040 6671148 1711633	
704 178 7009961 8926336 1705740 9854427	
889 537 8487687 1682164 2804180 7345163	
923 99 3016170 3786024 6173188 3258626	
817 361 793290 6660221 5690777 8051394	
583 224 8782564 4728990 6335193 5238412	
717 405 140825 5092115 9424291 7429458	
573 741 4112142 4162594 4979255 7262581	
995 611 4749809 464264 8867406 5600340	
399 487 5478325 1141788 4397606 5694957	
705 250 927067 6556136 4415741 8988263	
93 385 1935996 1932009 6262709 4654518	
574 661 6850414 2197037 4681141 9892476	
112 925 8079287 3937214 3872039 3612251	
290 269 5418578 7080224 6423967 2974488	
933 339 4397315 7301414 3764048 3779980	
173 829 2060124 6719380 6314975 4139973	
135 182 7627550 9849161 3204609 3055707	
31 48 5603243 4218529 3906356 9769720	
177 688 4498985 3821104 2732260 4942565	
374 1 7464859 1122050 2603858 9066980	
753 390 4728000 6158699 2896377 7579452	
385 66 2836073 2957115 7036740 4981200	
530 177 7251157 7475468 5596087 6447931	
956 391 3749380 6303085 1398145 8217571	
344 192 6908644 6640514 2340625 1486641	
932 287 9446994 6555763 2222235 5945279	
425 692 4938832 1469727 5670576 3128819	
149 310 5630400 3742670 5249719 6796907	
37 291 9214472 350377 9933832 2886254	
242 216 4051540 9506208 849401 5398452	
974 782 7691006 2250096 3242128 8403057	
239 418 7557031 5633535 6218693 4356394	
740 112 317340 8712787 2848004 1602046	
870 49 8246988 1945876 8092742 3937624	
856 906 9791242 2192347 6006008 5859823	
144 245 9668401 3561327 3658275 1400647	
692 378 6578910 718638 9513647 498657	
216 806 2424911 4537823 8089207 4141414	
386 357 5438173 3356353 9920179 7256302	
779 958 5635563 8280522 663820 2424884	
939 667 1805968 6253141 9136756 1685703	
189 553 4036374 1782838 1882162 9413609	
312 36 2747475 6756291 8014374 5171165	
347 647 3943744 7252396 3248690 183038	
405 279 8391536 8085079 4350163 5099896	
929 119 6210133 8710868 5391457 947404	
142 541 1499496 9900775 7411491 6016414	
852 617 9504971 4628888 1279204 4305722	
470 961 8418370 3764794 1719612 6484549	
49 913 1113213 4125415 6552374 8867416	
6 250 7929298 3852583 2007010 6601790	
491 460 7160964 1376598 8256418 3678776	
200 327 4954139 4275152 2439706 4304562	
109 746 1442486 4793368 4780040 3580862	
366 327 1820074 5195672 2951015 6872576	
716 894 4379744 5109503 1316920 8066268	
660 15 6700803 983358 7150643 5189181	
308 748 1950053 2084233 6439729 6657920	
90 874 6861488 6610853 1773937 3017442	
113 629 3346735 1853804 3004403 9725180	
953 926 5696960 7112473 4910561 4223880	
622 811 8194375 8755010 5780693 4789348	
682 637 2226375 8113752 3677719 4630753	
400 764 8209512 6417908 3594475 4293491	
903 87 1004330 3873157 3232140 6244034	
833 134 9487902 5487644 225968 5670676	
712 981 4926962 2509022 7814527 1019667	
186 473 2862262 7693355 4961608 691529	
539 959 3296738 6913492 3678696 7599393	
206 785 7225143 1907808 5139115 8952521	
712 66 9290967 5483932 3622712 2937623	
300 968 7157129 2136930 8015119 295259	
799 279 4135670 5348950 7330897 5428138	
759 403 1444026 4084857 6631914 5060205	
90 403 5466939 4390988 7125115 5091959	
815 23 884022 8045318 3145973 7369942	
98 714 4541403 4910117 330878 9194045	
374 397 5077622 5978490 6315107 8138502	
836 273 1577362 6166203 4510593 4576607	
102 525 4976353 4139800 7436241 7468718	
682 929 8050795 1547465 6218102 6966662	
190 302 8633237 4241531 3599397 1664672	
73 638 2251380 9039393 1120194 4198998	
504 839 2178624 9802444 4511540 2582867	
934 864 1339118 4395770 5432761 6724341	
33 148 7100351 4256058 3813646 8913196	
702 547 8734406 804482 7426291 2737799	
509 974 6450707 3170744 3898553 1336526	
20 290 5715155 1969397 4765430 4813745	
836 982 4414454 9222204 4471585 3998795	
726 185 5922052 5565884 151158 6416616	
477 801 7398562 6345115 3314928 9233939	
553 971 1978254 3291223 6829609 4054656	
277 920 1333784 5305431 7805457 4827501	
990 24 3992011 6776723 5155190 4725051	
300 839 4166875 7878273 4354105 1485303	
193 986 3625569 5284947 2050632 8465418	
105 351 5680248 2569240 5256016 3864090	
405 774 6895641 287569 7421756 6423184	
582 361 7777672 2537241 1105081 5336704	
310 30 7551287 4508918 6503814 7805200	
880 184 4330338 8877325 5254537 2836660	
928 61 3867220 7757115 753610 9148709	
186 807 1816710 5306979 2379650 7351380	
161 765 5747641 7378184 3986224 4311650	
112 257 2955952 4736261 1368713 9987424	
836 21 5053553 3935961 5850495 6324056	
248 783 3584042 8912032 6597106 3362130	
204 539 6396792 4251857 9695160 1567449	
977 296 7779090 1711125 3351037 3360458	
72 279 2115627 7867597 1421024 8032350	
2 136 3924052 7184866 2508725 3383710	
493 28 5791968 1346499 8634822 3043206	
156 37 7821758 4778013 2966787 5723888	
709 970 6503597 3201782 2480264 6490368	
17 848 2934198 5762011 5889555 754967	
288 623 816415 3129632 5277278 8188483	
438 411 1204963 3662987 9254611 6980716	
820 763 9992784 3714569 3043077 3239251	
697 787 7156985 451184 7375970 8461084	
295 646 4768764 6013649 6724377 4527731	
125 902 3625717 2792051 6898519 2336332	
263 78 5257852 7926290 1900565 1936371	
136 528 5537266 2196506 920745 2521504	
218 672 2689739 3116575 4594972 7899403	
429 474 2717433 9023916 1814326 8411828	
204 923 6229801 5841731 9535219 2777220	
663 776 2283841 5959199 422729 3232090	
497 567 2447278 3234637 6905150 3594858	
337 674 3841535 5343466 5918294 9015438	
381 77 8990235 248816 2632631 4774901	
720 141 2118447 6263373 2542806 8977637	
426 27 31505 8568687 2448392 3836512	
674 819 1814265 4584697 3424857 4807138	
416 506 3878903 3845216 4958807 501050	
853 247 4633159 8242295 596634 7594565	
35 698 3878033 4222442 5202846 3608998	
336 367 7720086 6680301 1307392 5777230	
692 268 8514811 6605810 7104644 1406029	
981 471 1606546 8808351 3114960 9115037	
419 198 7798489 7263981 935212 2786060	
901 868 6621855 1869344 4273418 9018493	
600 284 2568946 6451686 65308 7281105	
239 768 5884317 5838642 5917896 73194	
402 583 8832608 9017506 1328754 1553757	
121 122 5859921 5297285 2782384 6644661	
171 719 2490016 3137816 5925834 4705571	
22 371 8528592 4384482 5591602 3273073	
715 116 9799506 1125718 7551984 204716	
978 416 9275882 1528569 8746916 3414852	
392 887 4606924 2048789 7655550 2011826	
71 355 4478861 5882924 4837056 1186670	
85 355 2900785 3195095 6225504 7658422	
318 979 6087343 5171201 5924032 5263380	
742 870 5336909 3143627 8094731 9397990	
691 323 4855332 6885252 4818778 1395186	
901 922 2209132 5520347 4039345 4363281	
245 27 6927108 5090918 4173488 6155865	
717 311 1913982 8782137 9330611 1403660	
461 712 9031673 2115585 8895139 3437597	
373 486 3705824 5001775 1252128 6225650	
790 17 6022744 4201144 7143690 1239943	
397 51 8440273 2824796 8424259 2902686	
20 485 7252744 923074 5271687 5889454	
323 793 4944079 472755 7603899 3951621	
536 21 2372347 6194899 3999514 6243605	
336 570 4806250 653060 8839080 3641409	
785 197 7627373 3247212 2357590 6075739	
51 811 3152311 8456820 7417091 5796385	
202 310 3166869 320770 5030108 9679459	
300 409 8921250 9991744 43387 2848282	
707 704 2959237 3769891 3864424 6153146	
901 293 607281 7829713 885587 7029536	
394 556 2682114 7688612 420243 9644103	
652 23 6950831 3038904 9118305 5933098	
389 10 3801460 2740933 5315799 2835494	
469 342 7932820 8600600 3466504 4164466	
4 264 3350925 2864460 1815695 7112265	
411 748 1261008 7219853 2254258 4983702	
185 4 1208562 7848674 7964834 6833306	
582 773 7499416 1019946 7435457 8100781	
969 318 9053857 8758447 1509470 2752070	
269 846 177167 1111999 7982809 7578418	
123 104 3420631 553656 5548434 8700619	
492 367 7725295 2299104 7428358 2861514	
378 778 1038700 1705400 7654146 3971430	
107 778 609663 4191257 6781495 9394454	
740 42 2713674 4598548 9201719 6891089	
910 298 6042107 796870 4436428 6023100	
125 294 9431595 7335608 4534900 4764014	
795 187 4013912 9609821 4880763 3146199	
191 317 4042072 8081236 5948381 8774782	
826 335 6727080 7050699 7411824 1714645	
615 766 2097583 365479 9199052 565705	
304 267 6775544 7335181 488128 3967317	
212 44 7342535 6049546 8848751 3528397	
238 609 2411280 1914130 5609920 7502622	
216 154 5235682 3296619 4323779 7153151	
420 450 5066658 5314791 8849625 3798735	
809 230 7743194 7366298 4473655 2642782	
230 25 3866031 8462219 5800881 1932372	
437 518 3103998 4629417 2056279 9399907	
594 617 3545763 8874199 8831788 1560822	
746 708 3293968 2707774 3711396 9618020	
51 627 6064504 5237431 3692967 6345729	
72 727 7227232 5142357 2574303 817132	
723 268 8452471 1534877 4679497 4437290	
192 246 6006591 4913781 2551222 6719891	
92 497 2279062 7181096 3953785 9594928	
752 413 3340568 6838347 2465090 2387253	
871 340 930070 9914323 164450 8716198	
124 582 4075599 5073335 6753634 876878	
939 980 4223991 6486598 9933884 3382084	
664 79 9568236 6259053 2952696 2053592	
254 619 1372988 7644807 8942481 7568182	
339 388 4012166 8231257 8069836 291861	
903 334 3753531 2048170 7267351 5070656	
369 483 7171089 3504493 7564697 7144477	
975 941 9953739 1823481 2383721 1158739	
153 414 5348911 5216005 5161865 6138547	
686 81 3066450 9066112 129862 6268775	
975 674 5748522 6888541 2484186 442240	
354 608 5998437 1328500 5908663 6613880	
158 325 3920675 201607 5658556 3512401	
98 668 4691096 2999064 4338825 9528626	
131 315 8496445 1042265 4363085 3297111	
826 728 5683233 1482849 1556067 8482289	
623 973 2946104 7031931 488740 5968098	
984 223 6084638 3962368 5035552 437767	
541 155 1204706 7385351 745291 7812594	
742 410 9581618 3105701 2689448 9231651	
386 119 6647236 2395544 1631566 2351851	
773 485 7434980 3188590 7861238 1274766	
10 810 2781524 8030496 7691267 543641	
576 11 4240271 6339059 1422846 5355006	
336 848 7678480 2700285 2530262 6618043	
294 226 7757984 5365791 4102470 7217120	
202 200 7683526 6529427 7916925 1740006	
345 868 5236050 3707994 4247157 7319680	
838 195 459750 1493866 4906022 9385694	
795 723 2133059 7500461 3690607 6539152	
628 287 8110471 724748 6151322 6200350	
257 225 353881 5799428 6428043 6919408	
692 715 3137936 2550448 7649481 5127752	
311 109 2790223 4214191 6128771 7457496	
538 994 7338428 4947412 4701587 2800149	
889 261 3752574 1733330 8900494 5364396	
472 30 2847650 7863247 3899354 6743184	
777 651 5245407 3516382 7133848 1963916	
734 430 1459611 9337028 2103369 3365465	
428 461 2906107 7145902 7348548 4642461	
351 573 1327144 2967620 2298909 5133941	
582 300 4992480 4925079 6190415 5617739	
495 790 7240416 5124164 1049066 5753535	
742 718 5842295 9491255 2027811 6571050	
758 69 8411782 958710 4783138 3898108	
437 37 5156556 6214305 8571479 530337	
107 589 9489136 4676394 4152727 143811	
343 902 5446170 3400613 1796687 8150222	
452 466 1993302 2629850 6096045 9347476	
739 881 9565134 1866177 5895091 3758171	
703 65 3777278 4073168 6864567 1245664	
507 806 4675972 2463566 9222709 339021	
881 365 700649 7410927 1448811 6064977	
838 590 3175222 4752109 7140213 5316082	
408 925 8565502 5145268 8373675 2959966	
100 678 2168811 4964167 4508080 6509468	
907 162 2789368 7613508 3853393 6628662	
860 373 8184709 5846764 3060570 6016848	
986 778 4903293 4294874 6438798 5993604	
877 772 8546454 4672597 3900170 2049067	
252 434 394141 4778865 1119869 5396699	
5 206 3195908 6120714 5537454 3353376	
481 905 7899243 8329594 2417623 1048420	
316 618 6397762 4425910 5314453 6174439	
259 313 5004355 3246302 8795474 1611670	
468 540 698825 9221971 4330818 6218891	
567 231 6795891 3704685 7652872 8404969	
238 940 1067183 8867760 7146947 6884897	
826 842 9547869 5954499 6093386 6020815	
417 480 3093312 5051912 9691009 8761680	
580 642 1405090 9840981 6679573 3947614	
787 426 7605104 8085752 5013511 1464351	
597 590 5304930 158069 7455624 1312319	
652 752 8333933 7483602 3765065 397451	
455 13 8769754 9206060 1805021 840840	
522 779 5843165 4059121 5216602 5225863	
759 8 2751289 5328157 8763949 2270239	
890 18 6863326 3212123 4003818 9177668	
46 584 2875945 7709036 2512841 9448607	
670 758 3989819 1778708 7459379 5836457	
58 285 9886584 635473 3114043 9135775	
817 365 7489094 2977925 6356569 4081881	
534 557 6439484 3174907 6539378 3161801	
828 126 3864593 8172334 7847840 681884	
858 728 7494127 5189679 575533 1050631	
322 23 3665689 7707132 5781113 497626	
926 51 8973884 4411813 7316347 8871689	
649 718 2177671 9628798 4751047 1279259	
371 884 5652712 4884222 4224181 4448453	
568 640 4325571 1683479 2541346 7614755	
836 783 3686975 7141557 529166 7420509	
283 63 6805642 4024067 68887 7298862	
364 936 8267744 5460942 3131726 1766548	
828 672 535613 4565050 6975432 7353775	
38 120 6381522 5651860 5685209 339087	
626 248 6495435 7224308 9795813 3258313	
987 123 4245225 8118261 3976361 7331276	
218 705 9467962 5795260 2121559 3729079	
511 351 3054003 5075116 4582705 2086744	
658 965 20673 9457197 6451291 3122976	
539 168 6579418 7231290 445393 6333564	
758 782 4051103 4323701 7538175 7131388	
954 356 5883136 4271992 2955884 8495071	
396 947 5967617 2252911 9576356 4669198	
268 3 5853519 6957842 7756434 4216007	
424 43 1950896 7403558 7946787 8651752	
979 994 2930537 8684358 3079904 5584613	
253 206 8336036 6300606 6063125 2608339	
581 258 731569 7474790 7463792 4904404	
77 249 704617 5246825 7535087 5643325	
465 891 2506404 5140917 2056321 6795821	
842 792 1259755 3052516 4685722 1704014	
233 292 8976528 2955671 1453094 3345410	
459 13 4573446 5724414 401545 4590798	
791 467 8285398 1210623 8685399 1489519	
510 11 9238329 3547799 1441612 7445846	
349 763 8409336 4218750 3569531 2727143	
641 782 2467738 7020282 4855933 5668662	
941 356 1051012 9446419 1512039 3584950	
124 263 8416562 1133988 8596065 3938005	
391 986 1724943 3529666 8764638 6944336	
604 921 2647533 7671130 998176 8742407	
659 583 3464037 5082307 6634214 6186632	
909 990 9093079 5166755 2534037 4015025	
401 598 176177 9347762 1130345 7483108	
845 426 6887722 1790318 2405813 6173485	
175 146 2726243 8737129 3398837 4645875	
375 386 4867355 6540737 1583922 4258001	
124 255 4602249 4511209 3661331 5725814	
179 115 2713261 7068001 4704566 7236561	
194 849 3826153 4728050 7349449 3639487	
594 821 259116 1348945 6957413 8271263	
858 403 5295592 4469908 1987434 4589244	
147 352 3683701 5080491 3209423 9550669	
134 554 5248796 8372371 3672833 2410477	
402 190 4566645 7150364 4746227 932971	
139 347 4852334 5928813 2042801 5758128	
686 609 8540449 8365405 5518144 3083429	
829 200 7570566 4508986 6690086 1096714	
267 589 3267046 9112872 174247 8771229	
577 129 4830713 2224394 7509628 3154220	
975 454 2939655 3234638 8708246 6065971	
176 234 9692430 1981119 8116486 1221665	
892 60 9318263 911261 1661803 4298205	
492 981 6554879 5147084 7938453 523629	
608 758 1395736 3974178 7423002 9458286	
438 330 828345 5586148 5013013 9607826	
826 291 7913977 2060820 5566494 2998087	
140 344 4950389 2141943 2699641 4993464	
517 216 6553653 1488080 3845357 3836643	
194 521 4386457 4968603 7017994 4065238	
614 513 5227412 1889061 1923857 9964110	
675 705 8952081 6939111 5298401 690938	
305 459 6218411 6911700 1733829 6430227	
137 124 2474929 4639428 9665581 2596649	
272 1 3835111 6843560 2933029 7397616	
165 771 9168778 3316654 7224776 1613034	
876 372 990781 5369515 7821862 448968	
208 96 6162017 8832991 5443471 4061881	
137 880 3775579 254988 9232699 4662326	
270 719 3799461 4343755 6100274 4784058	
564 385 3760340 7565737 4148669 5070012	
785 681 521161 5574871 5170631 6668060	
349 196 1235249 6626317 5005723 4726691	
431 536 3626424 5509797 5099015 8941258	
121 845 4472651 6198549 3928205 7106272	
895 500 917567 1957420 8585055 4670519	
538 398 5710863 2968466 6658225 3953367	
665 688 2793432 6050549 7859996 588777	
269 758 9442500 4036866 9558159 2962633	
677 441 4037971 9600846 3758829 5722237	
457 737 2000949 7652675 502080 7342208	
315 649 7617763 3267864 6597988 6579561	
700 479 735802 5957734 9835594 3957400	
566 994 7157745 731106 6656759 1546283	
633 208 6693004 4228846 8056628 1536271	
347 10 2209537 4933897 3982094 2585921	
693 163 752346 9717309 9913653 5472084	
920 906 6739823 5481639 7222180 1814193	
307 19 5938872 2346172 9659307 517773	
54 203 4174864 5369471 7986998 6430831	
752 48 2773129 6072680 1275285 6377394	
72 272 7008680 3530954 6581095 4771633	
190 769 6531535 5710614 8464198 4951617	
248 69 2454057 5418629 3007960 8830376	
934 880 5693846 5313995 8357986 3654952	
8 463 8140334 7227628 6590706 2079635	
835 767 9808904 2702682 2462402 5384953	
311 794 7094603 8942161 8113370 3404789	
775 54 1563347 5206440 3351635 5331708	
169 506 6086288 5016836 4623613 9295965	
658 187 5532218 6361491 8163207 3858365	
