160 296 1461684 172104 9413114 2207551	
923 335 343370 2676463 3211732 7030212	
373 342 361626 8524099 22112 9710726	
351 752 892072 4223539 5018261 3711533	
327 564 7151415 7462394 377117 9118547	
611 983 2025305 4190407 8438682 2642919	
351 183 3659085 9561370 5307253 8063263	
862 177 2208475 8393811 6496520 6089046	
941 831 9519720 7665191 9305355 1701812	
979 919 3903460 7914531 8118494 4430475	
359 693 5809291 8364997 9427224 3836712	
21 856 3153105 449202 4785344 6642483	
429 968 3854666 9667902 7577313 7022880	
106 962 4889396 5272538 4359170 2845007	
266 375 7991700 4411768 1813159 3863339	
881 563 127461 1285176 3553460 1430098	
382 275 5747441 4097336 311361 3151400	
319 459 6960458 1094684 820804 6102367	
281 990 6138336 2411755 9640891 9978439	
465 414 8443983 5192657 7479600 1833666	
984 826 8231624 5683038 5187603 9633413	
895 567 1109031 1647761 1594208 2356881	
124 334 5523488 7963968 1715256 8753138	
45 277 6344627 255651 9058164 2225639	
130 404 6284086 4797767 2868233 626585	
298 309 2730987 7012569 4893266 7233157	
831 832 2877973 9467980 9936051 116464	
712 258 1682113 4125368 8322833 8297709	
200 103 732862 1828871 9074896 3270923	
488 573 9403010 1884701 1658945 7579252	
326 276 6189234 8653568 3641260 1336834	
887 587 5007814 4342809 7272387 76285	
743 34 9221362 3453137 3187551 41746	
97 518 6422913 1616516 5523514 6223207	
63 132 1341249 3804317 6596954 1295461	
658 461 2458053 3640073 8194069 1070550	
511 714 2753644 8704171 4083877 4303614	
487 64 4172530 3908438 8862542 4626389	
383 245 7658098 6980916 9968789 9700724	
143 666 285906 6057182 8213884 5494850	
576 57 5211748 1555541 4793030 5002195	
9 414 2444646 1402676 3662058 5875272	
398 885 591869 7632697 8920601 2932044	
252 46 3734848 6155824 3225066 4215839	
514 58 3375826 3515598 794784 1336067	
945 794 886410 9791107 9779629 6259756	
519 432 105805 6502373 3101713 7151754	
545 129 5294714 6094849 8735491 1232603	
858 584 8632093 1399818 7979564 2956713	
989 859 8743548 3410952 3365928 3185614	
963 169 1860391 1305271 8119769 5381105	
57 479 8790566 5697373 2191066 2575030	
320 883 2857088 2475263 8421064 4773564	
227 452 8725836 1306276 4719619 2111358	
854 967 7227765 1356933 2670564 1809482	
277 603 1536054 4196138 7486969 6955401	
467 683 879109 2692773 5659132 2170234	
958 656 1677910 7066531 482113 8655165	
739 848 4148312 4247482 1686095 9352003	
690 449 91610 7503737 3279605 5889498	
868 28 6305690 1637315 7407522 663858	
869 339 5440306 4330922 8980310 8440338	
648 682 9217161 5454628 4977029 4955448	
528 845 5158455 9328752 6836759 4553255	
893 214 3410605 9833756 2246649 5081736	
345 619 1644323 460354 9758011 4766529	
21 524 6852833 4697593 5482839 7257729	
649 428 8769134 2908033 8684371 2912615	
668 474 2768644 7986280 5746669 1672977	
953 957 8759324 8098082 4538317 3531431	
107 350 5000852 3538624 7867042 7844231	
703 875 1473614 2859337 5671632 6162353	
891 259 859721 1338944 1710926 5087271	
402 804 3171136 2627638 9393288 3413572	
696 185 1612176 4166302 3744570 9005587	
3 523 3376168 9162163 9603552 5102837	
488 280 1635230 18246 2950952 264633	
474 8 9135119 1802673 4679606 5535812	
258 888 6545491 464167 4113921 8494189	
738 662 6575043 5408254 6186919 9478193	
329 659 8686662 3219929 9322752 9362630	
765 402 9700149 9181715 9904821 3393451	
851 95 3390194 7099822 3755511 5233950	
473 108 5656122 5277912 8617067 4476431	
482 843 7994433 5239478 9571497 1094685	
217 299 9151788 5091095 9077084 4788578	
399 53 6857785 936419 6134138 3995107	
60 831 3972869 423570 2680936 3342813	
722 138 123503 2890051 8476918 8091403	
768 786 9411274 3868380 4069350 391386	
176 398 3088012 9384398 7685462 4220283	
394 742 8496998 6472279 5457996 6349120	
267 13 5800346 7832238 3016065 1544337	
635 65 2244140 1935128 6998594 1125946	
601 79 9700489 6539116 4658715 5975224	
670 920 7663340 9601712 6657488 2584369	
967 529 2497571 8763305 8251901 6588857	
13 226 7522313 8534323 1958049 5427354	
696 951 3061608 6932989 1054270 5849606	
42 878 8004588 2727778 4016406 5220467	
426 554 7296360 858366 6046730 9689400	
238 194 6470147 381360 2710538 5909140	
788 817 6484911 3040330 3342350 7087339	
855 659 2765221 7794748 798056 9363163	
756 602 3148989 7750052 355084 8663649	
691 754 6652314 5312459 6975717 1637766	
323 868 8635888 1464053 9321434 9238139	
855 846 767754 602342 8646997 3403437	
967 462 6823579 7654781 7182777 414140	
974 867 595974 5871399 58208 7200410	
875 833 9841260 9701270 6821583 745223	
33 791 606908 649915 742179 7320476	
192 978 9257991 2885468 7507280 5265636	
161 705 3417653 6477565 2219965 9860481	
708 299 4710062 606628 8017065 2690263	
25 633 866320 6484880 13437 3600279	
221 610 1457634 4739736 4847554 2110676	
126 109 8760138 6038442 9012830 5608316	
479 979 3351075 248242 807832 4558119	
217 925 8520182 2234320 4810187 9719451	
90 657 2352150 5930609 137283 6375044	
279 398 5855034 263373 6304966 5416632	
932 924 8864500 2906956 9829488 9189408	
967 936 1206134 6914627 9710678 2507233	
667 267 242780 9489058 487424 3693463	
200 740 7571542 4633758 2748094 5484156	
693 936 6520287 4197839 4664434 6075025	
618 930 3726142 3048929 8076740 7427259	
474 627 8136055 5086883 8913329 3390936	
986 495 5502264 4510635 4846156 6312809	
492 676 8258394 255325 5676695 5263510	
180 15 3074706 8552645 4121513 8550262	
222 939 9972089 5006997 7335350 7043980	
333 256 638362 3153273 2755681 2575785	
428 239 7642384 7061383 868685 5491690	
877 353 2251270 5916851 7191727 6649360	
761 84 3089861 3936972 3983618 1193461	
643 508 1246644 4851768 5507067 2567670	
116 178 2878942 8579811 7195987 5538950	
960 815 2475061 9736152 3816881 7425643	
451 79 3925085 6547532 7076496 8841689	
690 99 459165 3924641 26398 4403852	
816 258 9628881 5915840 3079981 2053746	
417 385 570818 7935860 6987634 6429742	
137 738 5197729 5215488 7694415 4710668	
626 974 5207104 1445782 8315660 7036998	
892 411 6451749 845704 1823162 3378242	
531 887 8061956 2564826 5003347 7221233	
234 129 9213821 7467544 3972400 5310798	
373 850 1572646 8824998 6599768 9253855	
194 673 5975977 3415570 4544472 3409819	
428 853 3482195 1470296 4015019 3130692	
627 731 62098 4773715 3108074 366577	
670 787 5131415 2587785 355454 9614768	
215 100 9214251 8694089 2532830 3656727	
15 586 9413695 214245 7805217 2923412	
363 420 7471974 3503878 7566875 5328858	
331 830 4500498 57180 5694237 3203318	
129 901 5739874 7360842 5973652 9075623	
986 752 9427252 62341 8223525 8472086	
356 638 9142384 3400030 6298009 4857164	
473 188 2614840 2987275 3496568 1110251	
39 324 5468433 1418475 1007207 3596115	
805 55 5091870 7201770 1306032 6497711	
586 413 2935899 7571846 2868263 2346359	
777 607 6498754 9178257 7571504 2251160	
42 9 1590245 4577288 4931739 1444524	
800 810 2799629 2835811 9043625 7890077	
500 71 3963735 7661077 4973723 2317817	
46 917 409157 583233 3714822 2009731	
965 849 7831102 3565470 3371038 4819240	
818 496 2037220 6333632 8872381 5036069	
597 793 8004723 6827944 8497156 6554361	
605 915 1218349 9678358 2846198 6606128	
865 591 5427041 6257291 1236294 3094954	
74 586 5348990 2359374 123369 6136582	
426 388 2987062 7199116 7887850 4310390	
325 33 9282109 7104258 3539888 3080637	
630 684 7472199 1103672 4682991 873164	
107 230 2152687 7617678 7388314 9782902	
453 906 8285450 5768197 1505539 2887252	
312 491 7131669 9446634 5526592 6469316	
296 131 335445 8282612 7757599 7868037	
18 610 1818524 8699550 23018 276538	
532 987 6194184 9434758 5843325 8163426	
531 873 2710563 6956594 7637671 6328982	
916 355 8778656 4884543 7494106 6275013	
374 31 9137142 6102831 4147589 6513074	
949 48 4221413 8087492 8517313 2449476	
925 306 5800089 2801424 8157790 5240510	
90 319 3185990 7690044 5483280 1037564	
475 53 4338559 6047228 1810762 3491969	
266 709 6676411 317390 4544659 9843796	
786 699 1927234 3927407 2800006 780689	
480 412 9293362 6916505 5354837 467578	
850 256 1564260 2793276 5154003 4415011	
424 92 2528339 743545 3006106 759228	
435 722 9614564 9411604 1070953 3072627	
941 857 1680373 1952218 8798292 9214841	
185 428 8649665 8283527 6451756 2494062	
847 831 6725358 5969589 8479956 234664	
485 481 4961119 3685275 4398106 3757083	
92 643 553621 4257454 8338181 1663982	
57 257 7065897 6725397 1061709 13952	
509 981 431390 1410400 80096 5742921	
226 52 9687127 5027888 2561412 9508188	
421 230 8421829 6876069 1069465 75829	
164 839 7591472 4247159 3523101 2097615	
177 157 6866830 7849600 1337106 7882875	
915 355 6254250 4756324 1398258 773390	
301 532 3770213 2568771 938191 5166086	
942 575 722217 7789294 9287476 386159	
325 551 5503753 6956851 266628 7018983	
15 25 8915164 586322 4365742 3070257	
478 948 4788001 5401516 4975968 4825542	
731 255 7515184 287324 2937808 636277	
429 714 2445418 4772795 1941976 3116196	
640 237 8443274 9265964 3429761 9526535	
906 416 7701498 2328163 1891053 4729239	
910 422 5604987 3514381 4049623 7800622	
608 209 9025942 1017467 8633501 3509933	
794 674 7846818 6199540 1577638 1363135	
15 768 9506264 7280323 7130709 9297320	
651 315 3926951 9887999 915998 9595985	
851 538 1599189 9290319 8531337 1005664	
126 90 2161822 9617536 5743763 3055849	
751 881 5145196 3267090 3076478 7251342	
210 949 1684998 5393926 6362654 8844654	
291 956 4102106 5203688 3441377 6987281	
282 126 2187681 1049369 773059 5503015	
21 379 7237136 5181231 6366722 2475708	
907 183 8217517 9556840 7086835 8103952	
246 60 3589494 9202537 2406737 7679647	
128 367 4758588 559956 8798935 3111531	
331 879 5319602 9628645 6848532 8552481	
216 796 4648229 6451555 7454102 1041633	
15 266 2839789 689332 1398957 7111229	
364 795 615657 7832470 4829885 4186258	
782 68 8901705 2718182 1582716 2201843	
608 928 8569132 2718453 320844 8820965	
637 588 3451712 8150335 954225 8373479	
333 98 9673449 9758334 8340003 8654175	
718 60 1818796 9330406 7452855 3636102	
84 429 3432528 4023532 1155638 2901509	
88 300 6219158 4028006 1779107 2812055	
53 508 4168230 1190999 8278761 6050080	
651 852 1417329 7699416 4609307 2501650	
521 938 1166863 5964827 6220065 2913505	
645 397 6371670 6600254 666290 1611060	
749 145 7962329 3795575 8473965 3701073	
307 827 3691652 5977511 2738015 7258247	
286 764 9203208 7767577 7214406 5520921	
384 974 248890 591253 3758165 2871737	
444 11 7555381 1183983 8060401 1171205	
880 592 5058575 6017787 5175134 756701	
732 875 4279728 6372534 1498975 5482427	
38 895 1324326 7321908 6232831 477984	
357 118 2779609 9989975 2583226 4206583	
864 632 6462385 6557354 6827335 5871815	
526 573 5439213 1006390 8870495 6565754	
681 383 4997532 9122072 9555142 6029881	
181 412 9407611 9780398 7748112 6326532	
28 566 7899205 8388820 9825598 4156381	
938 661 8149633 4063602 5130762 4104433	
979 413 3700559 2108798 2113531 9565398	
505 450 856084 2266021 5041133 7474057	
411 965 261079 1779240 6755929 3079604	
529 176 6574938 7375469 6812272 9521555	
948 50 1891871 2151259 2186472 347966	
914 18 7062290 6525669 6448767 7822004	
427 29 4799874 2107874 8228136 7966676	
867 1 1590481 329211 6502820 5789210	
475 70 5439329 7423281 7286488 4180612	
569 127 9751354 6974163 5352712 8149294	
411 590 4691298 970243 7466639 4028519	
215 918 2881811 3871383 6002500 7806477	
60 549 2336464 964503 34994 8298608	
278 86 5145984 924015 6520630 2795346	
227 233 9123587 7270239 3929872 4662451	
323 938 4203188 815102 9879302 650849	
495 249 261081 8171875 5650932 94874	
363 586 6852750 4127719 2273691 6432168	
773 492 8135164 4850202 3169718 7813902	
749 936 4655559 8667621 7944142 824628	
469 959 1687673 4181508 7804138 3005086	
855 989 5767101 1787767 8748737 6789099	
487 429 807111 5289933 6808886 2842776	
368 953 4479593 517532 3870376 8166252	
302 168 4605318 1459702 5392802 3579895	
794 270 7047918 9783723 9819522 7336708	
184 49 5973719 990602 4347451 5590234	
970 700 6031861 921990 1182860 2202271	
306 672 567020 5280870 9863293 2710320	
667 286 7752627 9466294 6359357 484741	
854 340 4607560 9729917 6492841 8973503	
127 87 865099 5884075 1056445 5973964	
463 45 7982555 4042861 6249272 4444649	
289 340 2582746 9918480 7614730 2165788	
239 927 2638554 1068926 3863019 5853987	
703 852 7715836 1343602 7142183 721682	
429 41 4380923 9537532 1179455 535534	
640 203 1820257 1264377 2661970 2432860	
295 599 9639692 7141447 425155 88449	
721 602 4455670 7467087 6803011 5657766	
55 364 1926561 3421904 8464728 4065734	
456 55 8435375 1846280 9937249 5181836	
901 203 3229402 1224326 4358935 7805988	
440 821 7105872 9725118 4539544 783523	
914 389 3720010 589364 3055090 71947	
602 29 9017133 9360473 5112960 8241769	
395 673 5169198 4571436 6397986 3921378	
838 686 9787059 7742399 978613 1426029	
562 740 6248832 6917243 5172602 1061563	
518 300 3854263 5546991 4837153 2681020	
781 195 4835509 5059232 312783 3366937	
909 728 1216563 8708423 682503 5179636	
483 852 3787214 284483 2902527 6965993	
267 914 1257341 1105061 782551 2344622	
734 744 6974116 6743989 5061752 4160053	
416 682 4234839 221470 1289751 3146698	
965 877 7980599 2242623 3028198 1163554	
981 789 2076961 8042323 2328938 7182105	
714 533 325049 1812637 2762093 7426392	
24 72 6262815 8309884 2160334 8628651	
371 584 5692900 4280758 1351372 2159617	
726 590 7813423 1951917 2607996 6687819	
814 80 2589879 4958324 6172485 8322620	
973 358 4960324 6970811 6269753 9182766	
517 126 7903521 8449602 21813 9823653	
79 415 3510371 981935 1475353 2772057	
175 944 4746148 5295603 3071345 1266156	
699 707 2709244 8240278 1081957 8679052	
148 791 3342043 2414303 8331218 1767910	
950 484 5621120 1348161 8683320 1678032	
66 358 7909371 1946670 2007536 1652233	
56 709 5787870 7096557 9359918 7622344	
718 141 1812676 5060477 3592998 9068175	
446 268 4639636 9636222 9269124 9762226	
993 258 8782792 3765111 8194029 2156835	
61 599 4795841 6549431 3010107 1034462	
965 131 8316747 4512086 3354108 4725946	
783 759 3928003 8907423 4386141 7132567	
412 483 9970156 9388372 8237558 7847536	
318 801 8302524 1983673 7170374 5105329	
977 133 1849476 8772856 3314339 6024570	
568 810 2678912 3167321 3076316 3893422	
900 138 6422198 5252866 871018 9997867	
525 870 7219955 1726863 4364661 8286824	
755 949 8443671 2091846 6697496 555310	
954 753 1038625 4421838 2487990 1274808	
904 363 8923264 6771955 5179274 6452538	
731 137 6107901 1738549 7263621 5650874	
463 224 4596029 8903967 2121724 7363878	
474 713 9865731 7289063 6586479 34960	
376 38 4231046 5790998 2483699 7875051	
257 627 915394 9501928 6038571 5136268	
866 868 7917718 2969773 7491697 4303131	
580 336 2672113 7563098 6394395 7047247	
923 156 7105585 5820471 2492812 6637479	
422 73 6160557 1972552 8636173 425901	
654 388 9782872 9736528 1395453 2759515	
179 850 2581973 5297964 8598733 3512981	
320 875 7717116 3836382 8169067 1506189	
515 78 6282053 2903026 1604659 464731	
643 224 65637 3681219 4842056 7300796	
682 669 2237265 7876567 8487427 8529048	
446 505 1080055 6229994 7419053 3396102	
638 759 802562 9013079 4188282 2030806	
69 507 8724296 8052877 5935583 6222803	
390 959 1508190 6084708 9141117 3391370	
47 930 5431067 6396235 2446556 4951751	
364 428 5801911 9264708 6587885 2928164	
444 843 3940704 761855 6336001 7180321	
201 885 3371846 6665568 3587745 2557246	
875 229 7627480 2896583 4149754 3529175	
343 122 1153515 7303357 8835126 9320530	
701 8 1998365 4604829 7042104 2117643	
965 453 9976308 4828622 994744 1903931	
83 472 1301247 5938334 7066884 5252951	
279 67 9241075 358148 3206708 9887148	
604 681 6244565 3164080 5896082 2028767	
14 165 8777546 4181341 501851 3623133	
945 994 7994877 6189446 7761696 3397088	
942 373 4438273 4784847 8044106 7611486	
634 606 5983699 4725131 7112551 1601625	
617 898 8028336 4282146 1766294 4589776	
288 596 8197475 7698170 2690600 3173488	
114 537 4464815 3558121 403277 6777592	
838 792 3371428 3046882 9141513 301108	
463 735 7600882 2162838 8241673 2930225	
184 462 9303694 8021871 5989830 7399588	
636 566 2455686 4574709 2810137 8203406	
354 647 3961900 8594160 3137608 9443290	
380 652 6906313 7897901 6853050 8008109	
795 793 4192731 3760348 2760771 7683688	
964 790 3234856 2008322 5714866 1879325	
584 163 9065480 2858273 8011861 7837458	
885 277 4062718 6997033 467894 8758097	
445 397 1745129 5746295 7281282 7878821	
901 679 404192 6330234 5939458 1425888	
249 541 3745288 1220746 9308398 3624124	
326 160 8949054 1720565 3908479 398786	
261 745 5267679 9899961 2672977 4439197	
397 228 6272645 5674647 1571545 3890473	
784 878 9331874 9724875 7802253 8073167	
639 232 164908 6757128 5000401 7303005	
10 262 6172648 9768909 8366902 5872735	
602 733 9814306 739110 5579217 1973311	
807 798 9743551 6931370 2017543 3429893	
38 410 644400 9011611 9972698 6745818	
936 828 9862567 4858170 349434 7811442	
563 23 2076433 4259993 9856012 256535	
622 149 4531634 8695899 2383778 8165553	
140 532 8504193 6094483 9394554 6883527	
749 774 6377490 7357622 1125489 4188515	
231 449 8307996 5532676 6708856 6837076	
998 162 7962253 8716502 1647023 3187379	
333 56 143249 4855918 2305602 6633009	
53 852 6811388 7783461 6348767 4334379	
692 231 5835259 791779 3426570 8122061	
679 676 3702903 3673913 9934576 298078	
407 234 658651 5763842 9934922 1893372	
859 944 7769588 6795090 2520377 2619055	
777 935 6315963 2657600 2506625 4616752	
352 337 7667248 4667478 1123369 7887315	
744 685 3945483 2526470 8579719 1911405	
22 519 2884727 9613233 3731976 6485138	
463 191 9051496 3999455 8387711 7633191	
53 867 7134762 1638650 5737060 6047285	
600 563 798459 7063437 4230437 7264009	
657 77 4249906 180463 8685658 5980440	
724 920 1968170 9071659 3273458 7254954	
225 819 9794120 3000729 8761121 5428617	
252 766 9469519 1670036 6357370 3563209	
958 101 1884630 3560152 5142674 9214918	
750 699 4893983 2693683 1182838 8108304	
904 406 4756313 6943188 413467 5324363	
71 870 8043162 3460175 937592 5490370	
942 255 9507895 1809527 4441612 1160885	
678 6 278859 2197550 7350663 211316	
759 321 1061141 5101641 5532758 1764441	
772 740 4056899 4269872 8947643 4392114	
16 844 622707 2320895 3009612 6732621	
259 480 9079554 9083385 9553293 9642659	
950 654 7827409 8863123 9470976 617170	
413 994 6707611 3369662 2869256 5868984	
435 786 8256774 2909819 3008504 5465799	
120 465 7367248 7351619 2502389 1609507	
37 292 5136345 3867883 104548 6460757	
894 779 6147258 9464453 7462450 5460316	
31 594 5510941 5819929 2633471 3795667	
523 433 5544823 7145913 9307584 9508939	
400 422 5910925 1619386 9067379 6550264	
19 538 7003479 9720986 3214242 7513328	
766 133 4408488 2867368 9831532 7877724	
792 78 4663703 182837 1435953 3421491	
914 40 6047098 4530612 4401598 8700968	
381 709 3164649 5373351 2173110 1219493	
2 145 4286366 2773859 6279969 7308688	
803 173 3788153 2441447 6082877 8124751	
825 564 3268791 6120984 7575520 2960235	
636 558 2058486 4115004 8861540 1862093	
547 804 5516912 4299277 9621261 8471203	
216 489 2714353 6672865 9191729 9445422	
66 952 2303315 9536560 2406907 5564798	
914 579 5331732 713942 3243287 9093431	
862 806 4871425 6524564 6482340 2069229	
343 347 5934023 5540500 64089 9910233	
483 943 2409853 7463549 9514472 9215236	
436 154 6451272 2411650 802458 7310435	
993 729 8594112 4330434 7601090 5472546	
825 618 7382665 418879 5373684 8463880	
698 309 5426812 6111281 1906407 9657618	
597 409 2102336 9893749 9548283 5022327	
93 702 1260104 6342194 8460313 9087761	
517 246 9794600 1782728 9663986 3898307	
569 229 3009727 9521219 691961 1806241	
74 478 1758843 962019 9914280 6396431	
630 598 4240344 118389 2809412 2814796	
245 591 5550024 8677347 626232 2048925	
476 196 3197595 5809878 5336515 9596752	
712 582 2096385 3163678 2287749 9841681	
629 285 524648 1172124 9285384 7141239	
354 191 9395176 3470555 9525196 3727185	
919 46 8020131 223457 5927721 6576016	
266 651 7377540 5976269 8087161 317084	
544 674 449489 8115498 2089415 188511	
190 713 2088623 9024537 9444802 9985345	
124 20 8067253 7255146 3531056 3936262	
233 405 9917405 1585208 8914909 8608373	
601 572 7534821 4178565 9269446 1433151	
940 214 8704950 2858352 9618812 1214227	
651 972 5925434 1042404 3786641 4994085	
361 91 9376604 3359219 4183654 2057451	
724 587 13896 169034 2623157 387387	
490 974 2104324 6123679 4547942 3966435	
226 112 3927129 9322641 9800440 1565652	
583 328 4720006 5063854 630436 1160521	
381 609 2062831 468495 2727943 2642440	
197 518 4368809 9380245 6576872 6538190	
246 889 4449703 6718869 9731903 7305343	
423 741 2211529 405758 2715620 3642732	
948 590 6728486 8375868 3258150 1581931	
752 595 2522554 3238384 6513223 960895	
717 937 3752781 9244864 5525315 6652018	
163 322 7266210 2020372 7166571 2442279	
449 657 2812765 8832743 1339774 1418165	
541 225 7312244 13860 6638617 1222193	
569 167 1807758 4054701 6802021 8759924	
307 725 4230638 5057851 846735 5494976	
749 791 7803662 6986915 4162265 8023802	
148 98 8336567 8453481 8682118 5172247	
569 403 9299348 3663414 1894995 935264	
115 919 8067363 4234699 9722526 2916800	
578 592 3962817 3256313 8387474 1839807	
930 906 9140802 8780470 3940516 1895229	
340 209 6037673 8454397 2444854 1752137	
254 901 4444031 654975 9161489 3693127	
945 862 3178533 5383277 4720167 936176	
824 426 28251 1685601 622713 2625741	
157 750 6490150 4182390 9894465 8595034	
851 410 283747 9939806 1696847 778450	
833 41 8518788 232282 3788667 5816468	
771 404 2743206 6238743 6190845 6343626	
537 842 7879090 8945484 2987397 1821622	
475 826 6504432 7169165 3732747 9600299	
232 715 3663090 3945276 365625 9383091	
453 585 1222977 5630880 3334967 6975928	
824 564 2279820 8702562 2245366 7009973	
837 705 8914589 486674 7537720 508056	
885 731 9268262 6637073 5568034 7288380	
223 428 326627 7562705 8495802 8967699	
244 50 7249259 8512951 1148818 9507260	
251 636 2667208 7811913 6110335 5437245	
342 652 1400367 385164 170013 3980576	
404 333 9654348 7900384 7076564 9600139	
149 363 357764 9445507 3544682 3539952	
123 355 5398895 9367726 6890637 324840	
146 566 8703436 5974770 3175552 9059525	
369 450 9586170 6809670 4432466 2270303	
440 554 6948200 7555882 5236299 9000400	
26 330 216017 2308425 3081368 7514849	
281 494 8603315 4239599 2229803 6595383	
46 386 3101830 5921659 5473310 5498302	
375 300 2041897 1578661 9716359 4243732	
127 227 111413 1530922 3932690 4270207	
212 919 3125045 6443559 9140885 4494698	
774 369 7311125 8217439 7707605 7388480	
232 750 1293727 2823388 896215 9590530	
12 972 1316019 9188164 1208702 7025302	
111 169 2584917 9159011 3070646 222575	
675 686 6122667 4527688 6309910 9020450	
567 450 9244971 9580222 491148 7447319	
186 346 1378216 8139370 7895778 6989938	
134 661 2721624 4927932 9572192 3558312	
917 477 4558622 9772502 3071638 3242334	
26 483 1766880 2572890 1260805 6753330	
796 294 9822298 6639356 6045037 6785398	
820 286 4585328 8341837 315613 1651482	
583 178 1333079 1899238 8677722 5727787	
931 202 6508119 1006485 4587266 6788054	
346 398 4014661 285414 4847816 5770320	
995 394 269675 9986049 3117196 3075088	
3 197 4981391 1844136 489168 8439539	
137 177 1698044 8072858 6379912 4297199	
452 214 7954650 4536493 8764078 7405872	
743 177 8833688 1721978 8817254 4036214	
741 635 1333899 7425079 4559882 8239812	
838 248 9312506 4189429 2894299 5737974	
912 385 6670348 8516523 1160227 5915143	
315 423 5540131 8797658 4445211 9185912	
650 113 7980348 5787565 9412710 814183	
350 804 4803011 106726 8679204 1698795	
646 765 2753934 1792133 2989820 3058419	
62 909 6374463 8621097 7377833 3948168	
619 24 4816154 5792147 3457715 6007861	
40 667 9708962 9312970 9589683 4323747	
254 950 2604535 5654327 2609338 6660098	
752 941 4206185 1746410 4974894 7786286	
969 784 5307548 2819823 6216473 8411433	
914 213 9417961 9901016 3578053 5936074	
268 937 753071 2362849 6456474 9218164	
854 774 1263918 116741 5002453 7381162	
629 888 6159834 2774010 4505122 8000845	
569 609 7486814 6190858 473834 2613218	
358 853 9266048 3166861 6945011 7095673	
645 943 4473397 7495838 6840963 9280476	
505 842 5316656 5449385 4082651 9554188	
478 293 4859184 8989124 305890 5843909	
39 917 6911256 9198400 5961515 8028813	
235 741 5112047 7867154 7857695 7972298	
710 285 1640317 7837582 8099260 110964	
841 75 8555539 79073 8563621 2383514	
646 117 678912 7662724 2037095 3599759	
856 354 2973982 2369223 2516809 9336683	
566 875 8217658 272423 2116631 6800487	
471 492 969373 6985814 8049243 2459159	
648 253 5848501 6066415 1099848 7390210	
33 399 4106887 3013060 9211371 1178394	
524 744 3647385 7321595 5356866 7407529	
436 295 7120626 7417994 3865123 9928619	
537 322 5907829 177001 3476767 2433213	
434 888 5663009 1325643 1038403 193468	
431 599 5249698 7776152 7909259 3993146	
425 186 1413132 2252828 9248003 6642880	
877 416 6412182 5889040 9547973 3972669	
562 851 3423230 340062 5393108 5719546	
793 771 7006706 6395489 5207514 4635052	
80 206 7930127 6788184 5823900 895391	
263 574 2330746 5039613 8086428 903171	
590 130 5387925 4291170 449783 3161954	
938 807 9416968 9379026 7860284 1497335	
733 383 3228167 2730910 3680998 5070718	
235 291 5333433 4218855 7271124 8007911	
943 101 3784853 6657847 9036756 4543860	
264 378 5952190 8863787 1739451 2608374	
314 525 2262128 5808332 6534645 4975378	
447 619 7314261 6212583 8234209 9909811	
503 329 5459843 4689262 4466823 3356923	
945 615 6121715 7381602 8412166 3408944	
357 292 222207 8615776 2621443 1538394	
595 52 8652746 9361592 7080623 21077	
492 398 4972459 656634 6118603 7341637	
797 154 8361059 686225 4144975 8211998	
360 918 1311431 4059857 4880670 4683665	
928 629 3289324 6008922 5199130 8797342	
424 431 3307068 5685303 8620918 1110835	
175 480 653859 4974405 23936 2931056	
966 225 4949798 1397695 7274585 1297680	
338 967 2086349 1980905 5374234 4563481	
683 59 2972815 4031828 4339082 3891588	
88 370 6158359 2413723 1044849 4898315	
667 776 6098781 4352165 5941409 5099226	
344 140 5921955 8849019 1651761 129461	
609 819 4744094 4458721 4497638 8726259	
935 513 1760971 1373885 3912041 3487863	
32 353 9128298 9060788 7361943 3790797	
493 610 4497636 6931941 1663934 2865684	
170 269 8532748 3628040 813932 5315364	
516 617 7733728 2809064 2341889 4158609	
660 72 6248801 615996 4816108 2754501	
960 656 1644559 9544519 4595283 5239306	
564 287 1059707 6699921 6702798 2703005	
228 573 7914376 880442 1186541 8025254	
348 813 6529505 2931676 364166 2429823	
392 974 9217047 6954644 8334097 4643898	
379 344 5116857 2040600 3878837 7810552	
624 486 2959874 9768373 335055 2219825	
175 829 5410810 6331528 9488335 8355358	
267 411 181823 7644417 4862556 1135728	
107 726 2085795 3549616 9515034 5404358	
719 649 7763036 8196308 1500328 8785334	
502 653 9439509 3659483 3033059 2398486	
321 6 3106542 3062799 7158285 3627692	
167 974 4554059 5958087 4369331 7506458	
723 771 99167 1518828 379420 9732139	
86 691 6247888 758354 6314650 6588700	
813 789 8166741 3168751 877763 7210872	
741 45 5969402 756518 3657126 426374	
104 22 4650672 4402671 2059851 5736992	
789 137 3656913 6431231 8088493 8759743	
674 38 5050310 6531830 2608280 2011826	
44 937 96516 6211060 4101532 8168853	
134 718 8897122 4559031 3026772 6033739	
622 69 1977649 9870568 3605549 1150428	
811 906 5072797 7001886 1694138 1705061	
859 804 6386417 4797883 5091635 2827426	
345 714 8591550 4938912 4608157 8981755	
58 881 927223 3595138 6080210 9817719	
120 649 3497070 6684888 1576033 1044255	
462 785 357742 8771973 8543224 3422491	
543 805 1008036 8505122 3179750 2253109	
880 404 6801578 45132 4470993 7460555	
979 856 9747338 7990653 2831990 1418138	
246 79 8230430 3392876 4983257 8200936	
287 728 4005965 6947576 964574 7610684	
8 359 4703953 2909677 7759550 1995568	
262 414 1521777 6265766 614799 6796920	
677 999 9122606 8522080 9114376 2242680	
6 557 1200640 9859795 4738300 6098344	
27 26 2372881 9094809 5001445 2997258	
153 109 5314064 9576629 6730582 385959	
410 34 804493 9693844 5679667 5919454	
154 568 8219914 4507287 8205012 4414897	
421 236 6693560 2392162 8733516 7576360	
309 81 3114688 4842609 281003 8647788	
665 128 6096726 7676115 3554190 231333	
65 897 3741922 1200307 7845898 6766933	
686 100 1297771 4000004 9823577 222921	
139 572 5853229 2387089 6209167 1155851	
225 739 956431 858455 3032028 2679983	
423 540 2444429 8798202 1840558 7424963	
842 59 695833 7759871 8808211 3152928	
247 643 9940694 8188123 8582393 8544070	
619 383 3225611 7676030 5008821 3673887	
500 531 6131854 6058531 3177200 9145158	
31 181 5339601 6132259 5823651 7498743	
325 819 9789966 3329482 594324 5134143	
392 690 5665826 4287867 1542788 4298078	
579 347 312218 8907411 4360353 8468556	
195 793 1371147 8164100 9046316 9630023	
18 840 5249171 7792423 6599071 2763925	
498 224 5888382 9645004 1768442 2131262	
215 869 8575326 9537517 9335503 8464898	
52 860 3041939 4222416 3269672 2275253	
555 970 1630753 614648 1296438 5783515	
216 561 8709053 5273955 1179954 7454820	
249 462 7176635 3276778 1384659 8627693	
835 709 2435812 413584 4327666 4981213	
196 549 2832697 1652767 6328135 666513	
153 401 8040476 5824630 9381589 4345266	
739 983 3514065 9580332 3424698 6735551	
528 11 7830048 977742 7719941 6601713	
740 730 9263644 4706068 8878072 9197240	
197 679 4780454 7030135 493293 450668	
208 795 9009966 8031562 1352193 183804	
559 112 8076400 2839464 1896648 6651093	
677 598 1528857 2166012 3427459 4257026	
515 981 59143 9034086 700354 7318569	
872 96 9014534 4095369 4627350 2812935	
187 131 2350737 8697694 9641173 1688361	
734 100 7505587 3135661 3793370 3789925	
941 717 7526602 2807444 1150846 7525695	
774 132 4481746 496869 5262783 2373771	
41 420 3174258 2670606 6880958 1290976	
863 490 3457752 4249358 7017727 8148802	
354 843 1494390 2228531 6603920 4056447	
951 109 456337 2901887 5343967 8276961	
550 286 3036594 6479643 2356714 2662989	
963 231 2867657 1981829 6780634 8258301	
888 115 1822228 692320 8910597 1223351	
80 870 877464 6849846 5532409 7873450	
217 95 3131999 9719193 4503945 6921904	
856 528 5990316 2249629 5556359 7865529	
92 140 1512828 653562 1898488 203237	
241 662 7828514 5969378 5382655 9756596	
977 144 2971243 6947949 3955160 6300316	
311 957 2968944 1231890 4500399 5196479	
349 719 1147017 6052061 5960475 8512600	
713 537 6477648 7817948 5913450 5611560	
109 915 5132103 9414382 6628635 8909472	
153 861 1264934 3392142 6664223 8837197	
198 244 7127955 6565294 6984714 93225	
965 234 6256739 2663650 7591130 8060408	
401 616 7790900 5078813 7834616 6998720	
742 473 5898123 589942 4540346 6763287	
367 147 2962855 7894384 7849933 5720674	
250 584 6061873 8969897 8959805 2701170	
589 101 6351345 6373722 4810965 5495014	
347 934 8070412 1983007 3924751 4295258	
640 657 6470543 3592132 4844808 5769801	
460 768 3700187 9374805 3456894 4523236	
243 588 3246696 2236438 479863 230454	
208 678 2370852 9061434 4717704 1398980	
894 374 5813288 6812962 273646 939990	
160 983 6643622 7926562 7588988 1339123	
594 777 3981948 7131001 6413506 8741370	
330 845 2846374 1391261 760677 7210416	
908 398 1931066 6563146 8780933 2137051	
953 347 6195348 3855095 8280376 3868623	
40 253 5281620 7481352 9816167 8023218	
276 684 8606091 1264861 1449248 3646555	
784 42 2255516 4160888 1219833 9688405	
589 94 6125100 1999101 6085806 4316635	
265 303 4409094 6124721 1349998 1316600	
503 126 8113968 5582107 1459916 2911152	
97 355 9262285 7865165 4239894 4451675	
480 389 4629894 2362266 8648027 773675	
241 537 4133454 7583777 4520983 1874562	
34 974 4460118 4485130 7242748 4162681	
94 988 4384512 1622692 7571635 7843682	
526 320 4232094 8587497 4123378 2596025	
540 925 6325211 4400282 1441336 1858097	
483 411 8114352 8519488 2641988 7831362	
563 125 6194218 260714 965725 2794498	
423 886 568159 1033248 7710854 245171	
714 133 4572137 1711073 9045103 3251870	
739 733 1155931 4324861 3151757 6551434	
212 509 1320777 7020477 4457392 6530122	
843 53 2020470 673186 1255578 122169	
691 300 7321407 409955 9551811 4963403	
824 544 1917018 5689144 1444871 7481998	
644 808 6269102 5622961 7314506 8489202	
178 180 8972071 4050936 6578602 3635752	
430 618 8964855 1130887 2847177 6730329	
726 824 3959213 7779152 7939545 6907716	
301 823 9024828 3823185 5412353 7979326	
717 401 2011812 9326984 2304786 3477960	
290 351 8870688 639606 7475660 5289267	
234 568 1416879 5494626 9702399 6602064	
944 290 253339 3285091 2215457 9314147	
460 765 2440884 2154556 9351927 5924643	
845 179 5382197 1816009 2668333 7197306	
63 941 8311938 8357477 2908599 1493160	
551 285 6385400 9060926 7274669 6855410	
934 202 6211782 6202305 2963398 2572376	
125 977 8372012 1826812 3259451 8417776	
798 142 3974572 3117211 1133180 2183133	
689 486 2488140 1577814 8856084 5518527	
723 636 3686085 7210925 3100200 3284252	
477 434 7728967 7198838 5892789 4993689	
461 408 2112504 3137093 5931709 9416552	
755 795 5672350 9862967 9864346 4876043	
565 815 8431268 743465 2844971 572471	
561 111 3540221 866387 4635509 1705200	
705 863 1889938 3434889 8683602 6739855	
642 67 3258496 7444467 8760542 2416736	
224 660 3854659 1708688 4994115 2897401	
163 845 8627054 1481787 4462676 897679	
950 147 5136241 4019571 7922961 9062690	
701 956 5358422 4038320 932054 1487116	
523 213 7997290 9551246 1907803 7780631	
828 616 4233988 1695819 9589388 5007415	
981 3 8418507 2736640 2460181 3451342	
93 147 6385353 1838103 3951648 5582768	
200 496 3815887 311832 5174694 619931	
518 241 4638843 2296871 9849575 4927539	
793 299 4232173 3973568 914709 7205975	
871 433 5335804 4401236 5864476 2281201	
505 844 9385899 3031633 3222341 3180151	
769 551 8826107 8067168 5469772 7433103	
724 139 3484416 2143318 4606729 7233504	
406 455 5768189 4441623 4624016 7856287	
689 539 3865223 270357 6329610 5754393	
84 918 4291956 3967947 715760 1406532	
160 17 3339155 3912213 9924583 2657643	
973 46 4604920 8590080 8508384 1050738	
805 789 8638689 2742724 5919368 3696761	
513 255 7821044 9634837 2135394 4713646	
341 220 7909916 7366546 5105316 4104647	
644 475 6919773 7136251 8679770 1167031	
472 404 5883422 5928926 9100172 6557643	
663 866 3026550 989207 4892778 7723395	
61 901 2382086 5437382 6875618 5332316	
775 82 909194 765299 1165847 210112	
512 694 8685787 8345219 5219731 5224967	
598 802 4488013 3031122 5793303 7157990	
292 523 3746102 9623731 8361054 1367005	
748 51 595787 3688245 7131787 9918856	
639 445 4642356 5077605 2030430 237023	
352 562 7333461 7689236 2260265 1062949	
23 614 8717800 6153964 4633610 4622747	
759 334 5894303 451050 6128843 5064789	
579 3 9061354 5930299 260592 3438737	
37 297 6649607 1156390 2025768 4234111	
838 27 6599784 8458122 654441 7622797	
792 977 539264 563798 4554379 4939453	
302 811 6466852 5661667 5621403 2500115	
758 885 5604690 451693 2143955 1544034	
33 139 2928208 4445585 3472774 6494795	
98 355 6322583 733860 7790934 9758095	
279 955 6493512 7613614 2887775 3570871	
817 511 4704378 2869267 3868856 5516929	
291 692 8202490 4032755 6709626 6454369	
797 56 1581925 6295649 8856872 3538554	
909 530 5525401 1921201 6705606 7424265	
916 617 8199287 3600322 4158472 7852842	
221 208 292310 8070617 4669849 6721145	
439 443 7950040 6392769 6909275 5425921	
538 893 1428995 6810112 5787844 2403093	
351 376 9007286 1421639 8839417 9247742	
268 164 2155528 9199292 8570242 9004194	
620 123 380124 9141908 4305691 3517660	
720 138 8902199 6482093 7860206 7702951	
393 42 2445729 6051130 6150128 1200391	
809 390 6666077 9721623 6537957 7176643	
13 840 1850542 9128371 1162040 2944853	
644 329 5512887 2270550 8902530 9978693	
359 821 3830048 5562982 9102723 5265067	
449 363 3190583 3606668 8450891 7185482	
399 551 6148775 5041167 9364567 7283960	
879 334 1292764 591690 602099 8666073	
73 147 6952372 1486802 9456761 5009240	
808 337 7904166 7429037 742711 98156	
552 665 7440936 1229451 8232412 9633034	
838 314 2699835 9757806 7709215 9064033	
698 460 9659833 4367735 3773086 9040738	
343 512 1414372 2485059 5434221 1417643	
74 730 8817018 9797796 4265040 2463324	
642 179 8516455 9918030 5677416 3586062	
159 918 2929427 5936796 1811548 6766137	
970 684 8858771 4895602 8965004 7060881	
529 55 7733279 6323049 7852939 3544458	
279 590 5480468 8926175 9686552 642788	
635 618 9085984 5163692 6677231 9665060	
550 50 2177186 5204594 9796390 4825177	
469 10 5098557 7497769 3481244 2470469	
217 320 913248 7096326 1710795 7557473	
838 238 5237221 8737563 978403 3705105	
492 125 3862078 4288683 6419143 8498391	
210 41 456669 4820040 3909275 9324226	
895 23 5092451 6309355 9681317 2221157	
54 219 8817014 7412138 7069995 3112933	
35 967 6664958 9465799 6813338 159142	
441 619 9332693 270005 9249036 2666994	
738 759 3924469 76762 5751666 5973426	
161 868 7613044 796766 2633986 5798932	
976 132 243023 2644763 9432762 5270005	
27 644 6591306 3902172 6667091 7373843	
610 817 8963110 8807254 5457376 5454999	
112 7 5420323 6576633 5143130 1412019	
896 59 7003088 6935240 4134947 9424372	
596 64 5966923 1394030 1426497 2296274	
871 653 7592830 7449692 6693804 2204476	
592 48 772723 9750137 3533027 3868867	
148 843 1400534 3344312 3740369 1350295	
761 689 216493 9320488 915417 5306867	
445 30 1665844 957272 1864819 5459177	
828 628 183497 4594611 7349076 5801864	
155 564 8087227 5134412 2558035 7340085	
74 490 3420388 4322865 9357724 420676	
547 645 6471797 6572476 2257740 4248381	
771 177 5402307 2304425 2054154 1052594	
815 616 7347116 6746190 1368954 8204437	
53 844 1056709 1792360 6364312 9568804	
7 851 2999333 8718645 4639122 1173051	
127 49 4480781 8057308 8322857 7674455	
23 746 2949653 263346 9945080 163630	
894 522 9973354 7758010 5446398 8751496	
318 239 3709267 4702139 4697187 8929741	
953 100 6433744 5343229 7333768 8780029	
601 725 2582969 7920915 827563 4464820	
710 385 9250980 9389667 6076894 5455022	
847 190 2647667 4066909 208808 8882266	
807 831 4287426 4893658 5295727 9026728	
198 853 8330949 9949200 7359545 2471317	
374 75 1064819 8150791 494414 5370918	
850 698 5695015 3198019 5989903 6318861	
644 492 9207763 5389440 5493275 9889377	
905 735 6806419 1001071 8924163 2090382	
356 179 1449773 9213856 2490056 7465663	
209 23 5960448 3061668 9079350 5654858	
965 750 1440977 8278579 9509898 7819985	
652 15 8009544 2418753 6461449 4866425	
107 636 7582583 2182111 9136730 8370585	
47 995 6422796 7890290 9549288 6667680	
923 834 3487939 7041422 5279388 1022267	
648 27 3924574 1146465 6459095 271512	
873 390 617964 3629905 8625881 8524186	
642 50 4070783 2682740 3751508 8882116	
353 255 9596034 5612769 6067178 3634166	
424 528 8343660 4121346 931442 2638541	
14 525 2612437 5272692 711035 479920	
287 281 6817085 4869920 6417749 5038431	
968 495 7347337 6407458 4608187 1881931	
241 982 7771341 8728614 2562806 6769089	
180 415 4442953 5334761 7483461 2543398	
9 118 9340476 6294372 2474087 6211712	
179 293 7079273 8693652 1153841 9082679	
915 67 3078269 8507463 5672550 4613696	
955 618 8001236 6993887 31375 2536849	
311 397 5326835 2810245 2677563 1691640	
260 404 4281666 1716143 8777595 6670640	
333 341 2159923 8208122 7860096 6530470	
805 530 5772035 3786506 9896599 2017549	
355 940 2843162 4887892 1444839 8293847	
848 961 4445309 6086627 4039606 4575827	
197 297 6650027 6780525 7491403 8160658	
416 53 7891755 9003106 2761769 8668490	
221 920 3897395 6028746 8968103 7215701	
982 823 7667141 8138179 4953861 3977612	
794 195 9739534 7229548 3992125 4553407	
801 770 4867446 2192038 3642015 3615363	
178 598 3721548 302623 6652464 4485106	
155 524 7405760 8767523 6957399 9894718	
808 402 6693795 6308304 6196749 2276299	
746 403 9930055 9113346 5941213 1712390	
117 248 2376140 5192745 666985 4899688	
118 722 595625 9077071 706902 6292608	
468 167 2544167 1706815 2667192 742061	
454 526 5638940 7009971 2406920 1032759	
553 325 4057087 7148748 8827197 8824938	
394 264 2296528 7920736 4139734 9924644	
572 17 4546929 6342633 1093135 4333073	
482 823 4606432 861073 9523758 6483127	
860 209 3830769 1950924 2569578 6365371	
727 243 2308971 7110318 811114 8362641	
164 233 9434275 9229489 4529938 4515568	
322 364 9324835 1947627 8369940 3452544	
654 76 7012544 2944807 9259374 5735628	
940 689 8275390 9501480 3254478 5067695	
904 74 6363627 6251630 8117384 8002933	
220 671 7908727 1714419 2053337 6247290	
468 718 6609329 8373692 6833621 8999503	
928 764 7493633 6272698 319542 2483600	
414 713 5436897 639166 7675873 2092425	
83 572 516213 4986942 9518659 115437	
149 389 2624497 6090438 9392928 3390493	
751 585 1094213 1368152 4110570 7187865	
133 61 6601012 9970071 2701816 9875347	
568 98 6380372 3646601 1625891 2847942	
628 964 7702961 858853 4794517 3162877	
60 71 9187088 5312617 8555057 297472	
475 922 5858215 6818944 1829633 3788320	
706 922 535034 5679166 4575881 5268113	
967 24 3250660 8692723 924670 6167007	
315 417 5762473 1487551 5197612 5941608	
317 185 2355622 4839939 7460027 2877052	
656 112 6477867 3416708 6786905 1573500	
857 627 2006245 4487210 2197680 5831307	
