709 375 0 92	
494 916 54 68	
438 359 75 44	
328 360 33 94	
240 226 77 81	
153 173 63 84	
322 123 96 53	
304 328 91 56	
192 697 88 44	
95 846 46 76	
877 303 64 98	
860 827 104 27	
708 696 37 118	
979 920 139 79	
231 533 105 26	
855 170 91 51	
615 467 91 40	
713 352 43 100	
80 791 84 55	
669 148 87 49	
197 143 89 94	
955 762 62 85	
642 959 116 45	
357 891 139 84	
913 72 97 47	
904 239 113 39	
758 970 113 18	
598 181 81 56	
570 122 145 12	
478 503 67 119	
834 871 112 89	
687 604 77 109	
746 390 107 94	
225 963 123 50	
516 359 124 31	
23 183 64 98	
504 23 143 15	
572 388 86 100	
250 615 128 42	
822 349 78 105	
669 79 123 48	
252 216 124 109	
170 497 127 58	
36 401 133 19	
221 623 77 83	
7 749 97 108	
933 406 102 91	
678 811 141 42	
564 515 158 20	
923 738 142 72	
443 395 84 104	
63 27 127 84	
736 545 80 89	
984 115 119 62	
607 342 164 0	
639 626 115 86	
820 904 126 55	
697 859 130 109	
538 244 101 108	
430 982 113 62	
104 136 128 34	
888 292 86 90	
872 956 93 110	
278 784 124 58	
771 46 106 112	
19 249 130 87	
91 936 133 55	
367 71 86 89	
165 243 114 89	
603 929 123 69	
37 813 67 128	
767 637 106 103	
888 256 144 48	
609 404 132 53	
3 852 72 110	
947 958 92 114	
307 416 90 101	
896 41 147 112	
77 623 184 6	
489 995 147 27	
217 955 114 87	
76 350 127 54	
648 441 112 99	
484 519 119 77	
718 4 130 95	
369 11 146 112	
222 406 113 69	
323 831 113 106	
583 420 132 103	
325 68 153 50	
970 87 159 29	
852 14 152 49	
651 672 147 51	
476 569 143 54	
672 189 142 120	
134 72 91 99	
40 179 156 56	
307 140 148 60	
944 756 164 28	
259 625 122 74	
193 824 130 109	
106 241 144 61	
944 730 105 81	
956 994 117 78	
75 584 150 41	
566 128 150 60	
927 932 133 79	
958 841 126 93	
27 439 122 104	
230 760 147 69	
347 786 141 123	
355 718 145 97	
72 42 109 98	
113 160 119 111	
383 338 159 80	
400 178 162 58	
716 810 105 124	
122 973 105 113	
81 412 133 86	
494 295 155 62	
520 393 167 113	
107 253 130 77	
489 937 165 60	
325 757 165 64	
976 704 89 113	
637 695 119 101	
475 795 144 64	
380 890 146 113	
487 961 142 63	
865 849 155 123	
119 725 136 63	
301 234 166 57	
460 424 149 120	
64 53 127 117	
845 127 138 100	
815 578 150 84	
834 765 119 123	
682 81 131 118	
707 807 138 104	
201 559 153 100	
540 283 163 55	
37 794 161 59	
484 7 163 45	
526 214 174 36	
699 377 119 126	
958 252 142 71	
491 254 190 97	
117 107 123 104	
600 990 173 46	
19 76 177 101	
281 881 127 95	
990 920 141 126	
718 957 143 73	
161 49 127 87	
628 252 157 123	
223 634 113 118	
333 446 163 76	
851 213 228 7	
469 26 140 82	
460 663 137 100	
514 939 140 96	
88 967 157 122	
701 31 149 88	
77 600 169 76	
529 445 119 112	
866 914 215 20	
4 547 173 92	
664 425 178 58	
931 875 116 128	
955 470 159 111	
94 80 169 63	
860 323 226 16	
888 793 139 119	
70 480 159 79	
67 933 166 69	
712 480 119 115	
526 949 161 121	
799 356 186 101	
747 150 201 51	
64 493 121 102	
318 334 163 71	
884 477 146 82	
199 636 153 81	
686 266 121 104	
814 640 124 117	
689 864 145 78	
801 539 157 79	
113 527 205 89	
245 381 160 53	
968 387 208 93	
568 187 146 133	
424 348 143 102	
768 52 151 80	
272 992 146 100	
603 166 148 85	
432 276 139 125	
428 68 149 123	
594 727 182 59	
858 345 182 57	
997 989 151 117	
70 400 154 81	
111 540 155 93	
607 919 169 109	
456 573 132 113	
778 100 173 118	
94 138 161 113	
291 785 162 73	
370 813 188 60	
614 165 172 61	
363 374 134 106	
646 809 139 103	
78 137 166 62	
674 423 180 75	
871 950 175 71	
278 823 200 50	
764 63 147 82	
777 393 164 78	
258 418 180 68	
84 389 132 112	
38 317 149 81	
294 297 177 77	
485 729 137 113	
196 669 155 83	
206 961 174 52	
922 674 200 123	
896 865 166 63	
343 963 150 84	
760 193 171 117	
435 287 163 83	
292 272 170 125	
799 718 172 69	
762 670 166 78	
675 263 150 97	
873 113 176 65	
322 94 181 60	
124 512 203 129	
359 654 208 69	
159 602 163 113	
753 383 144 90	
981 338 189 61	
442 871 148 106	
204 913 167 96	
177 873 195 96	
676 982 166 125	
116 666 185 62	
741 419 160 75	
803 948 160 130	
9 759 136 117	
685 619 182 69	
74 263 152 86	
992 501 153 90	
794 412 188 81	
893 314 177 130	
828 529 192 107	
66 979 152 85	
903 120 151 115	
456 641 172 81	
909 495 185 80	
828 627 131 129	
279 194 148 124	
858 934 151 110	
258 743 152 115	
953 741 155 121	
646 343 157 94	
679 856 174 70	
257 110 191 69	
645 996 160 73	
893 637 179 62	
5 254 144 130	
888 754 155 120	
231 178 136 100	
336 539 151 123	
686 400 172 108	
979 821 191 63	
607 867 163 129	
348 653 153 95	
507 332 186 53	
146 481 136 117	
689 910 145 115	
78 44 164 86	
513 212 173 85	
274 326 215 37	
269 724 240 57	
220 280 162 116	
75 916 166 66	
636 389 161 122	
962 773 170 79	
66 559 158 105	
439 285 132 124	
3 295 149 92	
134 764 186 80	
314 561 187 61	
816 717 179 119	
320 278 169 95	
966 391 142 115	
351 893 152 126	
294 79 162 88	
839 93 196 81	
97 684 193 86	
975 270 188 82	
99 80 189 65	
755 51 194 104	
461 288 190 122	
808 793 128 127	
5 589 162 84	
735 710 170 83	
266 235 201 72	
828 977 144 128	
916 571 195 106	
911 947 148 125	
254 25 179 120	
788 380 145 126	
908 576 146 126	
200 431 153 125	
659 78 188 72	
465 978 193 68	
268 986 199 115	
39 754 203 48	
525 885 190 68	
967 678 119 136	
310 457 153 109	
893 711 167 119	
285 413 214 47	
581 554 158 113	
23 245 180 73	
119 491 182 111	
777 585 193 72	
877 745 184 86	
798 357 191 126	
47 784 147 119	
94 901 164 97	
39 87 190 75	
810 720 205 72	
368 57 231 59	
925 523 210 98	
643 898 175 89	
814 817 163 106	
186 493 173 92	
321 368 177 122	
380 524 181 80	
398 461 178 81	
314 366 172 116	
8 64 192 81	
398 535 237 46	
977 671 194 82	
681 838 195 70	
696 791 168 96	
286 688 177 124	
78 831 200 116	
939 444 205 59	
24 361 151 112	
893 59 137 122	
660 571 193 84	
610 756 188 71	
39 77 162 120	
464 934 227 107	
564 64 144 123	
389 1 155 135	
408 206 159 114	
809 393 163 121	
318 683 181 113	
433 609 191 120	
729 118 212 48	
490 654 184 82	
880 212 144 118	
745 976 163 103	
632 420 155 124	
239 606 158 97	
75 35 174 106	
991 912 198 67	
564 640 202 119	
80 132 204 68	
765 24 149 141	
366 560 153 118	
427 283 172 128	
882 114 182 130	
63 32 187 127	
320 768 187 84	
479 331 192 115	
315 242 203 64	
74 220 210 56	
296 180 174 88	
144 487 194 75	
422 4 206 56	
14 625 162 121	
771 537 155 124	
665 754 171 123	
300 499 211 122	
681 684 149 133	
241 964 198 74	
740 137 208 72	
588 935 216 74	
607 645 216 108	
966 221 154 126	
555 554 168 111	
760 954 152 126	
399 61 184 81	
604 185 187 84	
891 275 199 123	
421 154 211 57	
68 796 170 116	
49 74 194 74	
188 433 166 107	
94 439 178 109	
384 266 163 102	
95 155 177 96	
742 451 189 87	
223 90 154 123	
523 805 160 133	
766 937 161 113	
455 430 168 104	
350 654 172 113	
564 407 141 127	
404 121 226 65	
770 824 173 91	
701 68 190 89	
607 235 191 73	
866 789 193 116	
729 972 197 82	
654 612 162 118	
554 615 202 78	
440 609 177 108	
295 293 204 83	
800 601 167 129	
829 458 178 95	
302 31 182 113	
362 216 187 113	
582 920 181 83	
587 281 200 88	
637 757 183 89	
104 169 184 95	
730 794 193 117	
183 290 204 103	
759 976 156 110	
573 175 170 115	
962 419 221 124	
941 208 229 41	
825 110 186 87	
714 886 176 108	
681 334 190 127	
520 781 196 126	
4 87 210 54	
205 126 211 81	
629 659 165 124	
379 173 179 127	
174 394 214 59	
763 237 144 130	
733 586 147 128	
174 668 178 104	
535 408 182 127	
868 814 170 126	
612 737 175 112	
79 396 187 125	
690 760 195 94	
20 650 196 74	
457 287 216 61	
337 993 233 76	
69 743 178 114	
960 927 184 94	
274 966 190 126	
581 423 194 119	
795 5 239 58	
535 8 163 125	
702 328 181 113	
691 370 164 109	
323 43 182 124	
63 364 200 95	
880 906 187 114	
238 913 192 127	
461 252 184 93	
419 481 219 50	
85 147 172 130	
795 421 174 132	
627 517 187 118	
216 785 189 95	
117 235 193 90	
654 845 196 113	
416 624 213 81	
741 923 189 122	
656 207 176 119	
723 874 192 88	
854 976 198 86	
579 954 226 56	
49 965 236 53	
649 624 225 122	
913 377 200 121	
63 280 206 94	
271 83 167 129	
456 811 177 112	
153 886 179 114	
964 357 187 112	
17 518 208 73	
212 605 174 117	
568 998 156 123	
103 543 186 123	
147 635 190 128	
534 586 167 118	
11 650 170 119	
750 606 202 84	
976 135 209 119	
959 523 184 121	
764 801 206 89	
26 739 223 90	
107 793 186 116	
453 894 187 96	
130 616 190 105	
671 138 209 82	
785 139 182 117	
609 340 184 109	
122 467 186 95	
863 451 232 65	
22 424 181 95	
320 514 187 126	
612 300 206 121	
994 687 174 107	
918 551 176 124	
943 989 185 118	
532 78 189 99	
560 375 204 107	
945 807 222 70	
265 195 173 134	
970 340 175 118	
570 53 183 117	
139 547 196 131	
782 543 205 88	
266 111 211 73	
154 413 170 124	
430 205 190 98	
101 217 201 89	
452 664 202 86	
255 642 244 47	
598 259 173 118	
466 284 183 133	
637 911 182 101	
581 804 195 108	
546 29 212 111	
741 102 217 114	
177 390 186 110	
226 307 168 131	
890 435 180 103	
331 185 183 98	
739 139 225 73	
611 784 166 127	
83 105 214 77	
872 989 204 83	
595 936 174 113	
668 958 178 137	
531 438 194 104	
697 304 196 91	
751 678 261 25	
414 285 160 124	
448 536 161 127	
376 176 187 105	
758 872 222 75	
337 473 244 62	
397 96 173 111	
857 587 178 133	
301 535 183 126	
248 168 185 104	
758 666 186 101	
8 302 196 81	
910 969 197 128	
506 382 205 97	
591 895 208 79	
569 581 234 67	
404 192 199 86	
787 491 203 118	
612 632 205 101	
832 715 208 125	
893 998 171 123	
791 842 178 126	
258 31 214 83	
553 554 175 134	
463 946 177 111	
568 318 191 101	
67 24 193 114	
904 483 199 94	
866 728 211 88	
351 397 217 90	
837 794 214 104	
491 533 180 129	
835 717 199 95	
74 549 187 120	
298 137 191 109	
716 569 197 87	
848 665 198 107	
972 17 202 87	
258 815 212 128	
36 744 213 137	
467 825 213 78	
937 302 215 71	
454 323 216 101	
885 668 219 86	
569 997 213 82	
526 933 197 97	
579 647 201 132	
313 967 172 123	
95 243 191 99	
786 317 206 122	
203 939 217 76	
604 203 237 61	
142 281 181 109	
314 751 262 44	
565 205 210 89	
437 300 185 126	
510 822 211 106	
201 904 218 138	
464 395 223 128	
345 978 192 140	
50 332 192 110	
778 346 206 94	
705 543 173 127	
530 829 174 116	
396 991 193 106	
319 921 196 103	
842 795 188 109	
312 6 203 114	
954 849 251 55	
108 54 186 104	
177 495 191 112	
738 719 200 125	
224 425 220 81	
550 287 225 81	
243 681 198 97	
154 967 198 120	
809 262 219 77	
208 632 191 121	
248 639 208 93	
755 202 214 81	
720 190 178 119	
939 534 186 104	
186 373 194 102	
424 862 200 95	
802 293 214 83	
558 525 218 75	
617 136 225 97	
356 983 238 118	
401 853 202 79	
642 891 213 103	
304 402 183 118	
303 301 193 117	
605 749 193 117	
447 897 196 91	
207 892 208 129	
423 559 208 87	
668 84 187 127	
38 407 197 107	
540 551 202 111	
65 959 213 72	
447 36 217 89	
86 958 192 128	
881 589 226 73	
984 935 181 114	
974 199 192 103	
968 601 200 115	
531 982 204 135	
806 702 222 85	
494 888 181 123	
96 79 220 123	
622 47 213 92	
753 269 214 137	
560 207 219 81	
611 158 196 113	
682 970 192 113	
925 854 203 107	
60 832 207 128	
886 179 209 93	
633 440 215 75	
674 904 219 79	
244 813 222 69	
471 148 239 60	
440 726 243 61	
851 140 205 86	
118 862 208 85	
398 915 239 68	
894 866 214 95	
966 338 240 57	
792 896 243 55	
13 294 181 133	
245 826 188 129	
537 783 201 127	
640 844 203 95	
734 142 206 130	
651 755 214 92	
177 578 215 125	
351 959 196 95	
412 763 203 117	
686 734 210 95	
195 262 228 89	
247 145 195 119	
173 165 202 93	
354 626 212 126	
739 420 219 101	
438 58 238 68	
943 2 180 127	
346 920 208 111	
794 229 224 88	
677 973 183 118	
42 276 196 109	
525 697 199 100	
528 134 214 86	
12 692 215 98	
492 96 240 126	
827 83 199 101	
811 89 212 111	
571 958 173 128	
996 75 198 127	
85 840 209 133	
923 61 209 123	
99 183 219 84	
696 177 184 130	
481 958 187 132	
731 734 188 124	
70 437 198 98	
157 78 201 131	
601 381 202 128	
882 613 202 132	
491 7 209 132	
219 359 219 81	
324 242 223 128	
800 948 212 90	
736 974 210 99	
634 105 224 80	
995 251 191 103	
503 201 200 99	
9 617 203 132	
647 706 225 126	
645 94 220 76	
545 962 222 80	
285 599 226 91	
928 959 191 124	
181 984 254 53	
606 546 176 127	
829 228 201 130	
522 745 208 95	
806 750 219 86	
527 670 223 79	
635 268 228 70	
716 890 232 77	
141 65 199 121	
808 929 228 117	
385 76 231 63	
998 1 234 106	
729 730 177 121	
870 13 196 132	
777 49 214 124	
505 339 212 118	
961 114 217 87	
610 829 190 122	
323 652 215 91	
626 78 227 133	
581 138 218 82	
28 14 209 133	
951 525 206 136	
674 469 212 92	
289 437 218 84	
976 482 193 113	
34 410 222 125	
773 772 225 82	
145 568 191 110	
306 982 190 107	
654 928 193 116	
393 987 201 126	
741 407 206 116	
935 848 207 130	
249 440 210 127	
166 721 214 95	
386 100 225 77	
653 369 225 82	
945 491 230 74	
917 746 233 81	
750 205 238 75	
664 491 251 109	
199 623 185 126	
61 79 222 115	
709 901 199 109	
184 785 204 96	
587 517 208 121	
764 626 214 89	
357 398 195 109	
595 860 201 129	
844 754 202 108	
553 738 203 120	
404 917 210 125	
974 685 213 125	
492 682 214 88	
266 215 218 91	
440 876 224 131	
11 491 225 81	
667 139 226 78	
503 590 226 95	
784 167 194 130	
599 207 196 125	
983 53 197 133	
7 764 208 126	
887 628 215 90	
656 613 218 138	
534 158 218 107	
599 298 225 89	
519 131 212 101	
929 665 219 104	
380 331 221 98	
629 928 230 81	
208 865 229 122	
846 664 190 105	
120 315 196 105	
45 133 208 125	
654 740 209 116	
682 223 210 115	
393 817 225 93	
534 800 204 133	
93 2 206 105	
580 224 215 96	
406 248 222 89	
379 328 226 92	
826 464 188 137	
222 202 207 130	
841 599 208 125	
940 716 208 106	
404 972 223 131	
159 845 237 73	
735 215 244 68	
922 469 186 129	
164 986 188 131	
121 565 201 105	
180 462 209 131	
842 364 217 126	
117 402 217 106	
808 307 182 127	
940 554 196 123	
352 428 204 133	
389 995 186 133	
969 64 193 128	
348 24 207 92	
332 657 215 100	
699 126 218 114	
802 770 230 93	
40 617 239 131	
908 324 241 105	
599 555 242 73	
941 529 263 62	
433 589 185 131	
811 912 215 128	
431 548 223 131	
597 347 224 88	
989 675 231 92	
728 24 245 124	
250 585 247 62	
609 839 182 131	
649 229 185 138	
571 796 210 117	
164 362 216 94	
459 579 219 94	
15 290 232 88	
806 674 202 116	
822 930 208 130	
524 41 206 112	
136 579 220 104	
263 572 194 124	
29 106 198 121	
108 327 216 129	
999 673 221 122	
88 774 221 132	
688 539 244 120	
38 124 226 121	
65 871 203 119	
737 117 224 85	
579 68 191 136	
853 566 194 108	
444 502 206 109	
189 277 207 108	
657 226 220 111	
885 969 226 127	
576 672 238 72	
767 237 205 136	
875 48 223 92	
744 601 201 121	
492 717 202 113	
248 231 213 110	
728 541 218 132	
20 951 224 105	
20 854 226 97	
153 758 247 81	
15 457 203 127	
213 180 203 101	
520 790 224 98	
399 454 229 93	
520 236 229 82	
198 692 259 66	
16 292 205 134	
697 909 223 131	
601 267 212 126	
734 26 221 91	
793 967 224 95	
383 743 231 103	
900 821 233 90	
829 493 239 107	
837 772 260 67	
567 487 194 134	
651 311 205 128	
978 276 262 66	
693 979 212 100	
784 121 198 125	
305 731 210 105	
566 906 224 134	
601 632 240 69	
534 301 185 132	
450 431 206 122	
973 331 215 94	
6 726 217 98	
392 614 221 115	
247 579 229 106	
158 988 248 120	
781 621 207 130	
584 415 207 105	
844 965 223 103	
768 615 216 132	
778 443 231 122	
197 71 190 132	
518 10 194 133	
52 693 205 115	
534 481 206 130	
422 668 206 125	
475 99 208 127	
106 748 211 120	
243 823 212 130	
513 511 213 106	
582 656 214 121	
256 938 217 103	
343 751 220 111	
342 973 234 81	
455 542 240 70	
590 619 243 79	
305 627 185 132	
732 510 204 127	
659 688 212 120	
945 829 212 120	
480 299 214 114	
979 915 198 121	
983 77 225 127	
866 886 229 133	
100 258 229 135	
200 123 205 121	
3 460 216 115	
335 540 217 106	
780 68 218 103	
447 126 221 105	
412 434 224 135	
301 368 224 94	
118 810 234 127	
727 835 237 76	
860 756 274 56	
294 355 228 93	
238 552 193 131	
346 937 205 115	
236 31 208 114	
664 858 216 113	
386 94 226 118	
231 63 239 89	
642 137 253 57	
221 377 277 60	
911 492 194 125	
154 841 202 116	
541 44 205 109	
320 848 206 110	
233 125 209 112	
997 667 210 113	
763 873 210 124	
673 384 223 112	
653 290 224 109	
495 211 226 100	
388 345 252 74	
420 655 187 137	
101 597 209 131	
83 29 191 128	
687 992 200 127	
247 358 206 118	
152 657 208 136	
791 818 210 115	
631 768 214 124	
593 462 216 111	
939 820 217 97	
334 135 221 85	
658 912 225 134	
214 167 234 83	
786 972 244 76	
786 642 244 73	
691 236 252 83	
654 773 257 78	
659 632 257 53	
546 214 231 91	
627 171 232 94	
408 906 233 105	
805 869 208 109	
452 446 222 101	
757 231 225 92	
800 771 237 82	
151 783 196 119	
245 404 213 114	
864 762 214 124	
873 406 217 101	
320 549 218 116	
773 660 223 100	
938 109 224 101	
822 92 225 93	
374 297 231 103	
597 955 234 93	
769 567 220 138	
757 394 236 132	
606 308 205 109	
913 31 205 104	
852 770 216 125	
819 502 220 137	
9 299 228 128	
951 465 229 98	
366 374 237 110	
962 818 245 112	
234 792 204 124	
255 566 204 128	
158 169 211 100	
906 994 216 114	
178 820 225 96	
510 650 230 88	
995 10 231 101	
57 836 234 134	
505 479 231 97	
824 262 265 62	
527 176 215 119	
440 791 216 117	
733 75 216 98	
627 158 218 135	
695 58 222 135	
921 950 228 104	
712 871 198 128	
588 119 219 129	
560 284 232 87	
242 751 233 95	
605 702 250 75	
232 906 205 140	
771 679 210 123	
676 824 212 135	
711 924 214 125	
136 934 216 106	
142 669 217 124	
323 694 221 89	
728 499 224 116	
892 462 225 102	
66 32 257 130	
338 239 218 136	
312 186 231 92	
237 389 198 126	
737 92 205 132	
617 138 212 128	
19 103 212 122	
995 954 213 111	
406 781 222 105	
744 720 224 127	
983 169 233 86	
778 915 233 114	
130 146 234 93	
214 931 238 131	
932 166 238 82	
561 23 246 89	
757 219 250 78	
228 326 232 122	
378 439 242 79	
581 848 213 134	
104 362 214 127	
600 317 221 133	
84 487 229 108	
190 301 233 131	
557 469 239 90	
545 89 246 98	
169 930 203 125	
594 368 206 113	
565 652 224 109	
402 887 230 130	
424 633 232 102	
628 934 237 107	
748 298 240 93	
558 622 249 127	
707 975 216 110	
971 717 224 97	
600 606 241 82	
131 962 193 141	
500 515 193 134	
477 638 202 122	
994 19 206 124	
171 389 215 135	
992 570 219 134	
519 217 223 135	
985 130 226 105	
436 869 227 117	
269 448 231 108	
515 777 243 84	
600 996 249 95	
20 122 218 110	
464 351 222 135	
36 555 222 107	
630 939 228 103	
357 636 229 116	
978 183 233 128	
163 2 233 85	
607 248 237 100	
417 913 208 121	
100 798 229 90	
13 870 229 95	
464 394 239 94	
85 598 187 126	
626 406 196 129	
566 893 223 116	
593 642 223 130	
51 462 229 124	
345 167 240 93	
234 112 212 128	
266 187 258 86	
720 410 211 122	
466 217 205 128	
813 174 223 118	
659 194 234 130	
935 975 241 87	
344 629 245 129	
736 190 206 135	
932 372 219 105	
547 968 223 113	
101 72 225 111	
784 922 233 107	
106 960 234 137	
118 241 239 95	
995 151 248 78	
664 415 222 109	
689 250 210 127	
294 748 250 127	
626 710 194 140	
122 348 205 109	
303 32 209 121	
634 349 240 122	
326 583 274 77	
489 710 263 54	
746 589 204 125	
916 44 214 118	
347 544 234 125	
833 583 236 98	
252 120 270 57	
230 580 202 132	
672 480 206 135	
119 122 213 118	
887 710 222 113	
369 627 222 114	
563 22 226 127	
29 27 238 108	
335 249 240 115	
322 953 251 110	
187 140 266 72	
381 106 207 118	
511 902 239 89	
891 309 251 83	
916 472 254 77	
275 706 213 125	
763 34 233 102	
723 934 199 130	
159 365 206 132	
387 108 216 123	
603 696 235 135	
292 915 214 125	
804 910 217 125	
90 187 219 115	
208 70 220 126	
614 798 222 114	
647 448 225 103	
272 916 228 103	
156 485 230 111	
737 173 232 129	
366 324 234 125	
61 514 238 110	
126 904 243 96	
278 161 247 130	
933 878 254 88	
817 316 217 129	
528 988 247 96	
550 999 262 64	
525 930 222 126	
93 683 224 125	
284 125 235 105	
77 165 236 122	
294 273 217 131	
447 511 220 96	
246 66 240 128	
500 717 240 93	
607 903 243 99	
283 157 197 139	
959 24 239 129	
196 827 203 121	
580 30 226 132	
114 848 226 120	
747 381 227 114	
112 658 228 102	
23 75 233 126	
928 904 240 137	
348 378 257 91	
629 49 267 64	
126 203 209 142	
548 312 221 111	
563 410 227 114	
466 698 231 110	
509 112 275 116	
159 491 212 133	
653 818 239 88	
926 780 219 115	
458 101 228 129	
401 313 229 130	
443 297 230 104	
11 188 243 95	
451 662 257 78	
704 684 227 105	
367 296 253 93	
192 849 213 126	
339 106 216 121	
756 261 220 122	
922 58 223 126	
874 798 240 104	
753 971 240 132	
281 115 245 124	
251 151 245 112	
836 953 252 85	
611 221 241 93	
524 418 215 120	
831 638 225 129	
182 781 226 111	
793 480 229 109	
118 456 231 101	
495 272 235 91	
586 304 236 94	
368 830 237 94	
219 542 243 139	
243 308 243 100	
878 128 218 118	
931 886 221 115	
104 648 224 123	
583 863 224 105	
240 437 231 128	
937 195 236 128	
605 814 231 117	
365 908 248 116	
551 151 255 100	
92 181 260 97	
70 658 234 109	
335 299 245 94	
684 680 214 126	
179 160 215 128	
734 550 215 120	
872 453 216 117	
760 970 216 125	
903 163 224 128	
692 266 224 110	
651 580 225 113	
666 785 225 104	
603 587 226 133	
849 195 235 115	
179 564 235 107	
371 408 239 131	
921 916 240 133	
536 397 245 90	
444 892 250 94	
809 213 209 129	
804 19 219 130	
680 109 225 130	
154 266 231 115	
390 793 216 133	
397 773 241 122	
713 480 216 126	
262 753 223 138	
393 585 230 108	
707 47 234 112	
603 633 237 127	
781 626 239 111	
807 184 242 94	
125 235 246 133	
684 348 251 88	
100 264 255 88	
382 792 247 99	
137 923 211 127	
196 943 225 116	
253 735 226 122	
938 489 227 135	
857 376 229 116	
678 170 230 102	
910 957 236 102	
212 266 238 135	
197 884 243 93	
655 185 248 112	
10 546 261 132	
775 11 272 82	
781 219 230 133	
244 916 238 118	
299 742 249 90	
822 903 255 78	
969 692 256 92	
610 398 273 81	
224 50 237 133	
838 884 239 120	
558 578 264 73	
435 868 218 132	
913 444 224 115	
457 164 231 109	
31 909 231 103	
795 726 232 97	
217 309 232 136	
31 944 237 113	
441 880 238 107	
119 645 239 118	
24 448 239 139	
699 814 242 126	
282 391 246 84	
125 408 248 103	
331 832 248 85	
998 486 249 97	
945 455 259 124	
914 290 233 108	
795 934 234 124	
281 838 238 99	
597 501 244 125	
620 55 204 141	
724 798 225 121	
499 443 226 116	
598 800 232 132	
263 868 239 113	
748 215 245 94	
128 14 244 119	
786 545 244 101	
743 716 247 100	
625 629 247 135	
263 481 216 133	
243 316 217 134	
122 118 219 131	
918 668 221 120	
175 632 222 123	
377 940 224 133	
586 228 239 135	
515 407 241 133	
869 489 242 129	
421 18 246 85	
792 622 247 117	
198 764 252 85	
421 899 253 90	
710 589 255 133	
454 345 261 80	
759 643 222 124	
124 993 234 102	
309 718 245 98	
377 30 230 114	
372 702 241 103	
748 483 244 135	
857 991 252 88	
319 162 215 132	
180 892 218 125	
431 970 226 107	
730 179 235 112	
358 798 235 120	
354 127 237 110	
988 720 238 100	
844 571 238 115	
658 315 238 97	
64 717 242 109	
685 579 244 102	
731 740 244 119	
814 985 249 100	
100 460 252 129	
747 992 252 87	
702 727 260 123	
166 475 261 84	
117 494 236 127	
154 300 215 137	
222 920 219 127	
760 558 223 117	
720 315 227 117	
484 758 229 108	
826 109 237 118	
850 618 245 109	
863 573 250 96	
871 981 251 89	
186 490 222 126	
119 757 229 119	
288 524 233 110	
336 738 233 123	
160 610 253 88	
4 585 263 86	
974 285 225 110	
33 299 231 107	
950 515 235 132	
818 981 244 131	
825 248 215 128	
209 773 217 132	
684 592 230 122	
553 430 231 110	
53 294 232 141	
893 128 234 135	
36 878 238 132	
524 713 239 101	
997 691 240 104	
613 832 242 123	
734 822 243 101	
293 48 244 131	
348 793 244 131	
670 317 246 137	
54 765 248 122	
491 978 249 91	
983 920 255 92	
757 687 260 85	
625 639 279 80	
492 588 229 111	
916 62 231 125	
954 385 232 102	
187 632 239 134	
55 845 240 104	
50 265 250 130	
394 741 255 94	
97 840 221 126	
383 158 222 120	
727 852 225 121	
116 612 230 118	
728 140 231 125	
241 448 242 110	
305 831 242 132	
918 525 249 104	
76 795 249 100	
31 306 277 68	
200 141 229 141	
220 57 219 130	
187 561 221 123	
15 57 227 134	
156 604 230 110	
228 346 231 138	
252 271 231 118	
73 791 241 126	
692 715 242 99	
949 971 244 128	
461 168 251 96	
652 679 227 121	
950 651 219 133	
824 603 235 114	
972 494 236 138	
849 143 245 136	
428 116 250 139	
22 137 251 105	
580 77 224 125	
739 692 229 125	
308 922 229 137	
679 256 231 127	
951 924 232 123	
407 498 233 122	
360 418 247 97	
622 596 248 102	
506 83 251 105	
305 17 255 91	
646 149 256 97	
350 964 263 89	
301 257 268 76	
877 229 237 100	
483 374 252 84	
326 310 216 137	
511 954 233 129	
581 320 235 136	
403 336 235 133	
847 373 239 105	
364 146 241 103	
741 852 242 101	
81 385 243 131	
42 216 258 82	
610 709 262 85	
887 760 263 97	
438 360 264 82	
763 71 218 130	
885 149 248 139	
471 727 253 100	
419 841 262 103	
441 200 235 134	
572 355 240 136	
154 762 241 132	
137 159 229 113	
143 703 236 111	
982 396 237 123	
44 40 239 100	
381 291 239 126	
408 475 239 114	
989 608 242 135	
564 328 243 103	
700 18 243 132	
622 741 244 116	
434 481 245 102	
846 561 246 124	
537 970 247 101	
980 874 248 114	
912 88 248 102	
829 382 250 102	
130 456 254 92	
311 423 255 99	
794 77 256 94	
449 709 257 99	
166 173 265 121	
303 553 272 84	
561 469 260 131	
597 658 213 129	
398 215 233 124	
928 339 241 109	
818 767 246 132	
760 377 247 103	
706 972 248 120	
78 595 251 126	
586 129 256 87	
479 611 256 94	
316 834 261 81	
705 192 227 131	
698 612 237 135	
66 63 237 130	
161 789 237 125	
25 42 241 116	
417 746 245 107	
216 871 252 134	
591 336 253 97	
522 208 262 99	
624 925 251 112	
439 769 218 125	
931 305 227 136	
842 815 228 121	
157 388 231 134	
465 733 232 111	
574 496 244 113	
816 713 248 109	
162 780 252 96	
34 203 253 100	
608 229 256 89	
175 71 276 74	
556 558 277 70	
726 176 238 108	
198 224 242 109	
733 366 247 104	
936 735 253 97	
759 747 215 137	
182 406 224 127	
78 437 240 116	
548 725 241 105	
885 919 226 135	
612 533 227 119	
40 552 235 116	
145 286 235 110	
827 727 242 134	
217 775 242 108	
497 686 242 105	
853 821 243 105	
891 22 244 119	
1 609 244 119	
283 440 245 107	
378 537 246 127	
682 456 246 105	
453 678 247 106	
241 304 249 104	
148 214 224 132	
67 504 227 131	
100 478 227 127	
707 195 231 132	
259 595 233 119	
810 570 235 127	
355 12 241 133	
963 472 244 106	
298 647 246 142	
538 513 246 120	
903 774 250 117	
429 855 251 101	
403 190 254 96	
928 145 259 113	
97 727 270 81	
651 960 237 116	
162 662 247 98	
307 523 254 136	
57 100 259 99	
356 366 260 93	
186 13 263 90	
46 102 263 130	
496 186 240 114	
109 430 255 116	
461 982 225 132	
434 64 231 114	
446 486 236 114	
369 275 237 119	
835 277 239 129	
914 391 242 135	
385 846 246 105	
957 647 246 106	
213 378 249 107	
869 494 250 106	
480 451 251 101	
253 588 251 134	
338 10 261 101	
348 470 261 129	
920 818 233 133	
623 105 234 114	
232 500 245 113	
399 302 248 108	
558 160 252 107	
886 286 259 99	
658 554 237 133	
928 562 244 107	
339 748 263 129	
846 556 221 137	
197 186 234 125	
226 446 235 132	
234 169 244 108	
176 998 245 112	
779 805 252 110	
587 197 252 138	
654 564 271 86	
182 957 224 139	
787 740 246 131	
678 230 252 127	
568 287 253 120	
254 341 258 95	
56 659 277 101	
564 543 246 103	
792 556 250 109	
8 325 257 95	
382 689 236 126	
549 207 239 106	
178 18 243 121	
428 410 253 137	
387 194 264 108	
250 21 214 136	
670 321 224 134	
538 995 230 127	
826 503 235 139	
559 631 237 130	
465 109 238 138	
379 942 243 123	
701 65 243 126	
402 702 245 113	
718 35 249 116	
340 798 254 100	
764 795 261 110	
456 930 268 93	
555 693 241 127	
121 627 257 102	
266 625 236 138	
242 994 243 124	
336 591 245 122	
855 644 249 106	
43 491 255 97	
237 727 264 88	
405 535 270 86	
206 86 228 127	
299 278 232 131	
934 112 235 116	
798 76 243 131	
421 17 244 131	
669 474 246 118	
1 882 254 141	
624 866 255 92	
692 8 261 94	
415 533 263 98	
940 827 216 142	
102 92 224 137	
300 877 242 123	
854 199 254 113	
934 85 254 123	
470 322 265 94	
362 945 265 122	
372 303 222 135	
753 17 228 136	
245 435 230 135	
213 478 234 130	
603 780 236 124	
919 468 242 134	
544 481 243 108	
688 276 243 121	
643 913 247 116	
508 481 249 97	
457 615 252 100	
871 590 256 95	
382 56 262 99	
273 771 265 133	
677 491 266 131	
64 813 269 105	
304 338 276 78	
977 556 278 85	
869 720 233 139	
25 633 252 130	
355 116 278 78	
120 522 241 123	
505 304 255 99	
778 589 257 108	
732 155 260 102	
441 14 218 134	
121 139 221 133	
495 226 238 129	
675 815 242 108	
886 766 246 134	
239 2 252 123	
256 287 262 91	
629 731 263 96	
932 733 230 133	
410 619 234 134	
730 636 237 134	
355 748 243 120	
429 831 241 127	
118 721 246 136	
38 845 251 114	
853 119 260 114	
376 676 226 135	
489 186 231 136	
354 651 233 131	
191 202 233 143	
291 615 234 122	
69 678 241 129	
23 710 242 118	
572 187 246 113	
84 631 249 113	
97 392 249 117	
222 349 253 119	
267 579 260 99	
584 925 266 92	
40 786 272 90	
466 254 284 121	
231 465 226 134	
151 255 232 125	
331 435 233 125	
479 285 234 115	
517 797 237 129	
5 338 239 124	
542 378 244 125	
226 857 245 139	
836 218 250 98	
215 887 253 135	
472 602 256 122	
128 589 263 95	
851 157 243 133	
474 104 245 134	
866 519 224 143	
765 144 235 135	
59 234 239 138	
104 667 240 138	
735 582 241 137	
587 470 244 141	
357 185 244 118	
912 583 259 95	
506 420 259 133	
412 878 263 127	
646 848 266 94	
858 412 286 91	
471 105 231 124	
772 633 241 114	
60 946 244 120	
636 719 250 110	
260 450 251 139	
365 28 268 93	
664 674 269 98	
633 806 270 130	
308 449 235 128	
164 104 241 137	
752 339 239 137	
887 43 244 122	
535 249 265 132	
960 479 269 98	
39 571 270 94	
978 356 248 133	
731 280 249 101	
388 965 251 134	
392 845 257 103	
995 712 263 118	
336 425 263 99	
692 917 239 123	
926 324 241 123	
2 637 241 118	
614 346 241 122	
803 508 244 143	
561 271 251 113	
658 100 256 106	
444 367 262 107	
481 367 266 96	
397 550 235 126	
902 331 240 121	
174 518 241 135	
579 280 246 124	
498 948 247 110	
861 391 248 111	
295 643 248 142	
700 886 253 127	
934 334 254 107	
393 538 257 101	
882 679 258 110	
794 561 260 105	
187 914 260 134	
923 743 262 84	
41 502 262 113	
462 934 265 127	
248 74 268 92	
495 882 274 92	
816 957 276 93	
28 733 281 90	
28 565 227 130	
169 462 248 128	
308 965 256 102	
641 884 251 138	
909 57 263 129	
215 899 267 100	
942 813 268 82	
957 73 276 101	
554 274 238 131	
728 721 245 110	
142 31 246 135	
174 203 250 118	
298 259 250 110	
597 206 252 101	
850 468 254 116	
463 442 255 108	
737 490 260 106	
972 316 261 108	
649 456 264 104	
90 796 284 76	
366 864 237 133	
658 963 247 140	
426 182 252 107	
732 405 257 106	
337 808 263 103	
73 949 240 116	
826 653 251 107	
815 4 251 112	
721 7 255 132	
700 117 240 127	
960 884 245 116	
870 237 247 136	
838 512 247 111	
189 558 252 120	
82 179 252 110	
219 762 255 109	
527 237 256 135	
501 924 258 101	
212 645 261 101	
514 355 263 91	
437 83 265 136	
787 169 224 134	
947 314 242 128	
915 424 247 129	
708 207 248 108	
882 272 264 100	
895 496 273 88	
950 659 223 127	
604 189 236 138	
589 791 238 138	
487 252 242 120	
325 737 244 118	
990 86 244 112	
163 270 247 123	
125 104 247 120	
239 276 248 111	
710 648 248 111	
647 850 254 121	
889 376 255 109	
980 489 260 100	
244 189 261 101	
983 639 264 111	
289 780 266 101	
835 220 242 115	
219 857 249 111	
46 647 256 108	
755 139 258 136	
598 304 258 138	
645 335 266 104	
14 376 249 134	
876 357 260 123	
224 457 241 132	
945 195 233 138	
741 357 250 140	
578 42 252 108	
394 107 254 101	
158 428 258 136	
40 214 260 107	
732 387 261 140	
49 890 275 130	
881 902 284 82	
21 69 220 142	
912 201 229 141	
154 739 232 136	
830 751 239 134	
925 354 244 139	
267 213 249 109	
251 744 250 135	
89 934 252 122	
92 347 252 107	
737 29 252 136	
566 250 256 107	
408 500 260 118	
962 993 262 113	
95 372 247 115	
715 863 261 137	
157 277 231 130	
311 842 245 129	
508 493 253 124	
299 325 254 122	
759 21 255 143	
84 140 259 103	
627 851 232 137	
