543 644 0 92 66	
914 908 54 68 55	
235 286 75 44 91	
521 363 33 94 70	
151 587 77 81 28	
689 52 63 84 53	
346 673 96 53 58	
983 514 91 56 60	
721 189 88 44 87	
734 149 46 76 86	
932 460 64 98 56	
313 94 104 27 84	
740 996 37 118 63	
584 596 139 79 0	
567 48 105 26 104	
508 421 91 51 91	
760 213 91 40 96	
370 568 43 100 60	
592 573 84 55 87	
924 899 87 49 91	
351 148 89 94 47	
814 6 62 85 85	
964 974 116 45 98	
982 52 139 84 11	
481 583 97 47 98	
448 155 113 39 84	
369 115 113 18 109	
715 285 81 56 98	
74 915 145 12 86	
336 582 67 119 61	
447 979 112 89 34	
557 461 77 109 57	
690 222 107 94 44	
846 869 123 50 98	
243 206 124 31 105	
36 573 64 98 91	
573 613 143 15 109	
246 421 86 100 77	
220 423 128 42 93	
284 107 78 105 76	
524 519 123 48 93	
162 79 124 109 29	
422 189 127 58 81	
518 894 133 19 99	
331 767 77 83 95	
188 486 97 108 52	
664 507 102 91 72	
910 538 141 42 75	
726 600 158 20 85	
176 394 142 72 47	
810 177 84 104 76	
497 708 127 84 59	
89 994 80 89 97	
999 345 119 62 82	
523 502 164 0 90	
51 882 115 86 81	
373 930 126 55 83	
818 429 130 109 34	
49 78 101 108 66	
59 362 113 62 100	
978 470 128 34 109	
130 60 86 90 92	
912 697 93 110 62	
235 600 124 58 104	
538 781 106 112 55	
148 952 130 87 62	
611 596 133 55 92	
215 185 86 89 98	
845 500 114 89 84	
293 747 123 69 83	
641 572 67 128 81	
342 34 106 103 73	
395 30 144 48 93	
823 972 132 53 103	
481 702 72 110 95	
714 611 92 114 69	
259 689 90 101 80	
894 289 147 112 24	
354 691 184 6 96	
901 244 147 27 105	
268 815 114 87 75	
589 207 127 54 108	
882 78 112 99 73	
975 848 119 77 86	
725 207 130 95 67	
694 709 146 112 31	
983 823 113 69 108	
790 627 113 106 66	
120 542 132 103 61	
260 486 153 50 100	
583 30 159 29 108	
649 573 152 49 90	
574 644 147 51 94	
236 709 143 54 90	
28 781 142 120 30	
789 816 91 99 93	
979 725 156 56 86	
706 549 148 60 88	
263 383 164 28 110	
316 165 122 74 111	
57 983 130 109 61	
522 862 144 61 86	
139 483 105 81 104	
535 372 117 78 98	
815 192 150 41 99	
352 758 150 60 84	
447 839 133 79 86	
803 975 126 93 75	
119 148 122 104 77	
451 968 147 69 87	
523 739 141 123 34	
342 754 145 97 62	
349 121 109 98 90	
668 224 119 111 66	
513 314 159 80 73	
641 131 162 58 85	
374 664 105 124 79	
497 73 105 113 86	
670 263 133 86 87	
402 83 155 62 90	
307 439 167 113 34	
176 836 130 77 98	
252 740 165 60 89	
138 372 165 64 89	
765 910 89 113 100	
156 639 119 101 87	
887 397 144 64 107	
873 179 146 113 61	
617 58 142 63 105	
447 709 155 123 32	
503 851 136 63 113	
592 428 166 57 95	
420 471 149 120 41	
636 387 127 117 70	
154 70 138 100 79	
335 399 150 84 85	
47 463 119 123 76	
618 533 131 118 63	
360 433 138 104 75	
127 424 153 100 63	
196 84 163 55 103	
310 286 161 59 105	
795 473 163 45 100	
127 743 174 36 97	
780 149 119 126 65	
900 340 142 71 103	
431 548 190 97 32	
661 830 123 104 91	
412 685 173 46 94	
409 214 177 101 51	
468 956 127 95 96	
72 759 141 126 47	
440 400 143 73 104	
594 174 127 87 106	
675 235 157 123 41	
502 434 113 118 91	
287 61 163 76 97	
489 772 228 7 85	
963 655 140 82 96	
72 725 137 100 88	
44 922 140 96 88	
113 181 157 122 43	
304 174 149 88 89	
68 862 169 76 82	
546 575 119 112 90	
132 765 215 20 95	
332 327 173 92 71	
82 619 178 58 91	
411 824 116 128 77	
504 597 159 111 58	
243 836 169 63 98	
245 127 226 16 84	
743 523 139 119 63	
412 832 159 79 88	
814 925 166 69 91	
969 373 119 115 88	
507 436 161 121 35	
980 158 186 101 53	
667 599 201 51 89	
867 708 121 102 100	
756 560 163 71 112	
616 747 146 82 107	
100 388 153 81 98	
743 916 121 104 96	
227 489 124 117 88	
949 409 145 78 111	
102 328 157 79 105	
830 681 205 89 43	
983 738 160 53 104	
712 876 208 93 36	
392 146 146 133 49	
672 499 143 102 83	
123 133 151 80 109	
50 432 146 100 88	
581 944 148 85 108	
326 366 139 125 76	
727 642 149 123 60	
75 294 182 59 101	
797 858 182 57 102	
773 799 151 117 69	
570 306 154 81 111	
691 480 155 93 91	
387 457 169 109 56	
719 17 132 113 97	
271 111 173 118 51	
965 61 161 113 67	
525 877 162 73 103	
183 325 188 60 88	
883 953 172 61 101	
599 23 134 106 92	
843 967 139 103 93	
537 54 166 62 105	
147 75 180 75 87	
265 160 175 71 102	
411 918 200 50 109	
908 588 147 82 115	
858 586 164 78 97	
862 699 180 68 100	
683 152 132 112 96	
103 318 149 81 107	
97 973 177 77 99	
961 596 137 113 89	
247 470 155 83 106	
456 576 174 52 108	
272 698 200 123 22	
983 687 166 63 105	
476 708 150 84 99	
287 871 171 117 56	
220 286 163 83 97	
890 154 170 125 42	
434 415 172 69 97	
838 999 166 78 107	
813 522 150 97 100	
434 974 176 65 117	
628 286 181 60 110	
893 825 203 129 18	
817 642 208 69 78	
230 315 163 113 74	
454 383 144 90 109	
459 828 189 61 93	
957 636 148 106 94	
215 47 167 96 82	
444 377 195 96 61	
176 706 166 125 55	
425 51 185 62 110	
250 834 160 75 103	
649 317 160 130 53	
382 615 136 117 87	
287 921 182 69 104	
920 482 152 86 103	
761 691 153 90 94	
972 860 188 81 92	
536 708 177 130 40	
814 482 192 107 57	
826 769 152 85 102	
472 101 151 115 83	
742 363 172 81 90	
804 958 185 80 91	
640 496 131 129 86	
985 387 148 124 76	
523 915 151 110 89	
138 441 152 115 88	
173 419 155 121 77	
922 602 157 94 98	
329 198 174 70 108	
349 170 191 69 93	
631 430 160 73 108	
676 112 179 62 106	
239 590 144 130 71	
295 862 155 120 75	
990 305 136 100 110	
650 698 151 123 79	
754 915 172 108 72	
843 148 191 63 99	
106 295 163 129 67	
298 95 153 95 102	
818 870 186 53 107	
990 88 136 117 99	
745 294 145 115 89	
86 681 164 86 97	
511 602 173 85 94	
462 505 215 37 95	
146 309 240 57 73	
547 168 162 116 74	
172 330 166 66 123	
68 28 161 122 66	
933 261 170 79 106	
823 312 158 105 93	
899 131 132 124 91	
346 77 149 92 110	
512 348 186 80 95	
360 18 187 61 110	
663 272 179 119 56	
291 200 169 95 92	
267 498 142 115 95	
670 347 152 126 71	
495 707 162 88 101	
190 479 196 81 82	
173 645 193 86 82	
320 294 188 82 95	
485 640 189 65 109	
863 926 194 104 73	
669 843 190 122 54	
554 359 128 127 98	
553 254 162 84 110	
833 76 170 83 104	
890 471 201 72 86	
208 261 144 128 80	
222 14 195 106 61	
213 199 148 125 83	
594 29 179 120 65	
829 339 145 126 85	
856 147 146 126 84	
354 855 153 125 81	
395 284 188 72 107	
170 473 193 68 100	
108 204 199 115 56	
524 693 203 48 115	
155 762 190 68 100	
444 580 119 136 100	
508 801 153 109 98	
169 718 167 119 77	
603 854 214 47 120	
28 2 158 113 97	
473 952 180 73 108	
525 450 182 111 73	
574 21 193 72 96	
501 358 184 86 100	
156 598 191 126 38	
633 673 147 119 85	
415 863 164 97 116	
203 679 190 75 104	
885 221 205 72 93	
30 715 231 59 86	
451 69 210 98 61	
689 881 175 89 103	
170 669 163 106 96	
649 446 173 92 101	
576 465 177 122 70	
781 896 181 80 100	
475 581 178 81 110	
735 440 172 116 79	
338 706 192 81 100	
92 41 237 46 95	
256 18 194 82 98	
775 995 195 70 109	
102 335 168 96 101	
200 417 177 124 63	
964 205 200 116 48	
769 942 205 59 103	
143 229 151 112 102	
883 433 137 122 102	
7 497 193 84 93	
339 444 188 71 101	
773 679 162 120 93	
68 741 227 107 38	
871 948 144 123 100	
494 224 155 135 79	
840 618 159 114 97	
399 177 163 121 85	
900 128 181 113 80	
58 911 191 120 61	
198 726 212 48 103	
610 498 184 82 104	
424 35 144 118 102	
66 454 163 103 97	
3 453 155 124 90	
79 10 158 97 109	
240 272 174 106 89	
656 769 198 67 101	
929 181 202 119 50	
247 374 204 68 99	
649 834 149 141 81	
243 108 153 118 101	
647 43 172 128 65	
801 176 182 130 56	
529 149 187 127 59	
998 789 187 84 108	
169 160 192 115 65	
794 77 203 64 105	
163 247 210 56 93	
952 270 174 88 107	
901 281 194 75 102	
87 590 206 56 110	
796 197 162 121 90	
212 723 155 124 91	
518 97 171 123 75	
802 834 211 122 43	
149 172 149 133 85	
113 592 198 74 107	
979 725 208 72 92	
684 794 216 74 92	
352 789 216 108 53	
323 773 154 126 91	
309 118 168 111 89	
516 930 152 126 93	
29 588 184 81 112	
198 416 187 84 107	
979 400 199 123 60	
35 197 211 57 114	
498 793 170 116 83	
895 484 194 74 101	
991 394 166 107 104	
966 772 178 109 87	
323 721 163 102 109	
74 555 177 96 103	
999 821 189 87 99	
120 97 154 123 93	
668 477 160 133 78	
171 538 161 113 98	
93 960 168 104 104	
689 995 172 113 85	
205 812 141 127 101	
574 236 226 65 93	
60 737 173 91 110	
175 993 190 89 105	
516 268 191 73 111	
212 971 193 116 72	
246 517 197 82 100	
580 104 162 118 93	
245 989 202 78 100	
337 697 177 108 98	
354 105 204 83 95	
800 682 167 129 86	
441 848 178 95 103	
557 288 182 113 83	
775 692 187 113 77	
366 145 181 83 109	
844 726 200 88 97	
390 955 183 89 107	
309 777 184 95 100	
935 631 193 117 73	
60 118 204 103 78	
868 986 156 110 103	
358 285 170 115 90	
218 917 221 124 39	
866 408 229 41 104	
998 225 186 87 108	
962 419 176 108 93	
219 150 190 127 57	
115 479 196 126 62	
92 8 210 54 116	
247 977 211 81 98	
982 221 165 124 90	
951 490 179 127 76	
259 496 214 59 106	
158 147 144 130 99	
229 838 147 128 101	
328 994 178 104 100	
613 576 182 127 69	
560 25 170 126 80	
552 631 175 112 96	
30 752 187 125 68	
946 787 195 94 89	
58 383 196 74 107	
97 822 216 61 118	
691 872 233 76 101	
931 965 178 114 89	
136 409 184 94 114	
853 320 190 126 65	
519 161 194 119 70	
126 537 239 58 104	
465 444 163 125 89	
7 272 181 113 95	
703 812 164 109 105	
319 665 182 124 85	
463 971 200 95 87	
973 403 187 114 84	
723 814 192 127 66	
3 673 184 93 108	
475 343 219 50 113	
67 711 172 130 82	
45 694 174 132 81	
1 462 187 118 79	
160 21 189 95 101	
912 326 193 90 101	
908 498 196 113 84	
542 832 213 81 99	
929 317 189 122 74	
66 605 176 119 103	
197 112 192 88 113	
323 930 198 86 114	
540 903 226 56 103	
459 784 236 53 113	
589 328 225 122 52	
327 242 200 121 62	
195 579 206 94 90	
604 739 167 129 88	
499 259 177 112 94	
445 831 179 114 98	
729 60 187 112 95	
706 685 208 73 112	
486 3 174 117 96	
188 767 156 123 98	
757 790 186 123 76	
105 878 190 128 66	
149 663 167 118 96	
13 926 170 119 92	
853 39 202 84 109	
687 630 209 119 58	
688 139 184 121 77	
66 613 206 89 97	
130 757 223 90 79	
206 212 186 116 94	
645 264 187 96 93	
352 694 190 105 97	
798 998 209 82 105	
640 449 182 117 88	
505 221 184 109 91	
648 183 186 95 109	
578 848 232 65 107	
27 90 181 95 110	
171 336 187 126 73	
662 463 206 121 63	
27 171 174 107 102	
409 254 176 124 81	
502 631 185 118 85	
249 607 189 99 105	
165 636 204 107 81	
821 533 222 70 102	
415 772 173 134 78	
706 455 175 118 100	
969 803 183 117 92	
466 545 196 131 63	
241 291 205 88 105	
439 426 211 73 106	
607 261 170 124 94	
498 41 190 98 109	
343 201 201 89 109	
519 231 202 86 109	
478 69 244 47 115	
67 836 173 118 97	
195 395 183 133 72	
942 932 182 101 103	
450 17 195 108 95	
534 176 212 111 75	
400 455 217 114 67	
603 57 186 110 94	
846 451 168 131 91	
32 321 180 103 106	
374 739 183 98 115	
276 676 225 73 89	
63 663 166 127 101	
753 434 214 77 104	
662 894 204 83 112	
143 674 174 113 104	
895 109 178 137 79	
659 80 194 104 100	
123 155 196 91 109	
647 626 261 25 105	
939 952 160 124 104	
493 905 161 127 99	
426 69 187 105 95	
712 980 222 75 101	
633 696 244 62 94	
268 315 173 111 105	
624 530 178 133 77	
606 498 183 126 84	
830 887 185 104 106	
648 213 186 101 99	
737 231 196 81 115	
991 122 197 128 67	
964 174 205 97 88	
863 122 208 79 102	
589 938 234 67 100	
947 737 199 86 106	
178 198 203 118 77	
90 245 205 101 85	
369 198 208 125 62	
987 495 171 123 97	
989 84 178 126 93	
438 298 214 83 102	
635 361 175 134 81	
375 661 177 111 102	
377 538 191 101 103	
968 161 193 114 92	
733 60 199 94 108	
257 160 211 88 104	
346 793 217 90 87	
398 684 214 104 81	
860 503 180 129 80	
410 270 199 95 102	
347 914 187 120 94	
393 197 191 109 91	
235 234 197 87 111	
631 161 198 107 98	
135 221 202 87 109	
624 548 212 128 59	
107 214 213 137 48	
59 204 213 78 102	
918 824 215 71 112	
986 743 216 101 96	
571 374 219 86 96	
952 259 213 82 104	
901 530 197 97 105	
648 488 201 132 68	
416 4 172 123 102	
734 372 191 99 107	
548 627 206 122 71	
827 214 217 76 112	
470 615 237 61 98	
304 576 181 109 104	
195 292 262 44 110	
476 390 210 89 105	
178 151 185 126 83	
930 739 211 106 87	
832 635 218 138 42	
263 202 223 128 56	
371 676 192 140 58	
251 648 192 110 101	
176 629 206 94 99	
526 904 173 127 92	
465 920 174 116 102	
152 769 193 106 100	
351 425 196 103 98	
105 416 188 109 104	
543 309 203 114 81	
585 384 251 55 102	
811 822 186 104 102	
203 971 191 112 104	
65 363 200 125 78	
592 30 220 81 110	
323 874 225 81 102	
704 903 198 97 108	
152 586 198 120 84	
70 445 219 77 101	
120 902 191 121 85	
596 866 208 93 107	
698 229 214 81 110	
75 459 178 119 100	
576 419 186 104 110	
404 62 194 102 105	
758 550 200 95 101	
690 520 214 83 117	
990 699 218 75 105	
813 297 225 97 78	
938 465 238 118 43	
742 792 202 79 114	
337 34 213 103 86	
869 929 183 118 102	
772 698 193 117 97	
909 28 193 117 97	
69 877 196 91 103	
437 22 208 129 63	
304 823 208 87 107	
997 645 187 127 91	
337 439 197 107 109	
802 268 202 111 96	
332 824 213 72 114	
427 712 217 89 95	
206 435 192 128 82	
612 512 226 73 110	
65 51 181 114 101	
206 764 192 103 103	
729 25 200 115 93	
525 923 204 135 62	
136 697 222 85 95	
939 662 181 123 95	
972 182 220 123 64	
264 146 213 92 100	
220 191 214 137 55	
644 927 219 81 108	
332 998 196 113 90	
956 979 192 113 97	
710 103 203 107 101	
411 234 207 128 70	
750 685 209 93 101	
942 434 215 75 115	
183 480 219 79 111	
207 17 222 69 113	
677 259 239 60 108	
451 188 243 61 115	
626 715 205 86 109	
337 381 208 85 113	
870 190 239 68 104	
797 792 214 95 101	
646 333 240 57 102	
367 740 243 55 117	
384 489 181 133 88	
32 190 188 129 90	
143 330 201 127 75	
525 904 203 95 107	
341 14 206 130 69	
179 334 214 92 104	
145 937 215 125 66	
889 521 196 95 112	
345 974 203 117 83	
493 22 210 95 101	
811 940 228 89 90	
870 103 195 119 96	
620 912 202 93 109	
376 209 212 126 67	
804 938 219 101 99	
798 43 238 68 109	
229 641 180 127 95	
884 407 208 111 95	
503 158 224 88 105	
635 339 183 118 101	
970 914 196 109 103	
970 969 199 100 106	
791 723 214 86 103	
99 956 215 98 102	
800 817 240 126 49	
874 325 199 101 109	
389 484 212 111 88	
738 15 173 128 103	
873 138 198 127 78	
331 483 209 133 68	
942 805 209 123 80	
749 252 219 84 112	
557 222 184 130 91	
492 378 187 132 88	
359 930 188 124 94	
546 452 198 98 110	
10 70 201 131 76	
732 865 202 128 74	
94 803 202 132 81	
399 778 209 132 68	
179 668 219 81 109	
748 434 223 128 58	
379 483 212 90 109	
659 195 210 99 105	
307 824 224 80 100	
601 959 191 103 111	
598 517 200 99 111	
359 437 203 132 70	
301 995 225 126 66	
633 57 220 76 111	
296 918 222 80 110	
219 206 226 91 96	
558 873 191 124 92	
393 848 254 53 107	
533 606 176 127 95	
352 529 201 130 80	
97 724 208 95 112	
1 224 219 86 96	
574 464 223 79 108	
202 490 228 70 109	
97 743 232 77 103	
600 894 199 121 90	
105 362 228 117 72	
493 758 231 63 119	
179 925 234 106 73	
818 823 177 121 109	
486 807 196 132 83	
230 612 214 124 71	
49 196 212 118 85	
383 828 217 87 110	
735 75 190 122 101	
41 404 215 91 107	
320 825 227 133 53	
312 447 218 82 109	
233 954 209 133 69	
378 640 206 136 68	
645 368 212 92 105	
337 360 218 84 107	
351 507 193 113 107	
393 148 222 125 65	
483 624 225 82 113	
472 954 191 110 111	
512 433 190 107 113	
485 983 193 116 99	
102 398 201 126 86	
881 831 206 116 99	
355 956 207 130 75	
841 62 210 127 72	
676 37 214 95 110	
457 333 225 77 115	
27 343 225 82 108	
476 656 230 74 113	
564 15 233 81 94	
782 403 238 75 110	
790 422 251 109 60	
578 256 185 126 101	
119 63 222 115 87	
361 341 199 109 107	
435 761 204 96 110	
179 435 208 121 82	
624 602 214 89 107	
305 277 195 109 108	
207 360 201 129 83	
452 690 202 108 103	
222 474 203 120 90	
866 430 210 125 80	
239 985 213 125 74	
151 443 214 88 103	
896 238 218 91 113	
489 453 224 131 65	
699 550 225 81 107	
991 637 226 78 108	
894 524 226 95 90	
277 461 194 130 90	
120 132 196 125 94	
8 631 197 133 87	
164 205 208 126 74	
58 519 215 90 110	
654 546 218 138 59	
164 319 218 107 100	
655 386 225 89 118	
426 699 212 101 116	
208 572 219 104 96	
757 679 221 98 94	
594 470 230 81 113	
456 980 229 122 61	
683 233 190 105 113	
403 189 196 105 107	
67 804 208 125 83	
966 598 209 116 98	
802 735 210 115 87	
632 794 225 93 105	
512 646 204 133 82	
517 621 206 105 109	
240 978 215 96 108	
385 384 222 89 109	
982 480 226 92 102	
537 863 188 137 88	
24 732 207 130 79	
938 939 208 125 85	
250 912 208 106 97	
253 402 223 131 58	
441 882 237 73 110	
56 835 244 68 111	
121 668 186 129 100	
312 310 188 131 96	
914 355 201 105 109	
389 949 209 131 79	
555 424 217 126 71	
282 391 217 106 98	
569 622 182 127 106	
418 538 196 123 102	
434 505 204 133 79	
421 996 186 133 98	
476 897 193 128 98	
464 75 207 92 114	
71 677 215 100 106	
381 236 218 114 86	
771 403 230 93 101	
566 476 239 131 48	
819 554 241 105 74	
760 151 242 73 109	
152 348 263 62 88	
252 426 185 131 98	
378 363 215 128 78	
664 662 223 131 68	
446 492 224 88 112	
481 718 231 92 119	
627 78 245 124 62	
673 373 247 62 115	
248 411 182 131 103	
315 832 185 138 89	
108 179 210 117 98	
896 515 216 94 116	
827 865 219 94 103	
75 164 232 88 110	
491 528 202 116 99	
9 636 208 130 77	
797 884 206 112 100	
44 610 220 104 97	
617 129 194 124 102	
431 828 198 121 99	
254 445 216 129 78	
986 456 221 122 75	
980 764 221 132 70	
71 559 244 120 54	
365 887 226 121 82	
24 738 203 119 92	
732 777 224 85 112	
277 439 191 136 94	
632 431 194 108 115	
643 549 206 109 105	
563 487 207 108 105	
928 471 220 111 94	
294 429 226 127 70	
900 948 238 72 109	
61 996 205 136 78	
799 623 223 92 109	
593 237 201 121 97	
61 443 202 113 108	
384 405 213 110 102	
626 760 218 132 78	
890 826 224 105 100	
256 220 226 97 106	
364 667 247 81 107	
540 282 203 127 89	
834 520 203 101 114	
907 568 224 98 109	
363 612 229 93 110	
751 10 229 82 111	
61 477 259 66 111	
979 192 205 134 82	
504 867 223 131 68	
678 152 212 126 80	
161 811 221 91 113	
320 343 224 95 116	
109 699 231 103 88	
897 413 233 90 105	
871 468 239 107 85	
651 979 260 67 101	
449 22 194 134 93	
609 554 205 128 88	
714 239 262 66 91	
972 379 212 100 109	
149 77 198 125 102	
497 981 210 105 112	
569 542 224 134 64	
424 902 240 69 115	
850 534 185 132 104	
163 178 206 122 96	
888 853 215 94 114	
897 855 217 98 114	
974 30 221 115 88	
538 33 229 106 86	
532 906 248 120 63	
911 626 207 130 83	
686 382 207 105 110	
936 402 223 103 96	
447 51 216 132 76	
565 551 231 122 73	
405 993 190 132 100	
654 461 194 133 100	
663 391 205 115 102	
577 205 206 130 89	
465 196 206 125 88	
276 649 208 127 87	
323 588 211 120 102	
713 33 212 130 79	
763 544 213 106 106	
104 305 214 121 98	
727 451 217 103 107	
133 547 220 111 96	
505 300 234 81 112	
367 274 240 70 115	
612 701 243 79 108	
432 507 185 132 104	
378 625 204 127 93	
114 84 212 120 98	
130 526 212 120 96	
436 781 214 114 101	
773 231 198 121 110	
964 486 225 127 75	
262 821 229 133 64	
4 835 229 135 61	
886 484 205 121 95	
114 434 216 115 95	
632 233 217 106 105	
395 36 218 103 110	
794 231 221 105 108	
256 817 224 135 65	
945 386 224 94 112	
990 204 234 127 68	
871 838 237 76 110	
345 520 274 56 103	
518 922 228 93 108	
374 129 193 131 100	
122 207 205 115 105	
339 609 208 114 103	
635 246 216 113 103	
90 954 226 118 85	
298 762 239 89 108	
348 735 253 57 117	
691 69 277 60 110	
602 666 194 125 109	
880 672 202 116 116	
842 47 205 109 111	
356 178 206 110 111	
226 80 209 112 109	
282 800 210 113 101	
830 191 210 124 89	
218 17 223 112 91	
93 56 224 109 99	
871 151 226 100 106	
168 223 252 74 107	
642 984 187 137 101	
409 870 209 131 87	
660 795 191 128 106	
410 480 200 127 102	
813 570 206 118 101	
561 922 208 136 84	
749 558 210 115 105	
862 741 214 124 89	
179 700 216 111 105	
842 235 217 97 110	
890 943 221 85 117	
744 241 225 134 74	
770 934 234 83 114	
843 438 244 76 111	
756 63 244 73 109	
622 349 252 83 106	
134 389 257 78 98	
783 166 257 53 112	
758 577 231 91 111	
529 990 232 94 106	
821 502 233 105 94	
327 69 208 109 110	
531 900 222 101 115	
419 110 225 92 113	
687 46 237 82 114	
661 876 196 119 110	
405 161 213 114 101	
883 757 214 124 90	
