618 521 0 92	
459 635 54 68	
729 695 75 44	
646 929 33 94	
707 23 77 81	
474 235 63 84	
871 714 96 53	
464 490 91 56	
559 633 88 44	
92 703 46 76	
706 762 64 98	
994 428 104 27	
246 93 37 118	
981 11 139 79	
905 477 105 26	
218 309 91 51	
742 745 91 40	
186 368 43 100	
750 594 84 55	
82 503 87 49	
190 564 89 94	
94 73 62 85	
844 692 116 45	
615 244 139 84	
311 300 97 47	
835 974 113 39	
514 705 113 18	
276 476 81 56	
120 589 145 12	
806 454 67 119	
181 138 112 89	
390 488 77 109	
348 75 107 94	
290 28 123 50	
257 169 124 31	
773 594 64 98	
241 851 143 15	
411 973 86 100	
328 94 128 42	
885 352 78 105	
643 828 123 48	
897 592 124 109	
668 788 127 58	
115 96 133 19	
524 785 77 83	
346 996 97 108	
383 147 102 91	
39 754 141 42	
353 228 158 20	
3 542 142 72	
689 670 84 104	
761 249 127 84	
994 333 80 89	
248 296 119 62	
144 661 164 0	
677 933 115 86	
25 558 126 55	
278 154 130 109	
841 710 101 108	
244 863 113 62	
632 737 128 34	
694 504 86 90	
871 409 93 110	
640 880 124 58	
511 718 106 112	
990 549 130 87	
564 495 133 55	
372 769 86 89	
412 868 114 89	
132 672 123 69	
318 856 67 128	
209 996 106 103	
255 7 144 48	
726 486 132 53	
44 101 72 110	
15 776 92 114	
968 587 90 101	
501 419 147 112	
498 613 184 6	
355 474 147 27	
462 189 114 87	
43 997 127 54	
61 315 112 99	
944 600 119 77	
393 641 130 95	
53 180 146 112	
723 544 113 69	
310 894 113 106	
642 345 132 103	
563 379 153 50	
334 764 159 29	
249 264 152 49	
652 599 147 51	
852 58 143 54	
383 38 142 120	
941 559 91 99	
41 14 156 56	
25 18 148 60	
862 450 164 28	
808 471 122 74	
148 315 130 109	
479 764 144 61	
982 935 105 81	
459 29 117 78	
437 111 150 41	
748 577 150 60	
785 192 133 79	
341 455 126 93	
891 436 122 104	
411 164 147 69	
936 621 141 123	
921 402 145 97	
833 140 109 98	
71 25 119 111	
235 493 159 80	
512 792 162 58	
818 437 105 124	
610 911 105 113	
615 773 133 86	
75 801 155 62	
513 183 167 113	
202 8 130 77	
696 302 165 60	
612 699 165 64	
725 695 89 113	
791 697 119 101	
140 272 144 64	
993 592 146 113	
982 182 142 63	
33 79 155 123	
372 191 136 63	
300 292 166 57	
339 99 149 120	
887 573 127 117	
440 772 138 100	
53 821 150 84	
294 999 119 123	
379 269 131 118	
51 447 138 104	
911 326 153 100	
15 690 163 55	
201 891 161 59	
62 433 163 45	
699 373 174 36	
241 768 119 126	
173 502 142 71	
977 565 190 97	
838 906 123 104	
560 844 173 46	
753 334 177 101	
223 307 127 95	
559 358 141 126	
938 27 143 73	
89 368 127 87	
231 661 157 123	
469 668 113 118	
691 482 163 76	
319 543 228 7	
636 894 140 82	
340 217 137 100	
280 135 140 96	
115 731 157 122	
102 289 149 88	
198 929 169 76	
615 822 119 112	
658 843 215 20	
573 350 173 92	
71 47 178 58	
769 481 116 128	
565 701 159 111	
979 167 169 63	
998 323 226 16	
246 163 139 119	
434 567 159 79	
688 858 166 69	
139 656 119 115	
242 968 161 121	
34 434 186 101	
233 317 201 51	
72 395 121 102	
539 200 163 71	
324 478 146 82	
99 661 153 81	
661 838 121 104	
951 296 124 117	
789 295 145 78	
611 117 157 79	
49 674 205 89	
472 385 160 53	
824 788 208 93	
209 251 146 133	
656 365 143 102	
549 506 151 80	
111 862 146 100	
629 755 148 85	
266 724 139 125	
136 813 149 123	
245 274 182 59	
801 223 182 57	
545 208 151 117	
429 343 154 81	
63 285 155 93	
475 604 169 109	
608 654 132 113	
463 149 173 118	
394 993 161 113	
874 287 162 73	
458 482 188 60	
959 873 172 61	
220 473 134 106	
908 993 139 103	
415 615 166 62	
94 82 180 75	
455 94 175 71	
729 935 200 50	
866 608 147 82	
98 904 164 78	
823 657 180 68	
667 907 132 112	
954 760 149 81	
850 828 177 77	
556 227 137 113	
825 282 155 83	
27 199 174 52	
869 684 200 123	
882 778 166 63	
882 77 150 84	
965 185 171 117	
360 159 163 83	
531 51 170 125	
872 548 172 69	
739 171 166 78	
242 387 150 97	
721 231 176 65	
989 994 181 60	
761 328 203 129	
298 460 208 69	
367 340 163 113	
691 718 144 90	
928 577 189 61	
869 883 148 106	
459 460 167 96	
648 332 195 96	
405 361 166 125	
755 342 185 62	
852 183 160 75	
316 852 160 130	
535 663 136 117	
215 297 182 69	
938 893 152 86	
166 272 153 90	
447 38 188 81	
248 268 177 130	
908 787 192 107	
861 556 152 85	
227 641 151 115	
555 841 172 81	
595 732 185 80	
921 246 131 129	
734 523 148 124	
840 730 151 110	
113 374 152 115	
637 118 155 121	
426 692 157 94	
364 454 174 70	
761 86 191 69	
300 587 160 73	
778 690 179 62	
910 453 144 130	
922 675 155 120	
14 797 136 100	
151 693 151 123	
575 700 172 108	
921 948 191 63	
623 588 163 129	
199 394 153 95	
37 134 186 53	
76 527 136 117	
554 781 145 115	
176 158 164 86	
219 471 173 85	
400 537 215 37	
591 477 240 57	
724 217 162 116	
511 221 166 66	
696 61 161 122	
884 299 170 79	
7 905 158 105	
943 965 132 124	
996 463 149 92	
719 790 186 80	
266 183 187 61	
992 225 179 119	
583 989 169 95	
829 388 142 115	
174 956 152 126	
914 461 162 88	
60 255 196 81	
292 672 193 86	
555 950 188 82	
777 65 189 65	
194 498 194 104	
296 838 190 122	
342 140 128 127	
591 356 162 84	
504 740 170 83	
306 570 201 72	
850 974 144 128	
206 949 195 106	
817 223 148 125	
415 775 179 120	
732 935 145 126	
880 18 146 126	
266 754 153 125	
925 848 188 72	
202 141 193 68	
690 298 199 115	
442 836 203 48	
431 424 190 68	
367 31 119 136	
174 893 153 109	
700 717 167 119	
944 808 214 47	
794 373 158 113	
884 186 180 73	
808 726 182 111	
853 515 193 72	
623 100 184 86	
761 428 191 126	
428 544 147 119	
742 621 164 97	
849 717 190 75	
469 837 205 72	
162 269 231 59	
355 862 210 98	
612 313 175 89	
125 248 163 106	
110 413 173 92	
253 671 177 122	
593 392 181 80	
73 646 178 81	
190 210 172 116	
928 598 192 81	
865 62 237 46	
607 146 194 82	
670 868 195 70	
434 804 168 96	
796 314 177 124	
820 234 200 116	
653 630 205 59	
793 567 151 112	
847 405 137 122	
966 337 193 84	
468 787 188 71	
739 993 162 120	
374 597 227 107	
14 41 144 123	
212 19 155 135	
561 379 159 114	
771 748 163 121	
299 512 181 113	
895 682 191 120	
97 907 212 48	
556 526 184 82	
431 956 144 118	
931 941 163 103	
152 627 155 124	
247 232 158 97	
857 166 174 106	
925 854 198 67	
889 897 202 119	
123 497 204 68	
769 480 149 141	
997 804 153 118	
963 758 172 128	
230 354 182 130	
230 719 187 127	
108 896 187 84	
441 886 192 115	
207 435 203 64	
705 920 210 56	
107 215 174 88	
796 115 194 75	
801 307 206 56	
407 922 162 121	
487 41 155 124	
504 673 171 123	
162 185 211 122	
90 133 149 133	
55 446 198 74	
34 623 208 72	
252 544 216 74	
234 39 216 108	
986 856 154 126	
255 146 168 111	
995 371 152 126	
767 277 184 81	
20 493 187 84	
572 655 199 123	
988 63 211 57	
725 324 170 116	
711 795 194 74	
287 903 166 107	
876 232 178 109	
529 135 163 102	
29 228 177 96	
9 538 189 87	
757 912 154 123	
773 283 160 133	
707 81 161 113	
115 789 168 104	
193 929 172 113	
694 437 141 127	
126 154 226 65	
581 235 173 91	
682 428 190 89	
728 213 191 73	
655 451 193 116	
678 836 197 82	
695 826 162 118	
815 745 202 78	
718 258 177 108	
362 679 204 83	
617 681 167 129	
362 532 178 95	
10 244 182 113	
349 119 187 113	
191 239 181 83	
20 359 200 88	
628 455 183 89	
206 269 184 95	
320 657 193 117	
699 396 204 103	
73 334 156 110	
945 18 170 115	
315 165 221 124	
470 756 229 41	
328 142 186 87	
953 27 176 108	
939 656 190 127	
249 97 196 126	
521 414 210 54	
248 391 211 81	
859 478 165 124	
467 79 179 127	
864 332 214 59	
385 911 144 130	
320 410 147 128	
89 745 178 104	
859 126 182 127	
519 162 170 126	
178 98 175 112	
669 144 187 125	
982 906 195 94	
430 800 196 74	
617 432 216 61	
350 744 233 76	
330 539 178 114	
527 811 184 94	
147 638 190 126	
949 493 194 119	
935 447 239 58	
134 621 163 125	
741 80 181 113	
571 540 164 109	
749 473 182 124	
576 281 200 95	
203 18 187 114	
374 981 192 127	
483 175 184 93	
871 151 219 50	
108 845 172 130	
428 166 174 132	
801 178 187 118	
38 789 189 95	
934 547 193 90	
812 392 196 113	
591 485 213 81	
323 973 189 122	
206 372 176 119	
353 62 192 88	
260 846 198 86	
884 57 226 56	
757 998 236 53	
684 595 225 122	
313 582 200 121	
695 95 206 94	
484 681 167 129	
522 692 177 112	
655 490 179 114	
731 438 187 112	
138 130 208 73	
322 738 174 117	
366 705 156 123	
702 724 186 123	
56 137 190 128	
727 437 167 118	
890 651 170 119	
880 471 202 84	
892 196 209 119	
470 970 184 121	
901 458 206 89	
799 706 223 90	
714 622 186 116	
628 272 187 96	
283 469 190 105	
867 327 209 82	
56 926 182 117	
413 204 184 109	
961 733 186 95	
172 125 232 65	
773 444 181 95	
878 735 187 126	
567 590 206 121	
15 679 174 107	
810 478 176 124	
230 410 185 118	
132 739 189 99	
969 554 204 107	
211 457 222 70	
633 682 173 134	
319 428 175 118	
482 479 183 117	
980 859 196 131	
680 948 205 88	
881 615 211 73	
309 482 170 124	
645 914 190 98	
937 314 201 89	
340 270 202 86	
332 138 244 47	
602 326 173 118	
215 438 183 133	
98 153 182 101	
520 388 195 108	
614 534 212 111	
490 6 217 114	
465 734 186 110	
91 626 168 131	
45 252 180 103	
622 654 183 98	
311 112 225 73	
145 977 166 127	
677 298 214 77	
290 409 204 83	
328 67 174 113	
314 978 178 137	
218 969 194 104	
795 964 196 91	
112 630 261 25	
200 84 160 124	
834 463 161 127	
655 346 187 105	
556 795 222 75	
658 707 244 62	
325 90 173 111	
134 805 178 133	
257 244 183 126	
184 724 185 104	
758 304 186 101	
130 983 196 81	
916 229 197 128	
959 634 205 97	
699 782 208 79	
76 684 234 67	
968 985 199 86	
340 823 203 118	
345 71 205 101	
762 798 208 125	
889 297 171 123	
806 621 178 126	
195 542 214 83	
250 224 175 134	
925 98 177 111	
680 86 191 101	
78 678 193 114	
266 820 199 94	
203 247 211 88	
129 718 217 90	
652 920 214 104	
767 739 180 129	
447 835 199 95	
252 539 187 120	
715 606 191 109	
558 670 197 87	
788 682 198 107	
279 224 202 87	
926 728 212 128	
137 849 213 137	
362 867 213 78	
166 234 215 71	
787 534 216 101	
177 869 219 86	
693 455 213 82	
126 146 197 97	
980 217 201 132	
306 624 172 123	
77 775 191 99	
876 600 206 122	
410 192 217 76	
80 949 237 61	
428 894 181 109	
648 584 262 44	
547 729 210 89	
338 770 185 126	
330 152 211 106	
218 969 218 138	
919 932 223 128	
318 837 192 140	
250 896 192 110	
534 513 206 94	
856 322 173 127	
216 345 174 116	
141 796 193 106	
687 752 196 103	
820 531 188 109	
90 27 203 114	
903 354 251 55	
283 483 186 104	
933 861 191 112	
268 511 200 125	
446 506 220 81	
490 779 225 81	
549 706 198 97	
674 38 198 120	
285 434 219 77	
309 723 191 121	
954 95 208 93	
732 824 214 81	
934 966 178 119	
834 303 186 104	
559 860 194 102	
748 661 200 95	
556 203 214 83	
557 163 218 75	
175 189 225 97	
949 557 238 118	
565 238 202 79	
982 153 213 103	
213 546 183 118	
571 485 193 117	
206 106 193 117	
110 858 196 91	
924 245 208 129	
670 558 208 87	
281 345 187 127	
549 563 197 107	
1 153 202 111	
556 206 213 72	
539 783 217 89	
312 331 192 128	
166 288 226 73	
14 144 181 114	
414 454 192 103	
566 147 200 115	
569 321 204 135	
723 234 222 85	
118 742 181 123	
888 312 220 123	
121 224 213 92	
537 527 214 137	
282 161 219 81	
789 537 196 113	
70 573 192 113	
523 71 203 107	
641 375 207 128	
569 408 209 93	
464 270 215 75	
940 284 219 79	
473 362 222 69	
762 193 239 60	
318 667 243 61	
546 981 205 86	
764 821 208 85	
724 160 239 68	
581 366 214 95	
905 349 240 57	
329 235 243 55	
141 855 181 133	
279 182 188 129	
607 447 201 127	
360 182 203 95	
492 31 206 130	
394 44 214 92	
551 53 215 125	
112 811 196 95	
760 170 203 117	
361 810 210 95	
709 906 228 89	
723 579 195 119	
917 787 202 93	
254 283 212 126	
31 688 219 101	
367 649 238 68	
966 967 180 127	
26 890 208 111	
390 277 224 88	
219 565 183 118	
595 804 196 109	
396 831 199 100	
751 119 214 86	
973 99 215 98	
696 709 240 126	
222 647 199 101	
941 767 212 111	
859 375 173 128	
316 767 198 127	
470 502 209 133	
719 913 209 123	
394 674 219 84	
807 581 184 130	
125 663 187 132	
13 470 188 124	
342 531 198 98	
212 299 201 131	
628 938 202 128	
524 526 202 132	
606 13 209 132	
175 763 219 81	
706 72 223 128	
88 244 212 90	
13 296 210 99	
912 981 224 80	
681 358 191 103	
444 4 200 99	
230 939 203 132	
27 346 225 126	
604 971 220 76	
350 376 222 80	
276 465 226 91	
200 304 191 124	
823 766 254 53	
178 728 176 127	
349 129 201 130	
47 417 208 95	
822 560 219 86	
413 535 223 79	
949 20 228 70	
673 4 232 77	
426 139 199 121	
715 705 228 117	
517 856 231 63	
717 798 234 106	
739 500 177 121	
446 503 196 132	
56 116 214 124	
907 330 212 118	
389 84 217 87	
830 868 190 122	
464 362 215 91	
430 952 227 133	
939 995 218 82	
161 202 209 133	
557 926 206 136	
630 717 212 92	
567 472 218 84	
699 941 193 113	
984 293 222 125	
842 543 225 82	
350 100 191 110	
194 490 190 107	
532 832 193 116	
385 357 201 126	
759 539 206 116	
160 313 207 130	
523 761 210 127	
987 160 214 95	
209 746 225 77	
356 263 225 82	
292 456 230 74	
216 198 233 81	
762 966 238 75	
86 466 251 109	
953 491 185 126	
643 697 222 115	
335 991 199 109	
265 322 204 96	
940 50 208 121	
842 836 214 89	
997 428 195 109	
397 431 201 129	
39 561 202 108	
449 903 203 120	
226 998 210 125	
861 538 213 125	
873 722 214 88	
849 836 218 91	
195 112 224 131	
202 775 225 81	
97 249 226 78	
282 577 226 95	
464 221 194 130	
292 801 196 125	
721 23 197 133	
370 942 208 126	
651 713 215 90	
562 632 218 138	
347 475 218 107	
385 935 225 89	
944 333 212 101	
685 245 219 104	
232 368 221 98	
777 715 230 81	
550 407 229 122	
388 260 190 105	
450 335 196 105	
745 636 208 125	
417 361 209 116	
296 270 210 115	
593 813 225 93	
888 72 204 133	
850 285 206 105	
966 642 215 96	
744 244 222 89	
234 958 226 92	
844 554 188 137	
533 841 207 130	
703 680 208 125	
156 236 208 106	
243 764 223 131	
611 615 237 73	
668 165 244 68	
990 651 186 129	
77 468 188 131	
369 578 201 105	
872 523 209 131	
373 598 217 126	
666 483 217 106	
949 40 182 127	
872 439 196 123	
573 935 204 133	
345 772 186 133	
619 123 193 128	
476 948 207 92	
387 990 215 100	
898 145 218 114	
332 499 230 93	
532 722 239 131	
349 167 241 105	
66 285 242 73	
608 301 263 62	
45 781 185 131	
306 867 215 128	
707 861 223 131	
875 38 224 88	
345 504 231 92	
648 661 245 124	
469 727 247 62	
714 564 182 131	
291 76 185 138	
714 893 210 117	
73 449 216 94	
628 436 219 94	
715 736 232 88	
171 178 202 116	
538 696 208 130	
289 213 206 112	
588 479 220 104	
394 453 194 124	
973 207 198 121	
375 515 216 129	
640 56 221 122	
142 567 221 132	
761 371 244 120	
458 915 226 121	
382 438 203 119	
49 555 224 85	
238 662 191 136	
558 979 194 108	
781 100 206 109	
728 72 207 108	
217 430 220 111	
302 3 226 127	
44 754 238 72	
527 659 205 136	
963 799 223 92	
837 297 201 121	
228 429 202 113	
202 792 213 110	
450 697 218 132	
912 51 224 105	
673 993 226 97	
62 905 247 81	
5 244 203 127	
777 112 203 101	
453 541 224 98	
363 815 229 93	
689 14 229 82	
831 248 259 66	
333 230 205 134	
993 262 223 131	
21 935 212 126	
157 691 221 91	
957 480 224 95	
714 492 231 103	
862 820 233 90	
367 54 239 107	
230 647 260 67	
521 74 194 134	
600 767 205 128	
415 910 262 66	
115 552 212 100	
887 392 198 125	
941 977 210 105	
287 631 224 134	
336 492 240 69	
937 523 185 132	
940 694 206 122	
722 268 215 94	
690 629 217 98	
827 402 221 115	
93 300 229 106	
394 572 248 120	
950 858 207 130	
878 510 207 105	
601 817 223 103	
184 446 216 132	
574 557 231 122	
231 495 190 132	
153 311 194 133	
481 410 205 115	
706 835 206 130	
75 430 206 125	
820 947 208 127	
663 891 211 120	
183 161 212 130	
729 654 213 106	
913 727 214 121	
157 407 217 103	
513 498 220 111	
104 369 234 81	
901 127 240 70	
749 946 243 79	
71 339 185 132	
341 460 204 127	
731 162 212 120	
64 139 212 120	
947 241 214 114	
653 205 198 121	
162 635 225 127	
340 4 229 133	
220 770 229 135	
665 836 205 121	
943 549 216 115	
961 357 217 106	
575 965 218 103	
776 126 221 105	
949 966 224 135	
355 201 224 94	
532 706 234 127	
335 456 237 76	
608 795 274 56	
200 638 228 93	
729 613 193 131	
664 50 205 115	
226 275 208 114	
89 155 216 113	
2 365 226 118	
221 310 239 89	
59 149 253 57	
65 318 277 60	
215 545 194 125	
416 460 202 116	
219 794 205 109	
680 218 206 110	
88 423 209 112	
895 927 210 113	
774 795 210 124	
503 212 223 112	
464 269 224 109	
308 151 226 100	
634 732 252 74	
217 787 187 137	
773 106 209 131	
841 770 191 128	
65 175 200 127	
731 621 206 118	
630 16 208 136	
76 378 210 115	
941 139 214 124	
966 133 216 111	
821 376 217 97	
922 275 221 85	
75 519 225 134	
215 120 234 83	
124 665 244 76	
697 928 244 73	
220 238 252 83	
241 269 257 78	
712 713 257 53	
605 63 231 91	
603 119 232 94	
536 632 233 105	
88 514 208 109	
175 589 222 101	
78 746 225 92	
382 363 237 82	
785 1 196 119	
431 801 213 114	
242 803 214 124	
633 295 217 101	
315 394 218 116	
829 537 223 100	
132 651 224 101	
384 172 225 93	
60 7 231 103	
251 242 234 93	
324 149 220 138	
922 597 236 132	
112 641 205 109	
588 133 205 104	
553 969 216 125	
639 20 220 137	
257 954 228 128	
702 896 229 98	
194 913 237 110	
796 317 245 112	
595 410 204 124	
791 621 204 128	
188 977 211 100	
317 806 216 114	
506 708 225 96	
452 891 230 88	
294 184 231 101	
6 732 234 134	
938 828 231 97	
982 253 265 62	
729 411 215 119	
866 558 216 117	
248 38 216 98	
682 474 218 135	
565 753 222 135	
413 627 228 104	
51 518 198 128	
224 307 219 129	
474 139 232 87	
153 4 233 95	
822 491 250 75	
340 681 205 140	
667 223 210 123	
631 572 212 135	
207 942 214 125	
400 526 216 106	
132 812 217 124	
721 693 221 89	
260 365 224 116	
630 664 225 102	
507 316 257 130	
41 2 218 136	
112 113 231 92	
34 463 198 126	
203 983 205 132	
688 149 212 128	
747 270 212 122	
277 184 213 111	
598 928 222 105	
679 564 224 127	
907 146 233 86	
101 236 233 114	
431 198 234 93	
762 549 238 131	
301 792 238 82	
21 750 246 89	
719 389 250 78	
519 269 232 122	
627 158 242 79	
355 195 213 134	
810 559 214 127	
898 458 221 133	
119 758 229 108	
884 939 233 131	
406 451 239 90	
617 911 246 98	
579 13 203 125	
647 997 206 113	
668 267 224 109	
69 73 230 130	
135 589 232 102	
687 356 237 107	
743 506 240 93	
649 284 249 127	
186 422 216 110	
761 598 224 97	
310 626 241 82	
679 520 193 141	
257 261 193 134	
314 766 202 122	
989 513 206 124	
313 671 215 135	
752 883 219 134	
240 639 223 135	
731 33 226 105	
102 684 227 117	
798 357 231 108	
231 884 243 84	
503 157 249 95	
125 140 218 110	
685 970 222 135	
727 761 222 107	
897 424 228 103	
841 69 229 116	
601 721 233 128	
772 325 233 85	
495 731 237 100	
82 96 208 121	
647 477 229 90	
305 321 229 95	
87 715 239 94	
829 192 187 126	
353 207 196 129	
662 209 223 116	
94 235 223 130	
712 645 229 124	
157 894 240 93	
341 14 212 128	
801 690 258 86	
351 23 211 122	
590 23 205 128	
300 934 223 118	
228 201 234 130	
997 228 241 87	
124 752 245 129	
333 915 206 135	
749 884 219 105	
93 943 223 113	
898 180 225 111	
302 608 233 107	
821 743 234 137	
681 41 239 95	
833 296 248 78	
265 427 222 109	
385 923 210 127	
827 760 250 127	
799 532 194 140	
788 631 205 109	
816 326 209 121	
448 746 240 122	
868 17 274 77	
962 632 263 54	
520 848 204 125	
223 235 214 118	
831 920 234 125	
932 955 236 98	
496 753 270 57	
488 968 202 132	
472 528 206 135	
950 567 213 118	
501 903 222 113	
282 660 222 114	
322 903 226 127	
259 487 238 108	
635 891 240 115	
938 64 251 110	
852 289 266 72	
320 894 207 118	
454 300 239 89	
909 969 251 83	
350 601 254 77	
197 161 213 125	
966 602 233 102	
701 693 199 130	
927 676 206 132	
96 496 216 123	
93 456 235 135	
111 877 214 125	
403 120 217 125	
387 169 219 115	
459 402 220 126	
147 664 222 114	
18 905 225 103	
606 465 228 103	
595 203 230 111	
319 562 232 129	
218 92 234 125	
246 852 238 110	
915 350 243 96	
187 570 247 130	
968 296 254 88	
361 21 217 129	
47 469 247 96	
345 378 262 64	
324 794 222 126	
277 754 224 125	
385 650 235 105	
234 704 236 122	
228 385 217 131	
931 821 220 96	
948 935 240 128	
465 101 240 93	
768 385 243 99	
642 324 197 139	
896 484 239 129	
537 767 203 121	
354 395 226 132	
330 196 226 120	
295 162 227 114	
134 219 228 102	
538 717 233 126	
484 795 240 137	
997 557 257 91	
394 854 267 64	
467 537 209 142	
403 781 221 111	
712 685 227 114	
823 748 231 110	
168 269 275 116	
503 714 212 133	
625 874 239 88	
749 232 219 115	
151 674 228 129	
718 73 229 130	
169 597 230 104	
495 86 243 95	
50 654 257 78	
290 631 227 105	
779 241 253 93	
662 395 213 126	
281 822 216 121	
464 381 220 122	
750 85 223 126	
201 403 240 104	
921 248 240 132	
906 451 245 124	
520 973 245 112	
162 912 252 85	
308 7 241 93	
842 703 215 120	
999 452 225 129	
307 68 226 111	
54 394 229 109	
228 950 231 101	
779 352 235 91	
972 560 236 94	
474 960 237 94	
478 999 243 139	
325 108 243 100	
855 605 218 118	
630 719 221 115	
535 940 224 123	
490 276 224 105	
628 229 231 128	
475 176 236 128	
323 387 231 117	
972 33 248 116	
548 694 255 100	
814 46 260 97	
858 607 234 109	
529 653 245 94	
459 134 214 126	
61 796 215 128	
567 734 215 120	
71 211 216 117	
862 696 216 125	
7 392 224 128	
580 499 224 110	
977 16 225 113	
954 790 225 104	
78 863 226 133	
54 176 235 115	
230 542 235 107	
794 220 239 131	
801 586 240 133	
789 683 245 90	
202 844 250 94	
15 293 209 129	
455 406 219 130	
699 29 225 130	
224 721 231 115	
732 222 216 133	
125 962 241 122	
888 551 216 126	
246 129 223 138	
572 366 230 108	
632 879 234 112	
411 624 237 127	
221 594 239 111	
959 147 242 94	
74 662 246 133	
955 799 251 88	
37 643 255 88	
97 704 247 99	
922 456 211 127	
22 547 225 116	
99 481 226 122	
282 592 227 135	
936 36 229 116	
361 59 230 102	
919 448 236 102	
476 104 238 135	
325 653 243 93	
714 787 248 112	
307 981 261 132	
290 20 272 82	
913 632 230 133	
138 684 238 118	
994 115 249 90	
781 866 255 78	
272 820 256 92	
455 300 273 81	
816 740 237 133	
