726 248 0 92	
522 430 54 68	
401 490 75 44	
335 400 33 94	
624 284 77 81	
471 196 63 84	
96 690 96 53	
29 546 91 56	
582 262 88 44	
43 381 46 76	
249 809 64 98	
63 912 104 27	
177 78 37 118	
35 846 139 79	
520 432 105 26	
169 337 91 51	
808 572 91 40	
770 79 43 100	
668 191 84 55	
614 232 87 49	
897 418 89 94	
271 724 62 85	
124 921 116 45	
958 816 139 84	
514 487 97 47	
914 756 113 39	
880 988 113 18	
967 736 81 56	
277 689 145 12	
999 354 67 119	
680 952 112 89	
237 272 77 109	
625 548 107 94	
865 784 123 50	
716 925 124 31	
292 556 64 98	
817 2 143 15	
484 893 86 100	
311 261 128 42	
212 519 78 105	
237 198 123 48	
686 979 124 109	
323 452 127 58	
56 477 133 19	
869 277 77 83	
425 152 97 108	
216 365 102 91	
629 572 141 42	
41 405 158 20	
738 462 142 72	
54 194 84 104	
381 502 127 84	
766 550 80 89	
334 396 119 62	
852 755 164 0	
449 222 115 86	
310 770 126 55	
929 534 130 109	
54 9 101 108	
161 575 113 62	
793 1 128 34	
789 441 86 90	
53 930 93 110	
515 28 124 58	
962 606 106 112	
96 109 130 87	
35 126 133 55	
419 961 86 89	
457 200 114 89	
70 524 123 69	
578 784 67 128	
742 214 106 103	
174 479 144 48	
13 160 132 53	
743 899 72 110	
436 794 92 114	
582 86 90 101	
662 471 147 112	
628 834 184 6	
297 988 147 27	
76 740 114 87	
532 714 127 54	
616 649 112 99	
118 275 119 77	
721 160 130 95	
154 637 146 112	
773 801 113 69	
289 755 113 106	
2 512 132 103	
351 881 153 50	
135 99 159 29	
126 37 152 49	
380 403 147 51	
3 141 143 54	
843 40 142 120	
458 750 91 99	
816 662 156 56	
905 411 148 60	
364 917 164 28	
260 169 122 74	
556 420 130 109	
685 881 144 61	
251 312 105 81	
374 581 117 78	
799 239 150 41	
896 294 150 60	
184 856 133 79	
591 401 126 93	
103 299 122 104	
722 838 147 69	
255 407 141 123	
637 177 145 97	
601 886 109 98	
946 889 119 111	
715 980 159 80	
852 946 162 58	
404 701 105 124	
88 162 105 113	
671 115 133 86	
580 650 155 62	
763 727 167 113	
879 96 130 77	
436 502 165 60	
582 505 165 64	
860 670 89 113	
488 540 119 101	
521 45 144 64	
976 571 146 113	
305 224 142 63	
135 50 155 123	
486 707 136 63	
522 926 166 57	
702 661 149 120	
35 361 127 117	
118 786 138 100	
252 147 150 84	
877 507 119 123	
806 866 131 118	
665 487 138 104	
766 39 153 100	
613 299 163 55	
776 152 161 59	
101 928 163 45	
701 810 174 36	
985 680 119 126	
814 910 142 71	
627 958 190 97	
169 128 123 104	
668 350 173 46	
632 807 177 101	
910 414 127 95	
206 731 141 126	
770 593 143 73	
699 103 127 87	
755 687 157 123	
500 585 113 118	
94 427 163 76	
181 105 228 7	
198 754 140 82	
958 716 137 100	
866 592 140 96	
558 766 157 122	
238 11 149 88	
862 211 169 76	
339 909 119 112	
849 997 215 20	
684 581 173 92	
691 42 178 58	
815 743 116 128	
590 500 159 111	
833 948 169 63	
854 681 226 16	
968 588 139 119	
966 201 159 79	
957 53 166 69	
905 681 119 115	
557 22 161 121	
791 595 186 101	
822 227 201 51	
993 669 121 102	
865 533 163 71	
201 562 146 82	
708 606 153 81	
607 446 121 104	
481 981 124 117	
263 482 145 78	
657 883 157 79	
887 133 205 89	
256 685 160 53	
877 708 208 93	
914 551 146 133	
46 545 143 102	
540 396 151 80	
657 715 146 100	
797 983 148 85	
669 260 139 125	
47 667 149 123	
673 490 182 59	
456 24 182 57	
958 40 151 117	
939 364 154 81	
249 987 155 93	
244 922 169 109	
172 574 132 113	
985 321 173 118	
191 703 161 113	
685 776 162 73	
815 722 188 60	
887 401 172 61	
136 691 134 106	
253 837 139 103	
369 699 166 62	
126 464 180 75	
910 596 175 71	
426 323 200 50	
571 897 147 82	
913 991 164 78	
69 500 180 68	
757 608 132 112	
565 287 149 81	
120 374 177 77	
23 667 137 113	
920 925 155 83	
420 576 174 52	
249 121 200 123	
411 495 166 63	
960 955 150 84	
838 599 171 117	
823 488 163 83	
639 240 170 125	
216 932 172 69	
54 579 166 78	
781 279 150 97	
725 328 176 65	
640 145 181 60	
239 258 203 129	
715 832 208 69	
883 331 163 113	
494 965 144 90	
924 48 189 61	
71 432 148 106	
490 908 167 96	
630 780 195 96	
242 652 166 125	
635 668 185 62	
356 296 160 75	
840 452 160 130	
9 872 136 117	
930 474 182 69	
447 141 152 86	
999 198 153 90	
950 500 188 81	
339 868 177 130	
485 768 192 107	
956 4 152 85	
583 525 151 115	
79 643 172 81	
72 184 185 80	
422 958 131 129	
560 78 148 124	
366 505 151 110	
252 376 152 115	
308 145 155 121	
494 801 157 94	
357 419 174 70	
680 750 191 69	
238 938 160 73	
567 606 179 62	
731 172 144 130	
795 744 155 120	
225 889 136 100	
436 977 151 123	
6 386 172 108	
661 947 191 63	
704 513 163 129	
240 300 153 95	
922 520 186 53	
397 293 136 117	
433 665 145 115	
735 873 164 86	
520 572 173 85	
335 141 215 37	
940 345 240 57	
840 571 162 116	
724 524 166 66	
344 305 161 122	
533 81 170 79	
137 327 158 105	
563 759 132 124	
945 363 149 92	
61 263 186 80	
97 896 187 61	
353 963 179 119	
170 788 169 95	
917 50 142 115	
89 580 152 126	
446 269 162 88	
276 752 196 81	
5 745 193 86	
433 849 188 82	
406 632 189 65	
777 625 194 104	
629 751 190 122	
45 74 128 127	
677 717 162 84	
403 531 170 83	
551 496 201 72	
457 781 144 128	
136 768 195 106	
936 496 148 125	
665 950 179 120	
253 152 145 126	
78 245 146 126	
66 14 153 125	
29 621 188 72	
191 674 193 68	
532 207 199 115	
666 102 203 48	
217 153 190 68	
562 176 119 136	
960 716 153 109	
178 154 167 119	
218 899 214 47	
566 644 158 113	
722 752 180 73	
985 163 182 111	
355 120 193 72	
728 552 184 86	
878 397 191 126	
957 126 147 119	
941 653 164 97	
666 614 190 75	
195 286 205 72	
559 702 231 59	
655 222 210 98	
719 169 175 89	
440 599 163 106	
196 438 173 92	
847 721 177 122	
230 638 181 80	
326 74 178 81	
704 121 172 116	
263 146 192 81	
532 736 237 46	
685 802 194 82	
142 89 195 70	
887 18 168 96	
897 392 177 124	
737 822 200 116	
290 552 205 59	
904 445 151 112	
9 549 137 122	
537 744 193 84	
531 250 188 71	
977 201 162 120	
721 320 227 107	
958 934 144 123	
10 5 155 135	
333 440 159 114	
158 148 163 121	
809 986 181 113	
234 990 191 120	
362 934 212 48	
426 946 184 82	
916 507 144 118	
533 787 163 103	
722 965 155 124	
479 396 158 97	
293 453 174 106	
30 530 198 67	
157 241 202 119	
923 839 204 68	
727 535 149 141	
34 723 153 118	
498 468 172 128	
791 469 182 130	
393 437 187 127	
22 535 187 84	
593 466 192 115	
578 745 203 64	
321 851 210 56	
606 644 174 88	
110 945 194 75	
66 247 206 56	
847 590 162 121	
169 943 155 124	
451 328 171 123	
732 374 211 122	
369 278 149 133	
49 677 198 74	
251 241 208 72	
765 624 216 74	
6 371 216 108	
456 826 154 126	
178 568 168 111	
982 350 152 126	
35 512 184 81	
532 806 187 84	
9 177 199 123	
182 225 211 57	
168 480 170 116	
185 789 194 74	
206 705 166 107	
707 821 178 109	
41 223 163 102	
648 230 177 96	
467 45 189 87	
280 30 154 123	
502 753 160 133	
897 400 161 113	
961 380 168 104	
353 228 172 113	
550 877 141 127	
337 996 226 65	
244 937 173 91	
551 414 190 89	
20 43 191 73	
433 159 193 116	
55 799 197 82	
968 733 162 118	
364 789 202 78	
185 428 177 108	
474 430 204 83	
358 94 167 129	
122 560 178 95	
605 503 182 113	
176 779 187 113	
502 814 181 83	
937 887 200 88	
613 827 183 89	
727 108 184 95	
299 486 193 117	
206 192 204 103	
13 342 156 110	
173 887 170 115	
345 509 221 124	
710 710 229 41	
440 969 186 87	
375 444 176 108	
61 971 190 127	
844 298 196 126	
481 632 210 54	
822 178 211 81	
627 830 165 124	
256 120 179 127	
320 887 214 59	
895 526 144 130	
287 577 147 128	
31 470 178 104	
629 485 182 127	
793 27 170 126	
777 832 175 112	
744 240 187 125	
564 425 195 94	
617 121 196 74	
945 560 216 61	
987 771 233 76	
66 311 178 114	
304 567 184 94	
824 843 190 126	
222 117 194 119	
840 94 239 58	
411 601 163 125	
700 410 181 113	
41 944 164 109	
716 497 182 124	
961 220 200 95	
965 357 187 114	
210 604 192 127	
251 704 184 93	
815 210 219 50	
785 753 172 130	
65 96 174 132	
778 123 187 118	
308 819 189 95	
871 81 193 90	
120 964 196 113	
289 284 213 81	
110 174 189 122	
885 675 176 119	
991 347 192 88	
804 207 198 86	
543 843 226 56	
267 648 236 53	
976 704 225 122	
172 781 200 121	
823 168 206 94	
522 943 167 129	
883 966 177 112	
413 994 179 114	
945 234 187 112	
246 492 208 73	
971 121 174 117	
62 59 156 123	
193 623 186 123	
436 652 190 128	
81 466 167 118	
135 772 170 119	
486 319 202 84	
850 372 209 119	
322 76 184 121	
654 660 206 89	
53 389 223 90	
483 768 186 116	
902 176 187 96	
878 727 190 105	
129 335 209 82	
404 68 182 117	
949 495 184 109	
651 878 186 95	
675 232 232 65	
528 90 181 95	
426 788 187 126	
532 334 206 121	
327 37 174 107	
91 730 176 124	
478 86 185 118	
614 594 189 99	
47 693 204 107	
844 117 222 70	
827 378 173 134	
193 779 175 118	
209 919 183 117	
300 395 196 131	
42 778 205 88	
693 408 211 73	
85 791 170 124	
513 328 190 98	
788 390 201 89	
521 925 202 86	
952 525 244 47	
217 152 173 118	
417 393 183 133	
736 558 182 101	
301 63 195 108	
337 375 212 111	
470 106 217 114	
728 301 186 110	
856 356 168 131	
168 478 180 103	
965 23 183 98	
277 114 225 73	
402 467 166 127	
747 677 214 77	
554 79 204 83	
691 632 174 113	
603 878 178 137	
220 230 194 104	
894 649 196 91	
903 967 261 25	
333 623 160 124	
217 933 161 127	
848 41 187 105	
700 410 222 75	
201 132 244 62	
538 796 173 111	
336 468 178 133	
500 102 183 126	
262 906 185 104	
683 42 186 101	
960 784 196 81	
323 991 197 128	
138 426 205 97	
992 910 208 79	
738 452 234 67	
877 647 199 86	
7 882 203 118	
468 930 205 101	
538 522 208 125	
915 732 171 123	
207 649 178 126	
519 622 214 83	
78 622 175 134	
273 220 177 111	
400 599 191 101	
205 798 193 114	
573 204 199 94	
248 658 211 88	
539 657 217 90	
735 931 214 104	
387 553 180 129	
233 52 199 95	
101 215 187 120	
271 261 191 109	
276 324 197 87	
762 176 198 107	
314 277 202 87	
314 582 212 128	
93 592 213 137	
376 397 213 78	
344 487 215 71	
218 918 216 101	
14 687 219 86	
968 306 213 82	
673 394 197 97	
602 512 201 132	
681 308 172 123	
533 734 191 99	
132 596 206 122	
712 821 217 76	
814 661 237 61	
454 969 181 109	
318 645 262 44	
2 471 210 89	
171 658 185 126	
765 242 211 106	
366 826 218 138	
479 350 223 128	
937 385 192 140	
33 788 192 110	
299 210 206 94	
601 289 173 127	
905 381 174 116	
764 69 193 106	
424 589 196 103	
746 12 188 109	
18 464 203 114	
522 941 251 55	
504 193 186 104	
559 314 191 112	
161 109 200 125	
128 883 220 81	
674 296 225 81	
693 637 198 97	
262 633 198 120	
643 542 219 77	
326 110 191 121	
744 504 208 93	
75 703 214 81	
16 216 178 119	
432 579 186 104	
407 491 194 102	
224 890 200 95	
559 55 214 83	
34 968 218 75	
133 682 225 97	
381 316 238 118	
685 71 202 79	
861 360 213 103	
840 799 183 118	
642 604 193 117	
532 249 193 117	
323 449 196 91	
448 448 208 129	
476 671 208 87	
407 346 187 127	
312 262 197 107	
272 173 202 111	
839 95 213 72	
215 185 217 89	
573 677 192 128	
569 256 226 73	
287 67 181 114	
254 514 192 103	
601 875 200 115	
771 457 204 135	
199 188 222 85	
74 738 181 123	
278 104 220 123	
180 144 213 92	
462 604 214 137	
275 108 219 81	
740 372 196 113	
171 479 192 113	
195 241 203 107	
433 157 207 128	
184 974 209 93	
183 635 215 75	
382 139 219 79	
545 479 222 69	
593 955 239 60	
37 210 243 61	
499 142 205 86	
657 150 208 85	
606 899 239 68	
358 287 214 95	
482 449 240 57	
597 348 243 55	
988 676 181 133	
149 839 188 129	
647 775 201 127	
952 22 203 95	
450 21 206 130	
783 409 214 92	
390 134 215 125	
726 635 196 95	
761 78 203 117	
979 257 210 95	
778 476 228 89	
305 333 195 119	
409 279 202 93	
504 434 212 126	
383 729 219 101	
679 81 238 68	
245 203 180 127	
680 444 208 111	
933 937 224 88	
45 596 183 118	
866 274 196 109	
953 461 199 100	
663 552 214 86	
221 146 215 98	
697 443 240 126	
70 278 199 101	
425 103 212 111	
536 512 173 128	
982 227 198 127	
639 441 209 133	
941 757 209 123	
81 706 219 84	
180 731 184 130	
129 244 187 132	
771 528 188 124	
506 239 198 98	
471 539 201 131	
567 541 202 128	
849 128 202 132	
771 19 209 132	
360 591 219 81	
493 558 223 128	
699 718 212 90	
489 191 210 99	
576 445 224 80	
934 152 191 103	
656 81 200 99	
797 485 203 132	
774 525 225 126	
458 201 220 76	
711 928 222 80	
908 884 226 91	
729 268 191 124	
566 72 254 53	
809 400 176 127	
736 693 201 130	
19 257 208 95	
983 361 219 86	
718 951 223 79	
287 306 228 70	
404 769 232 77	
611 337 199 121	
790 190 228 117	
694 251 231 63	
388 318 234 106	
198 789 177 121	
242 364 196 132	
83 327 214 124	
665 103 212 118	
988 218 217 87	
780 549 190 122	
652 893 215 91	
452 481 227 133	
915 559 218 82	
680 755 209 133	
658 640 206 136	
899 850 212 92	
91 880 218 84	
657 474 193 113	
182 388 222 125	
78 547 225 82	
650 747 191 110	
141 422 190 107	
870 749 193 116	
248 678 201 126	
237 196 206 116	
789 473 207 130	
40 715 210 127	
391 971 214 95	
638 508 225 77	
342 43 225 82	
802 475 230 74	
226 69 233 81	
388 222 238 75	
164 420 251 109	
149 43 185 126	
176 844 222 115	
357 78 199 109	
77 816 204 96	
111 509 208 121	
28 667 214 89	
606 837 195 109	
320 114 201 129	
451 975 202 108	
222 713 203 120	
62 170 210 125	
747 584 213 125	
511 499 214 88	
36 713 218 91	
772 41 224 131	
601 73 225 81	
144 601 226 78	
105 762 226 95	
807 298 194 130	
462 410 196 125	
887 168 197 133	
12 80 208 126	
59 405 215 90	
227 42 218 138	
787 807 218 107	
922 828 225 89	
495 494 212 101	
204 148 219 104	
533 968 221 98	
481 401 230 81	
655 198 229 122	
680 733 190 105	
805 403 196 105	
451 770 208 125	
403 944 209 116	
557 472 210 115	
19 775 225 93	
808 808 204 133	
246 655 206 105	
903 280 215 96	
846 502 222 89	
267 687 226 92	
735 38 188 137	
511 888 207 130	
194 110 208 125	
468 751 208 106	
746 921 223 131	
825 917 237 73	
541 713 244 68	
288 481 186 129	
667 318 188 131	
821 205 201 105	
805 400 209 131	
2 429 217 126	
785 149 217 106	
691 386 182 127	
129 603 196 123	
270 268 204 133	
400 847 186 133	
439 992 193 128	
264 778 207 92	
169 309 215 100	
452 250 218 114	
715 558 230 93	
462 945 239 131	
742 140 241 105	
710 488 242 73	
513 502 263 62	
19 912 185 131	
790 249 215 128	
784 819 223 131	
550 781 224 88	
896 257 231 92	
879 768 245 124	
516 581 247 62	
451 568 182 131	
78 368 185 138	
780 715 210 117	
523 713 216 94	
70 458 219 94	
557 124 232 88	
821 360 202 116	
935 546 208 130	
549 970 206 112	
147 17 220 104	
871 600 194 124	
611 784 198 121	
971 329 216 129	
479 800 221 122	
928 463 221 132	
358 885 244 120	
689 785 226 121	
900 964 203 119	
532 133 224 85	
954 280 191 136	
692 996 194 108	
132 608 206 109	
481 109 207 108	
10 102 220 111	
601 194 226 127	
884 532 238 72	
571 393 205 136	
926 405 223 92	
143 162 201 121	
823 609 202 113	
325 818 213 110	
533 23 218 132	
194 272 224 105	
545 755 226 97	
943 917 247 81	
138 537 203 127	
757 83 203 101	
481 66 224 98	
947 939 229 93	
67 37 229 82	
450 251 259 66	
883 929 205 134	
232 909 223 131	
951 606 212 126	
362 764 221 91	
308 193 224 95	
505 848 231 103	
321 742 233 90	
387 750 239 107	
246 687 260 67	
337 541 194 134	
257 135 205 128	
355 359 262 66	
825 685 212 100	
288 480 198 125	
174 504 210 105	
588 481 224 134	
737 108 240 69	
843 855 185 132	
994 437 206 122	
707 300 215 94	
789 538 217 98	
125 727 221 115	
256 415 229 106	
796 929 248 120	
768 370 207 130	
592 765 207 105	
937 474 223 103	
277 653 216 132	
489 649 231 122	
233 168 190 132	
45 182 194 133	
74 503 205 115	
228 429 206 130	
929 653 206 125	
225 882 208 127	
943 191 211 120	
917 705 212 130	
7 651 213 106	
966 402 214 121	
34 653 217 103	
784 239 220 111	
159 63 234 81	
150 642 240 70	
56 689 243 79	
331 854 185 132	
247 232 204 127	
996 770 212 120	
631 477 212 120	
820 2 214 114	
678 994 198 121	
699 928 225 127	
695 947 229 133	
681 669 229 135	
337 944 205 121	
264 680 216 115	
26 281 217 106	
489 958 218 103	
311 292 221 105	
354 603 224 135	
261 33 224 94	
427 882 234 127	
851 934 237 76	
167 746 274 56	
5 626 228 93	
405 210 193 131	
328 634 205 115	
634 878 208 114	
860 244 216 113	
224 420 226 118	
115 425 239 89	
478 726 253 57	
484 340 277 60	
464 79 194 125	
659 618 202 116	
903 637 205 109	
32 301 206 110	
997 214 209 112	
194 50 210 113	
971 364 210 124	
560 3 223 112	
289 498 224 109	
801 442 226 100	
929 911 252 74	
269 254 187 137	
890 302 209 131	
840 11 191 128	
41 633 200 127	
641 408 206 118	
802 945 208 136	
910 687 210 115	
691 26 214 124	
871 616 216 111	
591 707 217 97	
867 603 221 85	
821 901 225 134	
139 498 234 83	
440 403 244 76	
590 696 244 73	
946 897 252 83	
606 224 257 78	
539 611 257 53	
471 579 231 91	
327 493 232 94	
224 263 233 105	
474 856 208 109	
871 49 222 101	
51 994 225 92	
687 308 237 82	
514 309 196 119	
989 857 213 114	
79 169 214 124	
158 120 217 101	
982 833 218 116	
883 635 223 100	
529 462 224 101	
574 304 225 93	
95 442 231 103	
610 85 234 93	
743 18 220 138	
678 267 236 132	
939 468 205 109	
712 828 205 104	
905 899 216 125	
80 867 220 137	
509 31 228 128	
514 544 229 98	
273 252 237 110	
964 500 245 112	
936 607 204 124	
958 253 204 128	
279 302 211 100	
305 628 216 114	
353 777 225 96	
958 909 230 88	
57 419 231 101	
654 14 234 134	
28 452 231 97	
475 651 265 62	
166 663 215 119	
880 154 216 117	
691 165 216 98	
808 351 218 135	
561 518 222 135	
439 665 228 104	
214 229 198 128	
810 348 219 129	
81 740 232 87	
29 643 233 95	
40 835 250 75	
6 482 205 140	
990 533 210 123	
724 218 212 135	
45 403 214 125	
830 813 216 106	
383 470 217 124	
945 844 221 89	
722 755 224 116	
475 659 225 102	
440 867 257 130	
846 53 218 136	
858 923 231 92	
39 821 198 126	
873 552 205 132	
988 686 212 128	
112 666 212 122	
980 131 213 111	
58 197 222 105	
370 855 224 127	
147 999 233 86	
87 706 233 114	
644 694 234 93	
194 143 238 131	
245 318 238 82	
417 526 246 89	
708 230 250 78	
938 776 232 122	
544 919 242 79	
975 222 213 134	
682 15 214 127	
602 814 221 133	
318 993 229 108	
46 201 233 131	
644 873 239 90	
203 558 246 98	
957 403 203 125	
449 489 206 113	
726 101 224 109	
899 731 230 130	
563 810 232 102	
168 921 237 107	
677 318 240 93	
307 145 249 127	
312 980 216 110	
77 549 224 97	
882 234 241 82	
881 884 193 141	
2 313 193 134	
744 407 202 122	
354 526 206 124	
445 253 215 135	
437 922 219 134	
530 11 223 135	
489 273 226 105	
227 973 227 117	
573 849 231 108	
454 212 243 84	
636 631 249 95	
985 425 218 110	
569 189 222 135	
550 297 222 107	
734 697 228 103	
94 883 229 116	
155 232 233 128	
694 453 233 85	
587 749 237 100	
656 53 208 121	
997 920 229 90	
107 984 229 95	
532 308 239 94	
26 373 187 126	
943 184 196 129	
23 898 223 116	
559 701 223 130	
303 864 229 124	
326 972 240 93	
244 751 212 128	
150 93 258 86	
680 503 211 122	
729 69 205 128	
539 884 223 118	
383 141 234 130	
710 401 241 87	
873 967 245 129	
128 410 206 135	
88 749 219 105	
868 271 223 113	
543 411 225 111	
711 599 233 107	
70 597 234 137	
986 950 239 95	
695 396 248 78	
774 543 222 109	
718 371 210 127	
418 975 250 127	
185 695 194 140	
140 202 205 109	
505 926 209 121	
24 462 240 122	
741 249 274 77	
976 244 263 54	
174 784 204 125	
342 804 214 118	
128 951 234 125	
765 289 236 98	
655 674 270 57	
513 932 202 132	
632 683 206 135	
916 439 213 118	
987 60 222 113	
836 145 222 114	
303 631 226 127	
22 220 238 108	
776 842 240 115	
35 762 251 110	
582 227 266 72	
975 326 207 118	
993 672 239 89	
585 112 251 83	
266 263 254 77	
417 777 213 125	
125 576 233 102	
710 587 199 130	
927 10 206 132	
232 394 216 123	
977 826 235 135	
882 803 214 125	
236 392 217 125	
75 682 219 115	
670 254 220 126	
925 81 222 114	
806 543 225 103	
149 551 228 103	
582 440 230 111	
80 781 232 129	
520 312 234 125	
699 453 238 110	
321 486 243 96	
613 233 247 130	
450 524 254 88	
956 847 217 129	
964 291 247 96	
836 266 262 64	
815 78 222 126	
494 116 224 125	
142 534 235 105	
608 594 236 122	
617 179 217 131	
227 292 220 96	
710 817 240 128	
694 561 240 93	
881 298 243 99	
519 260 197 139	
86 626 239 129	
564 999 203 121	
643 640 226 132	
134 273 226 120	
499 89 227 114	
473 200 228 102	
108 224 233 126	
981 943 240 137	
720 693 257 91	
942 263 267 64	
632 859 209 142	
909 71 221 111	
29 426 227 114	
968 311 231 110	
445 614 275 116	
981 941 212 133	
469 10 239 88	
563 342 219 115	
265 561 228 129	
994 973 229 130	
683 189 230 104	
482 707 243 95	
221 892 257 78	
188 846 227 105	
842 249 253 93	
223 478 213 126	
747 715 216 121	
372 483 220 122	
470 219 223 126	
656 204 240 104	
342 79 240 132	
959 518 245 124	
191 442 245 112	
877 809 252 85	
380 67 241 93	
598 130 215 120	
694 450 225 129	
130 649 226 111	
358 19 229 109	
410 372 231 101	
441 355 235 91	
897 952 236 94	
259 184 237 94	
25 371 243 139	
900 169 243 100	
513 185 218 118	
923 392 221 115	
911 29 224 123	
356 769 224 105	
884 62 231 128	
607 546 236 128	
709 101 231 117	
560 441 248 116	
175 228 255 100	
124 4 260 97	
540 795 234 109	
781 179 245 94	
553 858 214 126	
232 171 215 128	
522 246 215 120	
17 204 216 117	
343 672 216 125	
188 866 224 128	
960 511 224 110	
412 386 225 113	
183 133 225 104	
610 274 226 133	
936 968 235 115	
182 501 235 107	
33 816 239 131	
79 561 240 133	
259 228 245 90	
547 524 250 94	
137 221 209 129	
113 459 219 130	
20 959 225 130	
492 400 231 115	
279 511 216 133	
461 391 241 122	
208 244 216 126	
363 976 223 138	
940 951 230 108	
841 950 234 112	
111 337 237 127	
609 52 239 111	
193 35 242 94	
549 810 246 133	
482 981 251 88	
180 711 255 88	
437 563 247 99	
606 359 211 127	
686 630 225 116	
384 418 226 122	
330 180 227 135	
332 652 229 116	
308 222 230 102	
234 525 236 102	
498 105 238 135	
531 479 243 93	
926 379 248 112	
566 163 261 132	
881 81 272 82	
679 623 230 133	
58 174 238 118	
462 698 249 90	
810 792 255 78	
784 623 256 92	
460 812 273 81	
776 192 237 133	
170 243 239 120	
826 604 264 73	
289 901 218 132	
778 559 224 115	
223 856 231 109	
938 996 231 103	
818 138 232 97	
223 366 232 136	
976 311 237 113	
736 216 238 107	
713 592 239 118	
360 458 239 139	
160 345 242 126	
461 599 246 84	
59 922 248 103	
681 864 248 85	
173 53 249 97	
842 188 259 124	
624 180 233 108	
440 655 234 124	
607 414 238 99	
836 164 244 125	
100 71 204 141	
222 715 225 121	
175 67 226 116	
668 996 232 132	
250 804 239 113	
103 609 245 94	
158 577 244 119	
809 636 244 101	
236 907 247 100	
191 981 247 135	
711 709 216 133	
829 301 217 134	
556 633 219 131	
572 190 221 120	
627 442 222 123	
263 686 224 133	
345 847 239 135	
951 107 241 133	
407 753 242 129	
909 657 246 85	
989 516 247 117	
525 286 252 85	
731 407 253 90	
226 748 255 133	
293 173 261 80	
872 926 222 124	
687 259 234 102	
719 19 245 98	
661 999 230 114	
889 337 241 103	
339 834 244 135	
505 107 252 88	
23 400 215 132	
72 833 218 125	
497 173 226 107	
434 522 235 112	
471 183 235 120	
655 266 237 110	
782 204 238 100	
452 512 238 115	
837 751 238 97	
420 609 242 109	
331 151 244 102	
107 61 244 119	
676 918 249 100	
187 323 252 129	
737 724 252 87	
352 832 260 123	
379 220 261 84	
287 407 236 127	
87 99 215 137	
65 139 219 127	
397 870 223 117	
544 347 227 117	
171 933 229 108	
944 235 237 118	
790 730 245 109	
555 405 250 96	
234 941 251 89	
681 513 222 126	
569 910 229 119	
299 925 233 110	
852 756 233 123	
578 416 253 88	
574 904 263 86	
372 614 225 110	
792 108 231 107	
27 124 235 132	
831 366 244 131	
362 974 215 128	
937 548 217 132	
487 351 230 122	
643 918 231 110	
173 344 232 141	
641 247 234 135	
903 799 238 132	
859 617 239 101	
312 224 240 104	
107 600 242 123	
696 92 243 101	
62 957 244 131	
444 835 244 131	
625 657 246 137	
751 260 248 122	
640 537 249 91	
728 113 255 92	
784 626 260 85	
64 89 279 80	
973 773 229 111	
745 548 231 125	
994 948 232 102	
941 895 239 134	
188 285 240 104	
27 601 250 130	
914 716 255 94	
941 555 221 126	
229 833 222 120	
489 607 225 121	
652 416 230 118	
937 836 231 125	
197 941 242 110	
301 377 242 132	
804 266 249 104	
975 369 249 100	
196 573 277 68	
967 919 229 141	
718 647 219 130	
848 804 221 123	
142 499 227 134	
668 995 230 110	
538 377 231 138	
523 996 231 118	
272 239 241 126	
138 434 242 99	
914 842 244 128	
850 250 251 96	
319 690 227 121	
615 404 219 133	
452 229 235 114	
209 969 236 138	
576 838 245 136	
658 81 250 139	
260 366 251 105	
993 275 224 125	
323 173 229 125	
850 400 229 137	
185 928 231 127	
109 382 232 123	
339 678 233 122	
684 852 247 97	
590 14 248 102	
882 842 251 105	
471 555 255 91	
165 481 256 97	
778 327 263 89	
54 929 268 76	
486 8 237 100	
910 561 252 84	
384 505 216 137	
742 767 233 129	
669 776 235 136	
786 616 235 133	
365 310 239 105	
574 985 241 103	
906 253 242 101	
369 744 243 131	
413 703 258 82	
357 998 262 85	
210 329 263 97	
747 421 264 82	
903 66 218 130	
969 205 248 139	
916 356 253 100	
487 238 262 103	
707 48 235 134	
389 679 240 136	
27 830 241 132	
751 250 229 113	
492 818 236 111	
996 173 237 123	
416 705 239 100	
893 902 239 126	
332 715 239 114	
582 494 242 135	
877 441 243 103	
45 689 243 132	
745 539 244 116	
707 578 245 102	
232 171 246 124	
477 21 247 101	
490 9 248 114	
336 810 248 102	
972 634 250 102	
792 968 254 92	
734 127 255 99	
893 432 256 94	
159 724 257 99	
204 841 265 121	
430 457 272 84	
162 86 260 131	
550 808 213 129	
460 777 233 124	
998 566 241 109	
675 814 246 132	
184 175 247 103	
187 794 248 120	
679 146 251 126	
522 85 256 87	
883 254 256 94	
693 995 261 81	
120 551 227 131	
716 657 237 135	
409 486 237 130	
508 861 237 125	
88 771 241 116	
544 357 245 107	
236 956 252 134	
209 830 253 97	
363 87 262 99	
558 68 251 112	
164 199 218 125	
296 605 227 136	
194 908 228 121	
110 520 231 134	
257 761 232 111	
184 867 244 113	
887 563 248 109	
598 679 252 96	
806 453 253 100	
555 363 256 89	
400 16 276 74	
833 813 277 70	
317 372 238 108	
652 526 242 109	
18 799 247 104	
184 542 253 97	
717 102 215 137	
254 99 224 127	
470 645 240 116	
409 447 241 105	
285 710 226 135	
404 432 227 119	
88 562 235 116	
343 50 235 110	
989 426 242 134	
158 411 242 108	
838 391 242 105	
842 229 243 105	
249 114 244 119	
886 195 244 119	
348 58 245 107	
642 395 246 127	
301 947 246 105	
928 210 247 106	
245 54 249 104	
60 979 224 132	
674 883 227 131	
615 98 227 127	
439 890 231 132	
671 70 233 119	
484 837 235 127	
965 545 241 133	
170 522 244 106	
398 237 246 142	
507 679 246 120	
578 199 250 117	
929 6 251 101	
655 894 254 96	
288 425 259 113	
508 101 270 81	
603 889 237 116	
467 735 247 98	
717 267 254 136	
160 338 259 99	
427 95 260 93	
708 79 263 90	
830 302 263 130	
490 845 240 114	
617 283 255 116	
899 179 225 132	
782 107 231 114	
51 559 236 114	
749 975 237 119	
193 828 239 129	
235 523 242 135	
648 348 246 105	
262 918 246 106	
474 800 249 107	
613 293 250 106	
676 439 251 101	
661 450 251 134	
733 977 261 101	
971 411 261 129	
382 247 233 133	
277 880 234 114	
121 197 245 113	
424 341 248 108	
622 829 252 107	
684 127 259 99	
340 161 237 133	
380 451 244 107	
873 385 263 129	
115 120 221 137	
300 958 234 125	
40 322 235 132	
561 504 244 108	
470 722 245 112	
171 20 252 110	
886 787 252 138	
952 101 271 86	
786 179 224 139	
268 578 246 131	
144 843 252 127	
192 223 253 120	
234 334 258 95	
419 940 277 101	
412 814 246 103	
226 184 250 109	
19 139 257 95	
715 150 236 126	
973 380 239 106	
677 701 243 121	
763 185 253 137	
830 837 264 108	
472 373 214 136	
948 987 224 134	
233 284 230 127	
287 350 235 139	
952 450 237 130	
81 989 238 138	
489 337 243 123	
353 456 243 126	
471 34 245 113	
162 202 249 116	
834 996 254 100	
477 201 261 110	
763 141 268 93	
319 766 241 127	
125 885 257 102	
406 726 236 138	
679 986 243 124	
575 785 245 122	
324 368 249 106	
413 126 255 97	
365 482 264 88	
110 39 270 86	
368 123 228 127	
289 642 232 131	
413 22 235 116	
706 562 243 131	
719 38 244 131	
6 785 246 118	
450 165 254 141	
424 753 255 92	
174 166 261 94	
213 178 263 98	
894 116 216 142	
774 975 224 137	
800 750 242 123	
984 199 254 113	
842 110 254 123	
945 819 265 94	
89 574 265 122	
462 741 222 135	
315 105 228 136	
849 498 230 135	
664 140 234 130	
316 651 236 124	
338 382 242 134	
34 37 243 108	
160 424 243 121	
185 660 247 116	
575 965 249 97	
747 213 252 100	
102 229 256 95	
491 886 262 99	
487 957 265 133	
684 442 266 131	
898 361 269 105	
314 207 276 78	
235 192 278 85	
195 40 233 139	
285 162 252 130	
202 86 278 78	
815 828 241 123	
6 558 255 99	
820 131 257 108	
115 653 260 102	
134 760 218 134	
727 137 221 133	
280 652 238 129	
885 126 242 108	
991 967 246 134	
686 58 252 123	
50 75 262 91	
863 863 263 96	
221 205 230 133	
861 950 234 134	
863 654 237 134	
660 635 243 120	
428 631 241 127	
975 333 246 136	
483 102 251 114	
151 925 260 114	
68 284 226 135	
6 433 231 136	
168 758 233 131	
133 319 233 143	
833 512 234 122	
665 482 241 129	
31 630 242 118	
322 310 246 113	
571 745 249 113	
633 917 249 117	
634 808 253 119	
580 80 260 99	
198 243 266 92	
570 198 272 90	
414 8 284 121	
537 72 226 134	
351 686 232 125	
206 151 233 125	
788 245 234 115	
23 424 237 129	
724 746 239 124	
25 73 244 125	
39 898 245 139	
965 581 250 98	
339 19 253 135	
354 991 256 122	
327 664 263 95	
665 646 243 133	
197 929 245 134	
868 812 224 143	
426 146 235 135	
608 293 239 138	
59 523 240 138	
808 264 241 137	
26 106 244 141	
222 305 244 118	
300 229 259 95	
447 855 259 133	
713 605 263 127	
248 53 266 94	
95 9 286 91	
584 272 231 124	
958 560 241 114	
619 482 244 120	
366 504 250 110	
112 909 251 139	
726 452 268 93	
31 430 269 98	
258 62 270 130	
925 481 235 128	
538 203 241 137	
579 324 239 137	
75 774 244 122	
725 896 265 132	
108 465 269 98	
172 598 270 94	
934 900 248 133	
494 848 249 101	
869 842 251 134	
576 375 257 103	
588 310 263 118	
669 800 263 99	
22 772 239 123	
297 242 241 123	
138 822 241 118	
322 319 241 122	
920 102 244 143	
681 186 251 113	
630 566 256 106	
855 934 262 107	
919 581 266 96	
907 998 235 126	
738 750 240 121	
14 985 241 135	
14 813 246 124	
778 719 247 110	
8 462 248 111	
246 118 248 142	
872 375 253 127	
472 942 254 107	
396 378 257 101	
697 403 258 110	
124 146 260 105	
661 33 260 134	
68 517 262 84	
370 253 262 113	
970 82 265 127	
658 595 268 92	
677 410 274 92	
238 566 276 93	
502 942 281 90	
510 742 227 130	
604 324 248 128	
348 824 256 102	
290 720 251 138	
180 980 263 129	
868 404 267 100	
200 44 268 82	
115 790 276 101	
249 788 238 131	
699 879 245 110	
924 803 246 135	
927 13 250 118	
782 203 250 110	
974 703 252 101	
68 776 254 116	
391 312 255 108	
278 966 260 106	
11 253 261 108	
993 460 264 104	
594 475 284 76	
852 73 237 133	
417 975 247 140	
212 39 252 107	
796 176 257 106	
84 757 263 103	
998 108 240 116	
140 588 251 107	
287 478 251 112	
158 261 255 132	
915 842 240 127	
117 47 245 116	
719 329 247 136	
238 933 247 111	
590 575 252 120	
674 643 252 110	
514 780 255 109	
219 486 256 135	
64 112 258 101	
364 743 261 101	
171 960 263 91	
263 461 265 136	
793 963 224 134	
681 282 242 128	
598 36 247 129	
801 244 248 108	
101 105 264 100	
857 235 273 88	
804 675 223 127	
882 173 236 138	
748 829 238 138	
565 823 242 120	
539 769 244 118	
51 567 244 112	
369 579 247 123	
817 384 247 120	
752 401 248 111	
153 741 248 111	
715 881 254 121	
600 108 255 109	
943 334 260 100	
739 320 261 101	
961 756 264 111	
19 73 266 101	
776 512 242 115	
965 423 249 111	
514 248 256 108	
990 279 258 136	
525 331 258 138	
157 529 266 104	
71 936 249 134	
784 617 260 123	
235 678 241 132	
441 100 233 138	
894 576 250 140	
922 964 252 108	
664 7 254 101	
121 254 258 136	
515 222 260 107	
239 847 261 140	
371 934 275 130	
685 98 284 82	
355 492 220 142	
134 373 229 141	
542 127 232 136	
622 482 239 134	
968 830 244 139	
304 347 249 109	
407 476 250 135	
443 294 252 122	
902 902 252 107	
480 801 252 136	
336 813 256 107	
591 569 260 118	
374 510 262 113	
963 345 247 115	
969 674 261 137	
115 9 231 130	
250 641 245 129	
1 49 253 124	
981 862 254 122	
303 711 255 143	
53 549 259 103	
266 785 232 137	
317 814 236 137	
660 183 243 137	
955 970 244 136	
2 245 248 136	
3 31 249 127	
904 950 251 135	
3 884 251 131	
594 36 255 132	
890 58 257 132	
882 337 259 109	
11 423 261 140	
627 585 264 111	
906 796 268 103	
572 217 271 129	
891 813 273 127	
683 770 277 93	
683 125 238 137	
583 821 244 116	
357 498 245 138	
449 476 246 134	
647 94 247 136	
799 905 247 126	
233 790 247 137	
890 511 252 111	
923 204 255 122	
104 847 256 106	
854 701 258 109	
547 594 261 123	
653 514 263 104	
310 490 264 136	
265 831 286 104	
222 324 287 106	
569 580 243 138	
744 803 253 120	
190 430 261 137	
605 353 266 105	
923 489 260 122	
109 669 237 131	
14 20 238 136	
615 180 238 129	
128 485 243 131	
559 362 243 135	
223 212 251 122	
500 276 254 140	
686 939 255 117	
147 548 255 117	
48 592 256 140	
969 470 262 132	
287 675 264 122	
32 859 265 134	
273 789 265 101	
906 789 267 109	
131 896 268 106	
133 360 269 101	
428 143 277 101	
437 196 281 98	
864 227 240 140	
129 478 244 132	
853 548 247 119	
395 915 247 132	
699 604 248 121	
957 215 251 115	
343 411 251 110	
463 296 280 98	
572 55 280 83	
236 697 251 118	
345 796 227 146	
537 381 234 133	
446 579 236 132	
257 391 239 128	
945 176 246 136	
80 655 250 122	
94 661 251 134	
469 541 251 137	
104 393 254 118	
520 636 254 112	
966 162 255 132	
604 655 258 138	
866 736 259 136	
960 264 270 129	
990 593 236 135	
863 102 241 127	
522 222 248 135	
757 280 248 123	
394 25 253 118	
820 125 255 118	
935 505 270 133	
720 32 271 130	
908 136 277 133	
946 859 291 85	
520 11 258 108	
8 400 240 135	
949 159 244 122	
929 156 246 127	
580 187 255 137	
971 778 259 127	
611 721 260 109	
186 275 264 120	
987 2 270 101	
498 320 235 126	
581 837 236 124	
231 778 237 138	
424 61 248 136	
638 864 249 122	
328 562 249 122	
817 179 260 115	
658 972 261 103	
546 258 269 105	
146 46 270 103	
2 157 283 101	
575 857 239 137	
22 998 245 143	
915 9 249 142	
550 434 262 112	
937 97 262 128	
193 396 269 133	
673 883 280 107	
336 587 242 128	
103 737 249 139	
117 696 249 116	
337 125 250 130	
655 398 252 113	
157 155 252 115	
337 854 253 138	
191 446 254 124	
603 536 258 109	
208 862 259 119	
686 899 259 119	
962 990 262 108	
930 654 267 104	
783 600 268 101	
867 86 268 101	
616 675 271 131	
42 205 271 102	
586 70 274 117	
590 263 280 93	
177 230 288 123	
39 542 238 135	
58 961 242 126	
313 172 244 125	
214 676 248 135	
977 139 256 110	
480 137 263 113	
861 589 246 146	
809 250 265 134	
737 964 266 106	
590 102 236 134	
476 530 240 142	
122 21 244 126	
177 364 251 134	
924 153 254 135	
46 933 257 106	
883 716 263 127	
474 981 242 132	
377 818 248 140	
595 537 260 120	
440 507 269 130	
821 562 251 121	
679 480 257 114	
287 867 270 97	
171 742 241 124	
871 691 242 128	
779 297 247 126	
487 555 249 112	
390 908 253 138	
616 783 255 121	
359 817 257 123	
670 396 258 138	
78 303 259 130	
582 897 260 112	
926 905 261 128	
209 870 263 131	
39 181 264 114	
528 187 266 107	
252 858 267 105	
321 44 268 95	
335 376 292 95	
31 55 257 133	
73 845 257 113	
720 49 258 132	
89 653 269 95	
645 325 274 102	
330 51 232 138	
751 595 238 132	
9 297 245 142	
526 8 246 120	
386 142 246 133	
44 188 247 135	
232 683 250 139	
679 457 252 136	
948 949 253 116	
967 998 257 114	
330 845 260 110	
263 11 260 138	
686 484 264 106	
436 591 265 112	
579 288 267 102	
580 401 270 112	
741 669 285 87	
825 925 244 124	
838 547 249 139	
691 532 249 132	
621 419 253 131	
62 349 257 106	
643 253 257 122	
792 417 259 137	
201 939 265 108	
147 498 266 108	
341 704 267 106	
774 349 268 113	
781 385 268 130	
669 325 279 111	
397 202 286 98	
633 631 293 125	
460 245 248 123	
80 665 257 110	
188 645 240 143	
619 417 250 126	
261 94 255 128	
768 60 261 137	
899 153 262 105	
306 489 267 120	
756 576 270 96	
224 754 270 96	
369 698 271 106	
985 37 285 90	
157 767 242 132	
818 83 245 128	
976 35 247 120	
35 749 250 126	
86 273 250 136	
998 666 254 142	
920 386 256 130	
183 798 266 105	
512 714 275 100	
914 127 280 98	
486 685 281 138	
832 509 281 89	
562 462 238 135	
778 244 242 134	
153 344 237 133	
834 811 245 141	
197 757 247 133	
481 765 250 143	
631 817 251 133	
398 763 255 134	
950 598 260 125	
265 293 264 131	
189 464 274 115	
26 725 234 140	
235 11 244 135	
466 950 246 129	
850 458 247 125	
642 5 247 135	
902 601 249 124	
632 767 249 140	
328 755 250 123	
334 28 253 138	
68 499 254 114	
542 965 258 123	
775 365 258 131	
340 356 260 117	
382 87 261 116	
908 610 266 112	
718 434 267 113	
232 132 268 105	
263 131 271 123	
810 286 271 107	
748 904 271 107	
414 733 273 117	
777 202 275 100	
125 763 243 125	
847 727 246 129	
376 750 253 125	
164 514 256 128	
508 847 264 120	
411 916 260 132	
348 551 267 115	
212 551 246 130	
706 824 248 139	
352 911 251 118	
267 52 256 126	
975 123 258 137	
222 234 258 139	
854 42 258 138	
224 459 262 131	
538 722 266 108	
632 875 270 112	
642 61 270 137	
791 101 274 143	
802 311 281 125	
99 265 237 141	
846 27 237 140	
897 614 254 137	
533 916 256 114	
832 966 260 109	
839 28 266 120	
150 92 284 98	
117 672 254 126	
572 499 255 130	
