6511 80620 3 33
8082 77551 3 38
8083 77549 3 0
8083 77550 2 45
8084 77549 2 38
8086 77538 1 39
8088 77549 1 39
8091 77549 1 40
8092 77548 2 33
8180 77431 1 40
8306 77085 3 36
8307 77082 4 43
8357 77013 1 30
8358 77018 4 46
8360 77015 2 41
8363 77007 5 50
8372 77003 3 50
8383 76981 3 41
8383 76982 2 45
8384 76982 3 30
8386 76977 1 46
8386 76978 3 32
8390 76975 3 28
8390 76976 3 41
8398 76974 3 30
8400 76978 3 43
8402 76973 5 42
8403 76973 3 0
8415 77039 3 37
8483 76911 4 45
8488 76950 1 37
8489 76940 2 45
8490 76949 1 37
8498 76946 4 42
8498 76947 1 38
8499 76950 5 48
8500 76949 4 41
8503 76953 1 50
8510 76949 3 50
8700 77727 3 46
8723 76714 3 43
8732 76706 3 41
8734 76707 5 46
8735 77710 1 48
8735 77711 3 48
8735 77712 1 42
8737 76704 1 37
8738 76702 3 48
8742 76700 2 20
8796 78157 3 44
8804 78138 1 44
8874 76592 5 45
8877 76595 4 35
8967 76629 3 33
9171 77534 1 50
9249 76416 3 38
9287 79319 1 44
9289 79319 1 40
9289 79320 1 46
9293 79325 3 41
9327 76685 1 50
9397 76391 3 33
9407 76559 2 0
9412 76410 1 0
9436 76374 2 39
9484 76383 2 40
9490 76323 2 35
9490 76330 3 30
9491 76319 3 40
9493 76349 1 20
9495 76360 5 36
9498 76338 3 45
9500 76345 3 36
9500 76347 3 43
9500 76348 4 36
9501 76316 1 35
9501 76339 1 41
9501 76342 3 39
9501 76352 5 46
9505 76340 2 25
9508 76339 1 20
9522 76356 3 44
9527 76355 1 40
9571 76518 3 30
9576 76422 3 41
9582 76518 1 34
9583 76422 3 35
9584 76424 2 50
9588 76521 3 39
9588 76536 5 46
9589 76425 5 46
9593 77139 1 30
9594 76424 3 47
9594 77137 1 20
9595 76430 2 42
9596 76302 5 49
9596 76428 2 28
9598 77170 5 50
9598 77171 1 45
9599 77171 1 48
9603 77166 3 44
9604 77171 0 8
9606 77166 1 30
9609 76433 1 31
9612 76431 5 48
9614 76499 2 42
9618 76372 4 46
9618 76427 4 43
9619 76426 2 48
9629 76378 4 45
9633 76418 4 47
9638 76379 1 50
9638 76427 3 42
9641 76379 3 46
9641 76419 1 50
9644 76547 4 42
9658 76337 1 20
9662 76409 3 0
9670 76935 3 45
9687 76897 1 47
9688 76420 1 50
9707 76895 3 50
9716 76892 4 50
9740 76337 5 47
9894 76713 3 50
9895 76725 4 42
9900 78070 3 47
9914 78112 1 41
9916 78105 3 47
9917 78112 3 42
9917 78113 2 37
9918 78112 1 30
9920 78148 2 40
9921 78112 2 46
9921 78119 1 40
9923 78139 2 32
9924 78114 1 20
9924 78138 2 34
9925 78117 3 44
9929 78095 3 38
9930 78130 3 44
9932 78148 3 45
9933 76318 5 49
9935 78142 3 44
9936 78141 3 42
9937 76272 1 44
9937 78132 3 46
9945 76293 3 24
9956 76291 3 39
9959 76269 5 47
9962 76317 4 45
9963 76242 1 42
9966 76241 1 39
9966 76242 3 44
9966 76253 3 50
9966 76287 2 39
9966 76290 2 34
9967 76242 1 48
9967 76244 2 50
9967 76287 3 39
9967 76292 3 23
9969 76286 1 45
9969 76289 3 47
9970 76321 4 47
9971 76324 2 28
9971 77044 3 35
9972 76282 1 32
9973 76280 1 45
9975 76282 3 41
9976 76285 3 30
9982 76282 4 42
9986 76332 2 0
9987 76230 4 41
9988 76300 4 41
9989 77069 3 45
9990 76281 1 40
9991 76284 1 20
9991 76287 3 41
9991 76289 3 35
9996 76294 1 20
9996 76572 1 35
10000 77061 3 50
10009 77107 3 48
10011 77076 3 43
10012 76293 2 40
10014 77479 3 47
10015 76364 4 40
10015 77048 2 30
10017 77162 3 47
10018 77015 2 45
10021 76307 1 46
10021 77054 5 50
10023 77041 3 50
10025 77050 2 40
10027 77044 3 44
10029 77039 1 50
10029 77040 3 38
10030 77047 3 45
10031 77047 3 34
10031 77161 3 36
10032 77037 4 48
10033 77041 3 45
10034 77045 4 41
10034 77047 3 27
10039 77004 1 30
10039 77029 4 48
10041 77038 3 44
10041 77174 1 48
10042 77039 4 47
10042 77178 3 41
10044 77047 1 50
10045 77215 3 26
10047 77036 3 41
10049 77056 4 46
10050 77077 1 20
10050 77191 1 43
10052 77065 3 43
10054 77066 5 50
10055 77071 3 48
10062 76990 3 40
10066 77107 1 45
10067 76986 3 45
10068 76615 1 50
10070 78769 1 30
10073 77064 3 48
10080 77061 3 44
10085 77058 1 30
10086 77061 3 45
10086 77065 3 46
10086 77073 1 50
10087 77069 1 36
10088 77059 3 34
10088 77062 2 31
10094 77050 1 37
10102 78176 3 40
10108 76706 1 50
10141 76173 4 50
10144 76177 4 50
10151 76367 3 45
10155 76353 5 45
10160 76390 1 10
10165 76396 3 44
10165 76402 1 35
10174 76588 4 50
10178 76418 3 42
10178 78777 1 50
10183 76380 3 35
10184 76381 4 43
10189 76386 3 43
10208 76204 3 33
10233 77493 2 48
10235 77481 3 50
10235 77488 5 47
10235 77492 1 20
10236 77494 2 40
10236 77496 3 46
10236 78783 3 40
10238 77489 2 36
10238 77495 2 40
10239 77495 3 41
10240 77495 2 34
10241 77488 2 42
10241 77494 1 38
10242 77486 3 48
10243 77493 2 45
10243 77495 3 43
10243 77498 1 41
10244 77498 1 30
10244 77499 2 40
10244 77503 2 36
10245 77487 3 47
10245 77493 4 49
10245 77496 4 45
10245 77531 3 40
10247 77484 2 44
10247 77496 2 40
10247 77502 2 36
10248 77489 3 44
10248 77490 3 30
10249 77499 3 44
10250 77498 2 44
10256 77485 3 40
10261 77491 3 41
10268 77490 4 41
10269 77488 3 43
10278 77164 1 33
10294 76434 4 39
10300 76607 1 30
10323 76358 1 47
10336 76363 3 30
10357 77981 1 30
10440 77524 1 45
10441 77524 1 47
10442 77518 1 42
10448 77522 2 45
10514 76213 5 45
10514 76216 3 40
10517 76207 3 43
10521 76212 1 30
10522 76212 4 46
10524 76210 3 20
10554 76215 1 40
10592 76037 3 46
10592 76043 3 44
10592 76044 3 41
10594 76036 1 10
10594 76044 3 46
10595 76035 3 48
10595 76040 3 45
10595 76043 1 50
10595 76048 1 40
10596 76038 1 13
10596 76042 1 44
10597 76039 3 46
10597 76043 2 45
10598 76039 1 45
10601 76035 2 46
10630 76921 4 40
10671 76000 3 40
10682 79845 1 35
10683 79842 1 42
10689 76658 1 42
10694 76867 4 20
10698 79833 1 43
10745 76291 4 50
10759 76276 4 30
10762 76654 1 48
10769 76654 1 46
10769 76655 1 40
10769 76656 3 43
10772 76656 1 46
10774 79138 4 45
10800 78681 3 46
10803 78685 2 35
10805 76190 1 37
10807 78681 3 36
10955 79390 1 43
10957 79380 1 35
10959 79378 1 41
10961 78064 3 35
10992 76960 1 40
10994 76963 2 38
10994 76967 3 40
10995 77018 1 50
10997 76968 1 42
10997 76969 3 38
10998 76969 1 38
11001 76006 1 37
11001 76966 1 42
11009 76965 1 45
11010 76960 3 41
11010 76966 3 46
11010 76980 4 46
11011 76954 2 31
11012 76966 3 45
11014 77013 1 35
11015 76964 3 44
11016 76967 1 42
11017 76962 2 49
11017 76965 1 50
11021 76966 1 46
11021 76988 1 50
11023 77021 3 40
11024 76963 1 0
11026 76994 1 50
11026 77018 3 43
11035 76927 1 34
11037 77037 3 50
11042 77044 3 37
11099 79652 3 40
11100 77372 3 38
11102 79649 1 48
11103 77363 3 30
11108 77344 3 38
11109 77341 1 40
11207 78182 1 50
11231 78165 1 46
11233 78878 1 50
11235 76384 1 50
11310 75765 3 40
11338 77714 3 46
11341 77717 1 48
11345 76799 1 34
11345 76801 5 48
11347 76793 1 50
11348 76793 2 20
11350 76811 1 50
11351 76785 3 43
11352 76835 1 50
11362 76805 1 20
11362 76807 1 50
11386 76717 3 39
11388 75718 3 32
11390 76718 1 43
11392 76708 2 30
11394 76699 2 33
11396 76701 3 42
11396 79698 1 20
11396 79699 1 37
11397 79699 2 42
11398 76694 1 50
11398 76721 1 20
11398 79695 2 31
11400 76676 2 14
11400 76699 1 40
11401 76700 2 50
11402 76713 1 50
11403 76678 2 42
11403 76714 2 50
11403 76722 2 45
11405 76708 1 27
11406 76684 2 43
11406 76715 1 27
11408 76707 1 30
11408 76713 2 30
11409 76709 1 20
11410 76699 4 37
11410 76708 1 35
11410 76709 1 50
11411 76708 1 20
11412 76693 1 42
11412 76719 2 40
11413 76696 4 49
11413 76697 2 34
11413 76699 1 30
11413 76705 2 40
11414 76718 2 38
11417 76703 3 45
11418 76699 2 47
11420 76699 3 37
11422 76834 2 40
11425 76706 3 38
11426 76849 1 50
11503 76174 1 50
11514 76032 3 38
11518 76044 4 46
11521 76024 1 41
11523 76171 1 44
11524 76143 2 50
11528 76212 1 46
11534 76651 1 33
11535 76022 4 47
11549 76040 1 50
11554 76134 4 43
11556 92729 1 50
11558 76042 5 44
11560 76112 1 30
11572 76642 1 40
11582 76089 3 48
11584 76199 1 0
11592 76048 1 50
11597 92620 3 45
11608 76080 1 48
11610 75986 4 50
11610 76159 1 40
11612 76072 1 40
11614 76203 3 50
11619 76082 2 40
11623 92726 1 42
11629 76087 3 42
11631 78127 1 33
11639 75982 3 40
11644 92746 4 44
11650 76333 2 37
11651 76249 1 37
11655 75967 4 44
11661 76161 1 50
11661 92729 1 43
11662 76110 1 50
11662 92734 0 36
11664 76262 3 41
11664 92735 4 40
11668 76632 1 41
11669 92742 3 41
11672 78142 1 28
11673 92733 2 42
11675 78136 3 50
11675 92739 4 48
11682 92723 1 50
11683 78125 4 47
11696 76641 4 48
11709 76095 2 45
11732 76146 3 50
11734 76142 1 50
11757 75479 3 40
11757 79763 1 49
11771 78212 2 38
11771 78217 1 38
11776 78222 2 43
11777 78209 3 45
11777 78219 3 38
11778 78198 3 47
11781 78198 1 45
11782 78213 3 43
11783 78213 2 35
11784 78213 3 40
11785 78211 2 46
11786 78203 2 41
11788 78210 2 44
11805 79798 4 43
11806 76063 1 50
11834 76088 1 35
11841 76054 1 41
11842 75957 3 50
11846 76063 3 42
11849 93013 3 34
11868 75365 4 50
11869 75357 1 50
11869 75401 4 40
11870 79816 5 43
11881 79820 4 44
11892 75335 1 40
11902 77122 2 50
11916 79809 3 45
11925 79828 3 45
11925 79833 1 10
11927 76266 5 50
11927 79834 2 34
11928 79832 3 47
11930 79825 2 25
11930 79833 5 48
11931 79814 2 39
11932 79805 1 20
11932 79815 1 39
11932 79818 3 42
11933 79824 2 39
11933 79835 5 46
11934 79830 0 32
11934 79832 2 23
11935 79825 1 20
11935 79836 3 42
11938 79824 2 42
11938 79832 1 30
11939 76270 2 50
11939 79831 2 38
11940 79813 3 46
11940 79826 2 44
11941 79832 2 36
11942 79828 4 44
11942 79829 3 43
11942 79830 3 44
11944 75384 1 50
11944 79831 3 0
11949 79813 1 30
11952 79829 3 41
11958 79823 1 0
11975 76311 4 46
11984 79845 1 43
11985 79847 1 20
11989 92954 3 38
11991 77140 1 45
11991 79782 3 46
11991 79822 1 48
12014 75995 2 25
12014 79860 2 39
12019 93008 1 30
12024 75920 2 40
12027 93000 4 36
12035 92987 3 34
12049 79875 4 40
12100 75230 1 40
12106 75206 1 50
12183 75832 4 47
12198 75803 1 48
12208 75735 4 43
12211 75696 2 30
12225 75649 5 48
12225 77036 1 50
12231 75654 2 50
12231 79027 1 50
12232 75641 4 40
12233 79067 3 50
12237 75920 2 43
12237 76606 2 33
12242 75818 2 23
12243 79072 3 44
12252 79069 3 43
12291 76670 1 50
12295 76639 2 46
12295 76654 2 39
12297 75826 4 48
12297 76656 3 45
12297 76665 5 47
12297 76700 1 36
12298 76692 4 38
12300 76301 5 47
12300 76640 1 43
12304 75096 4 50
12304 76665 1 35
12307 76645 3 44
12307 76667 3 42
12308 76657 2 42
12308 76658 2 39
12308 76659 2 37
12308 76729 3 40
12309 76656 2 40
12309 76659 2 17
12309 76662 4 46
12310 76657 1 37
12310 76658 1 30
12310 76659 3 46
12311 76643 4 45
12311 76644 3 40
12311 76648 2 41
12311 76657 2 37
12311 76659 2 36
12312 76640 4 44
12312 76642 2 40
12312 76645 2 30
12312 76652 1 15
12312 76653 1 47
12314 76656 1 20
12314 76658 2 20
12315 76650 2 38
12315 76656 3 36
12315 76658 2 40
12318 76658 1 30
12319 76661 1 49
12320 76646 2 42
12320 76647 2 46
12320 76657 1 37
12321 76618 3 46
12322 76617 2 50
12322 76657 2 45
12323 80028 3 43
12324 76613 2 42
12324 76629 3 45
12324 76638 2 47
12326 76609 4 47
12327 76637 2 50
12329 76647 2 42
12330 76645 3 41
12331 76647 1 28
12331 76649 1 50
12331 76651 3 39
12334 76595 2 35
12334 76623 1 36
12337 75830 1 50
12338 76615 2 43
12342 76654 3 44
12351 76626 2 42
12352 76606 2 37
12353 76662 3 42
12355 76627 4 38
12356 76616 2 50
12357 76623 1 35
12357 76661 2 42
12361 76626 2 39
12363 76606 5 45
12369 75754 4 50
12372 76622 3 45
12386 75527 2 37
12391 75775 4 46
12395 75714 1 47
12402 75743 3 38
12403 75773 2 45
12414 75747 1 50
12414 75748 2 38
12415 75746 2 39
12416 75738 2 29
12416 75776 1 44
12419 75734 2 48
12419 76573 4 42
12421 75746 2 45
12421 76681 1 32
12424 75736 2 35
12424 75738 1 40
12424 75739 1 31
12427 75732 1 50
12427 75753 1 50
12427 75869 1 20
12429 75890 1 50
12430 75753 4 46
12430 75966 2 37
12437 75726 3 48
12441 75717 4 45
12443 75006 5 50
12445 75684 5 48
12446 75934 4 46
12448 75937 2 33
12452 75829 2 30
12454 75829 1 10
12454 75959 1 41
12459 75694 4 45
12459 75959 1 20
12474 75881 3 42
12486 75795 2 45
12506 75948 3 41
12512 75826 1 50
12514 75000 1 40
12521 78219 1 36
12566 78645 3 50
12587 78641 3 43
12592 80078 3 43
12595 78630 3 45
12595 78631 1 0
12606 80190 4 36
12618 80194 2 44
12618 80196 1 38
12618 80197 3 10
12619 80194 2 36
12619 80195 1 35
12619 80196 1 39
12626 80192 1 40
12639 80202 2 39
12644 80204 3 30
12649 80206 3 10
12663 75612 1 50
12669 75610 1 44
12687 79982 1 40
12713 77571 1 50
12727 77853 3 45
12735 80236 5 47
12736 77826 2 38
12736 80237 3 39
12738 80002 4 47
12745 80240 3 34
12747 77816 1 40
12764 80005 5 45
12786 80221 3 48
12795 77412 4 33
12797 80248 5 47
12814 74840 3 37
12815 80215 2 30
12822 77658 4 48
12824 77681 4 45
12825 80246 4 41
12828 79707 3 44
12831 77412 3 42
12831 80230 5 44
12838 77401 3 48
12839 77659 4 45
12845 77665 3 40
12855 77820 1 20
12864 74844 1 30
12864 74845 2 43
12865 74841 1 40
12867 74846 3 40
12868 74840 3 38
12871 74841 1 37
12873 74853 1 40
12874 74849 4 41
12875 74840 4 46
12875 77648 1 43
12877 74841 3 43
12879 77646 3 44
12880 77643 3 40
12882 74839 2 47
12888 77596 2 29
12890 77639 3 41
12890 80230 3 20
12899 80228 4 41
12900 77631 3 42
12902 77583 2 27
12903 80228 2 39
12905 74835 3 44
12905 77585 2 36
12907 79132 1 49
12910 74835 3 41
12911 77599 2 40
12914 77667 1 30
12915 77634 3 38
12915 79848 4 30
12916 77673 3 40
12919 77665 5 44
12921 77620 4 46
12923 79141 1 20
12924 77618 2 40
12924 79138 1 10
12925 77585 4 34
12926 77615 1 23
12926 77616 1 23
12926 77676 3 40
12927 77616 1 39
12928 77627 5 50
12929 77683 3 39
12930 77581 3 37
12931 79138 3 49
12932 79137 1 31
12933 77610 2 40
12933 77615 4 38
12934 77573 3 30
12934 77629 3 37
12935 74905 2 40
12935 77609 2 39
12935 77612 3 46
12935 77615 3 35
12935 77624 3 27
12935 79148 1 27
12936 77621 3 43
12937 77630 3 37
12941 80235 2 32
12942 77602 1 17
12948 77645 5 49
12948 77713 2 39
12948 80199 4 45
12949 77699 3 39
12951 77698 5 45
12955 77643 1 50
12955 77650 3 46
12956 77579 2 45
12956 77605 3 50
12956 77640 3 45
12956 77702 3 40
12956 80142 1 10
12957 77642 3 39
12957 77644 5 44
12957 77708 2 33
12957 77709 4 42
12958 77605 2 34
12959 77593 1 35
12960 77644 2 28
12960 80261 1 32
12961 80146 1 41
12964 77598 4 43
12964 77599 4 45
12964 77604 3 50
12964 80147 2 45
12965 77589 2 39
12965 80149 2 42
12966 77589 3 43
12966 77594 3 35
12966 77605 2 36
12966 77641 1 46
12966 77751 4 42
12966 80149 2 30
12967 77585 2 40
12967 77608 1 40
12969 77606 3 50
12969 77640 4 43
12969 80148 2 38
12970 77597 3 44
12970 77600 3 40
12970 77607 3 33
12970 77609 3 45
12970 77616 3 44
12971 77581 2 36
12971 77599 3 48
12971 77626 1 20
12972 77579 1 34
12972 77594 5 48
12972 77596 5 39
12972 77608 3 33
12972 77609 1 43
12972 77717 4 45
12973 77570 2 43
12973 77575 1 42
12973 77580 3 42
12973 77618 5 48
12974 77608 2 43
12974 77619 5 39
12975 77570 2 33
12975 77578 3 32
12975 77602 3 36
12975 77603 3 42
12975 77605 1 44
12975 77617 2 40
12976 77575 3 37
12976 77579 3 47
12976 77718 3 43
12976 80258 2 44
12977 77713 3 45
12977 77714 4 49
12978 77579 2 40
12978 77644 3 37
12978 77695 2 41
12979 77575 1 32
12979 77637 3 37
12980 77571 2 39
12980 77575 4 40
12982 77594 3 40
12982 77603 2 27
12984 77578 4 35
12984 77622 3 40
12985 77579 4 44
12986 77595 4 47
12987 80188 1 47
12988 77573 3 41
12989 75624 3 45
12989 77574 3 42
12989 77594 5 44
12989 80255 2 33
12989 80259 3 43
12990 77723 5 44
12990 80242 3 41
12990 80255 2 45
12991 77688 3 34
12994 76084 2 0
12995 74799 1 43
12995 76080 3 44
12998 77545 3 38
12999 78251 1 42
13001 76098 2 43
13003 76107 3 47
13005 77594 3 36
13006 77593 2 34
13007 76105 2 46
13007 80208 5 42
13010 80215 2 40
13011 80224 4 43
13014 77554 3 37
13014 77700 3 40
13016 77591 3 32
13020 77554 2 42
13020 77555 3 50
13020 80184 4 43
13023 77643 3 40
13024 77637 3 40
13024 80201 3 35
13026 77639 3 49
13026 80275 2 30
13027 77543 3 31
13028 76066 3 49
13031 77541 2 22
13032 80239 3 32
13033 80182 1 32
13034 80237 2 0
13035 80246 5 46
13036 77589 3 42
13036 80139 1 38
13036 80233 3 20
13036 80239 3 43
13038 80237 1 23
13038 80258 2 30
13039 80131 2 47
13039 80247 1 30
13040 80234 1 40
13040 80242 3 50
13040 80243 5 44
13040 80245 4 45
13042 80253 3 50
13043 80271 4 45
13045 80244 1 50
13045 80247 4 38
13045 80261 4 42
13046 80213 1 0
13046 80242 5 44
13046 80246 2 32
13046 80266 3 40
13048 80210 1 50
13050 80248 2 36
13050 80250 3 32
13052 80212 2 36
13052 80248 3 39
13053 80269 3 37
13054 80234 2 45
13054 80253 2 42
13055 80211 3 40
13057 80256 4 37
13058 77592 3 50
13058 80247 5 45
13058 80263 4 43
13060 80249 1 42
13062 77654 3 20
13063 80210 3 33
13063 80274 1 35
13064 80211 2 23
13065 80210 2 23
13065 80211 1 45
13065 80270 1 48
13066 80243 3 40
13066 80274 3 41
13067 80258 4 44
13067 80259 3 42
13069 80270 1 31
13071 80204 4 42
13072 77602 3 43
13076 80201 3 33
13076 80262 2 41
13078 80263 2 39
13080 80267 3 37
13081 80187 3 38
13083 80269 1 39
13085 80252 1 20
13085 80276 1 40
13088 74996 1 50
13092 80275 1 0
13104 77600 2 44
13134 77589 1 36
13144 77618 1 41
13162 75863 1 20
13163 75864 2 42
13163 77633 3 44
13216 79109 1 50
13235 75624 2 50
13274 75731 5 43
13293 75841 1 50
13311 75732 1 50
13312 75771 1 50
13315 75775 2 34
13317 75771 1 35
13320 75772 1 36
13322 75771 1 28
13326 75772 1 40
13327 75773 1 46
13330 75773 1 41
13337 77111 1 20
13341 74748 2 42
13342 74751 2 42
13342 77100 1 50
13343 74749 2 41
13343 74750 2 30
13348 74731 2 33
13348 74776 1 35
13350 74787 3 47
13353 74783 1 47
13354 75623 1 50
13360 74698 3 38
13370 75742 1 50
13377 75504 3 40
13539 75369 1 10
13585 79459 1 40
13592 75314 1 20
13599 79340 3 40
13613 79441 5 43
13623 79429 2 45
13624 79431 3 45
13625 79431 4 44
13626 79416 3 46
13626 79423 1 44
13626 79427 2 33
13626 79428 1 25
13626 79429 3 29
13626 79431 3 42
13627 79429 3 45
13628 79425 1 36
13629 79419 3 42
13629 79423 1 46
13629 79437 3 46
13630 79417 1 46
13630 79423 1 40
13630 79424 1 35
13630 79426 3 42
13631 79425 1 36
13631 79427 1 20
13632 79425 1 38
13632 79427 1 35
13635 79392 1 29
13639 79427 1 42
13643 79427 3 42
13648 79425 1 30
13652 79421 3 48
13654 79469 5 46
13739 79711 1 40
13745 79697 2 42
13746 79697 1 36
13749 79697 3 45
13929 75570 3 44
13942 74649 1 50
14093 74504 1 40
14102 74487 2 30
14150 77813 1 43
14166 77811 3 40
14218 76418 2 45
14286 80097 1 40
14442 79978 2 46
14444 79978 4 44
14446 79980 3 42
14470 75905 1 42
14542 74330 3 40
14548 74322 1 32
14554 74392 1 45
14812 74130 1 23
14915 79990 1 50
14991 74040 5 41
14994 74041 1 50
14997 74039 3 43
15003 74028 1 48
15006 74039 2 40
15007 74030 2 35
15008 74027 1 40
15009 74024 2 38
15010 74023 1 50
15013 74019 1 50
15090 76539 1 50
15148 76903 3 28
15148 76904 2 37
15158 73947 5 46
15175 76624 4 47
15197 73941 1 10
15217 73941 1 37
15220 73936 3 50
15223 73944 3 36
15226 73931 5 43
15230 73941 1 35
15234 73929 4 40
15236 73927 4 42
15238 73929 4 41
15251 73933 3 34
15252 74644 1 50
15257 73927 4 40
15259 73927 1 40
15262 74539 3 28
15263 76362 2 50
15265 73916 4 38
15266 73947 1 50
15266 74552 3 33
15271 73958 2 44
15273 73956 2 44
15273 73959 1 41
15273 76392 4 47
15274 73928 2 50
15274 76392 2 26
15275 73915 3 32
15276 76388 3 33
15277 73915 3 44
15277 73916 2 0
15277 73928 3 41
15278 73958 3 45
15279 73915 2 47
15281 73912 3 35
15281 76387 1 27
15281 76426 4 43
15283 76387 4 45
15284 73959 3 46
15284 76386 3 43
15291 73910 4 44
15293 73915 4 41
15294 73913 4 44
15296 73924 3 46
15302 73909 1 47
15306 73911 5 43
15320 73901 4 44
15321 73904 1 40
15322 74604 1 30
15327 73898 5 0
15334 76463 1 50
15336 76460 1 47
15350 75127 4 40
15353 76434 1 48
15356 76442 3 32
15362 75126 1 20
15364 75123 1 37
15365 73851 4 32
15369 73834 1 45
15370 73832 1 50
15371 73894 3 38
15381 75113 4 46
15397 73812 4 45
15397 73814 3 42
15398 73815 2 41
15400 74012 1 30
15415 73988 1 50
15427 75032 1 40
15447 75012 1 37
15451 73851 5 47
15454 73803 1 50
15456 73813 5 39
15456 75005 1 50
15457 73810 3 44
15458 73820 3 46
15462 73811 4 43
15463 73811 3 47
15475 73809 1 30
15484 73808 1 30
15486 73903 5 50
15487 73811 1 0
15488 73831 1 50
15493 73820 5 48
15494 73830 1 50
15494 73834 3 40
15494 80048 1 50
15495 73825 1 43
15495 73831 1 50
15496 73822 1 33
15498 73823 1 34
15498 73826 3 0
15499 73833 3 42
15499 73914 1 43
15502 73771 3 40
15503 73770 1 42
15504 73791 1 47
15507 73770 2 22
15508 73843 4 36
15509 73770 3 20
15509 73793 5 43
15511 73767 3 41
15511 73768 3 37
15511 80041 1 32
15512 73783 4 44
15513 73769 4 42
15513 73770 2 37
15514 73774 3 34
15515 73769 3 25
15516 73769 2 27
15518 73765 2 42
15518 73766 3 26
15520 73769 5 44
15523 73900 1 50
15525 73839 1 43
15527 73762 3 43
15527 73765 3 50
15528 73766 3 43
15529 73766 4 43
15530 73766 2 34
15531 73762 1 32
15532 73763 1 38
15533 73761 2 35
15533 73764 1 41
15534 73760 1 50
15534 73764 1 40
15535 73764 4 38
15535 73766 2 33
15538 73763 1 20
15539 73765 3 32
15540 73757 1 4
15541 73764 2 36
15541 73815 1 50
15542 73760 1 47
15543 73760 2 33
15543 73761 3 0
15543 73762 1 43
15543 73767 1 40
15543 73768 3 36
15544 73757 2 32
15544 73761 3 34
15544 73766 4 42
15544 73772 1 32
15545 73756 1 43
15545 73764 1 41
15545 73766 5 44
15545 73767 3 50
15546 73760 2 50
15546 73766 2 50
15546 73767 2 45
15546 73794 2 36
15547 73759 3 30
15547 73760 3 37
15547 73766 2 40
15548 73759 2 38
15549 73755 1 20
15549 73762 3 38
15549 73772 3 38
15550 73753 4 41
15551 73765 3 42
15551 73767 3 43
15552 73754 3 36
15554 73753 4 43
15554 73754 1 39
15555 73753 2 40
15555 73756 3 41
15556 73752 2 34
15556 73756 2 42
15557 73756 2 30
15558 73756 3 40
15560 73750 2 33
15561 73752 2 44
15561 73781 4 39
15563 73761 3 50
15565 73750 2 27
15566 73750 3 40
15567 73761 3 39
15569 73768 1 40
15570 73742 1 42
15571 73756 1 49
15571 73758 3 45
15571 73768 2 47
15572 73742 3 32
15573 73747 1 50
15574 73748 2 35
15575 73740 3 35
15578 73808 3 44
15582 73758 2 39
15583 73740 1 50
15583 73753 1 40
15584 73738 1 34
15587 73805 3 42
15597 73736 1 43
15598 73815 1 30
15599 73739 3 40
15599 73742 1 0
15599 73746 3 32
15599 73754 3 50
15600 73758 3 43
15602 73749 1 0
15604 73752 3 50
15614 73822 3 39
15619 73735 2 40
15619 73763 4 42
15622 73734 1 30
15629 73735 1 44
15639 73723 1 50
15650 73716 3 15
15661 73715 3 50
15663 73714 3 50
15669 73712 1 50
15670 73710 4 40
15828 78036 3 35
15833 78039 1 46
15834 78041 3 48
15849 73841 2 47
15863 74508 1 29
15916 75675 2 40
15924 75679 1 42
15935 75674 1 50
15937 75675 3 44
15965 74004 1 30
16009 73492 1 40
16043 73480 1 30
16055 73465 1 43
16056 73476 1 10
16263 73708 2 0
16295 80455 3 40
16296 80446 1 42
16441 81781 3 45
16488 81806 3 30
16496 80656 1 41
16497 80655 1 50
16500 80648 4 44
16502 80639 3 43
16502 80641 1 30
16511 80630 3 36
16516 80624 3 40
16691 74244 1 48
16701 74255 2 45
16702 74234 1 50
16703 74236 1 50
16703 74250 2 44
16704 74235 2 46
16704 74243 1 46
16705 74244 1 40
16705 74245 2 46
16706 74243 2 44
16706 74245 3 47
16707 74248 1 41
16707 74264 3 43
16709 74246 1 40
16710 74246 3 45
16792 74230 1 50
16807 74107 3 47
16827 75728 1 25
16957 82235 2 40
16990 73307 1 44
16994 73328 1 30
17005 81788 3 34
17009 81767 3 39
17010 81780 1 41
17120 73275 2 41
17142 73269 1 50
17148 73272 1 30
17149 73272 1 33
17150 73271 1 48
17151 73271 1 43
17151 78293 4 29
17165 73266 1 50
17181 73256 2 46
17242 78454 5 42
17251 78437 3 36
17254 78680 5 41
17258 78383 3 45
17259 78383 3 10
17259 78385 2 39
17265 78388 3 40
17266 78389 1 25
17306 78305 3 41
17318 76826 1 30
17322 76831 1 40
17329 76832 1 30
17338 78566 3 42
17344 78554 2 35
17345 78552 1 43
17363 78557 1 45
17364 74119 1 50
17367 78539 1 24
17375 78476 1 30
17377 78475 1 45
17381 78482 2 30
17385 78486 3 38
17387 78475 3 39
17388 78477 2 37
17389 78181 4 42
17389 78316 4 44
17389 78492 1 30
17389 78495 3 41
17390 78470 2 28
17390 78493 1 33
17391 78477 2 44
17392 78465 2 41
17392 78469 1 16
17392 78470 3 40
17397 78462 1 20
17397 78471 3 38
17399 78462 3 36
17400 78489 2 39
17402 78463 3 38
17403 78465 3 42
17403 78494 2 49
17404 78453 4 43
17404 78465 3 41
17404 78481 3 45
17405 78451 2 50
17405 78464 4 42
17406 78448 3 38
17406 78588 2 38
17407 78468 3 38
17407 78470 2 34
17409 78448 5 46
17410 78449 1 50
17411 78389 1 50
17412 78423 3 34
17413 78435 2 38
17415 78448 2 50
17415 78449 3 30
17415 78480 3 29
17416 78449 5 49
17417 78455 3 42
17420 78443 2 34
17420 78457 3 40
17421 78338 5 48
17422 78330 5 45
17422 78441 5 43
17423 78347 4 41
17423 78412 3 26
17423 78462 5 40
17424 78429 5 47
17424 78459 3 28
17424 78487 4 46
17425 78423 1 44
17425 78425 2 39
17428 78453 1 30
17430 78371 3 39
17430 78449 2 43
17432 78447 2 0
17433 78488 1 50
17436 78408 1 37
17436 78496 1 25
17437 78396 1 42
17437 78454 5 46
17438 78389 1 50
17438 78448 3 41
17438 78499 3 28
17440 78398 3 45
17440 78450 1 20
17441 78390 2 29
17441 78391 3 33
17441 78446 2 43
17441 78486 2 34
17441 78490 1 36
17441 78493 3 45
17441 78499 4 39
17441 78500 3 45
17442 78344 5 41
17442 78381 5 46
17442 78483 1 42
17442 78486 1 40
17442 78493 2 42
17443 78354 2 40
17443 78376 3 46
17443 78460 5 47
17444 78388 1 20
17444 78466 3 42
17444 78467 1 28
17444 78470 2 23
17445 78381 3 50
17445 78392 3 42
17446 78460 1 44
17447 78362 5 44
17447 78387 2 38
17448 78356 1 22
17449 78378 5 50
17450 78358 2 38
17450 78364 2 44
17450 78387 3 40
17452 78380 3 46
17453 78364 3 43
17453 78365 3 43
17454 78369 2 42
17458 78371 3 42
17458 78500 1 50
17460 78365 3 38
17463 78367 2 41
17469 78367 2 40
17472 78344 2 0
17472 78373 5 33
17476 78563 1 39
17481 78394 3 40
17483 73203 1 50
17492 78402 1 45
17493 78403 1 37
17494 78399 2 32
17495 78400 2 35
17507 78460 1 34
17522 73516 3 42
17528 73181 1 20
17533 73516 1 0
17545 78494 3 28
17572 78557 4 45
17604 78618 5 44
17640 78471 3 30
17654 75908 1 40
17657 75904 1 44
17659 75906 3 47
17666 80883 1 40
17667 75897 1 50
17669 80885 1 40
17672 75900 2 43
17675 75895 3 42
17677 75334 1 25
17685 83212 1 20
17686 83206 3 42
17687 74001 1 37
17687 74005 3 10
17706 83309 4 39
17709 83306 3 48
17709 83314 0 37
17710 83300 4 43
17712 83300 3 48
17712 83315 4 50
17713 83299 2 20
17714 83300 1 50
17715 83302 3 45
17715 83306 3 45
17715 83314 1 38
17717 83301 1 0
17720 83302 3 34
17720 83336 2 46
17723 83309 3 47
17726 83337 1 46
17728 83303 3 50
17729 83335 1 40
17732 83339 3 43
17733 83337 2 39
17738 73200 1 50
17739 73165 3 46
17739 83307 1 42
17739 83326 1 38
17742 83306 2 46
17759 73120 1 0
17761 83357 3 40
17780 73114 2 46
17917 73758 2 36
17917 73801 1 28
17917 73805 3 40
17917 73807 4 40
17918 73779 1 39
17919 73662 2 36
17921 73658 2 35
17921 73796 2 39
17923 73657 1 30
17923 73702 2 40
17923 73788 1 35
17923 73811 3 40
17924 73659 4 35
17925 73692 1 48
17925 73693 2 39
17926 73693 3 41
17926 73800 1 41
17927 73655 3 37
17928 73692 1 41
17928 73748 1 47
17932 73764 2 44
17932 73812 1 41
17983 83483 3 41
17988 79600 1 20
18111 83139 2 46
18166 72988 2 43
18246 73745 1 40
18331 72954 2 47
18333 72954 1 40
18339 73839 1 40
18395 74002 5 39
18397 74524 1 30
18402 76558 1 34
18408 73506 4 44
18414 76569 1 30
18431 72977 3 50
18431 79130 3 40
18459 73825 1 30
18480 73883 3 35
18486 73857 1 50
18497 73851 1 35
18503 73768 3 40
18504 73919 3 0
18517 73842 1 27
18517 73929 3 36
18519 73843 2 45
18519 73870 3 43
18520 73876 4 42
18521 73869 3 40
18522 73866 1 38
18522 73869 1 45
18523 73841 1 40
18523 73849 3 50
18524 73841 3 42
18527 73848 2 40
18527 73878 4 42
18530 73849 4 41
18530 73875 2 45
18531 73874 3 46
18531 73897 2 50
18531 73937 3 46
18532 73880 1 34
18533 73839 3 39
18533 73910 5 42
18535 73874 3 45
18536 73830 3 37
18537 73835 3 44
18538 73886 4 38
18540 73887 5 42
18541 73887 3 46
18542 73790 1 40
18543 73783 2 44
18543 73785 5 44
18546 73906 4 43
18546 73909 4 44
18546 73936 4 43
18547 73900 3 48
18549 73891 4 44
18550 73904 4 37
18551 73895 2 44
18554 73804 4 46
18559 73911 5 46
18559 73913 3 36
18560 73809 1 0
18561 73914 4 43
18561 73919 4 41
18562 73775 1 38
18565 73914 3 38
18566 72930 3 40
18571 73763 4 39
18574 73890 1 42
18574 73959 4 38
18583 73761 3 30
18584 73730 3 47
18590 73747 3 40
18592 73742 3 41
18594 73730 1 31
18597 73718 5 35
18600 73775 4 42
18602 73827 3 40
18603 73753 1 40
18606 73752 3 40
18611 72897 1 50
18614 72907 1 47
18620 73400 5 40
18625 73804 1 40
18627 73803 4 42
18627 73806 3 39
18631 73801 3 44
18639 72871 2 35
18639 72874 1 35
18641 73788 3 50
18642 73798 5 48
18643 72876 1 40
18648 73788 4 41
18651 72875 3 34
18654 73780 1 40
18657 72876 1 44
18666 73397 3 39
18720 72882 3 39
18728 72882 1 40
18731 72867 3 40
18744 73788 4 40
18747 73393 3 43
18748 73407 1 30
18753 73404 3 41
18753 73405 2 40
18753 73410 4 44
18755 73404 1 37
18760 73391 3 40
18762 73398 3 41
18763 73368 3 40
18765 72870 1 43
18770 73282 5 43
18770 73397 3 35
18774 73394 3 42
18879 73272 4 25
18880 73103 3 44
18908 73116 3 42
18914 72820 5 45
18914 72822 2 20
18915 72824 1 42
18917 72829 4 40
18919 72831 3 37
18932 72823 2 44
18932 72827 3 40
18933 72834 1 37
18938 72838 1 39
18942 72829 2 35
18943 72827 3 35
18945 72834 2 35
18946 72832 1 35
18946 72840 1 32
18947 72840 1 37
18955 72819 1 50
18959 72817 1 36
18961 72819 1 32
18961 72835 1 34
18963 72815 2 20
18964 72818 1 47
18967 72824 2 40
18969 72820 1 33
18982 73267 1 49
18985 73269 2 41
18985 73270 3 39
18986 72841 1 40
18986 73269 2 45
18987 73270 1 36
18993 73270 4 20
18994 72820 3 36
18998 73125 1 43
18998 73272 1 41
19009 73032 3 50
19012 72842 2 24
19016 72843 2 38
19016 73111 3 36
19017 72844 4 39
19017 73041 2 33
19031 72841 1 40
19037 72841 1 38
19045 72864 2 44
19045 72893 1 26
19050 72905 2 50
19056 72839 2 35
19060 72900 1 45
19063 73019 4 45
19066 72830 3 43
19066 73000 4 46
19067 72868 5 49
19067 73009 1 40
19069 72833 3 42
19070 73009 4 42
19071 72825 3 50
19075 72877 1 42
19076 72842 3 37
19077 72851 5 41
19077 72878 1 20
19077 73003 3 40
19079 73007 1 37
19080 73004 2 33
19081 73005 2 42
19081 74732 1 48
19083 82027 1 50
19084 72891 1 39
19085 73007 4 36
19089 72827 1 23
19091 72827 3 34
19091 72882 1 34
19092 72854 5 49
19095 72828 2 35
19095 72849 2 36
19095 72851 2 40
19096 72852 3 41
19096 72853 3 40
19096 72854 3 41
19096 72893 2 29
19097 72827 1 41
19097 72845 2 40
19097 72854 5 41
19098 72844 1 44
19098 72854 2 38
19098 72893 1 34
19100 72891 1 32
19101 72887 1 20
19101 72891 1 32
19102 72879 1 0
19102 72889 1 31
19103 72887 1 32
19104 72869 5 46
19105 72875 5 43
19106 72825 3 31
19107 72884 1 50
19108 72861 3 42
19108 72879 2 37
19109 72824 2 33
19109 72873 5 47
19109 72881 1 50
19110 72862 3 42
19110 72878 1 16
19111 72878 3 41
19111 72898 3 42
19114 72851 3 44
19114 73017 4 43
19115 72889 1 35
19116 72825 5 42
19117 72846 1 20
19117 72848 3 37
19117 72856 1 10
19117 72880 2 32
19117 72882 2 31
19117 72910 5 48
19118 72850 3 25
19118 72870 3 20
19118 72886 3 10
19119 72869 3 45
19120 72863 1 38
19120 72870 3 45
19120 72880 2 40
19120 72881 3 33
19121 72909 3 36
19123 72846 1 20
19124 72890 2 44
19124 77310 1 34
19128 72868 3 44
19134 72898 4 38
19136 72899 5 40
19139 72833 1 36
19148 77319 1 20
19155 77310 1 50
19163 72846 2 33
19163 72850 1 25
19164 77305 1 50
19169 73001 4 38
19172 72860 5 47
19173 72795 3 42
19175 72846 4 38
19177 72834 3 40
19182 72996 1 14
19183 72835 3 30
19195 72950 1 30
19207 72977 4 34
19209 72972 4 43
19215 72977 3 33
19222 72978 3 38
19225 73166 3 45
19251 73124 1 27
19258 84905 1 28
19266 73085 3 35
19275 72959 1 39
19276 72793 1 45
19280 72902 2 37
19281 73048 1 50
19286 72868 1 26
19313 84788 1 34
19721 77145 2 41
19748 74478 3 44
19755 74476 2 42
19757 74476 1 0
19757 74477 3 50
19759 74476 1 20
19760 74476 3 38
19763 74474 2 43
19763 74476 3 35
19764 74477 3 44
19764 74478 3 35
19765 74479 1 35
19766 74477 3 38
19766 74479 2 45
19767 74479 1 38
19767 74483 1 50
19767 74484 1 35
19768 74476 3 44
19768 74477 3 44
19768 74478 1 50
19768 74479 3 40
19768 74483 1 28
19769 74476 4 42
19769 74480 3 37
19769 74483 1 35
19769 74486 1 37
19770 74474 2 34
19770 74476 3 43
19770 74478 1 28
19770 74479 2 39
19771 74472 3 43
19771 74478 3 49
19771 74479 3 48
19772 74472 3 38
19772 74473 1 0
19772 74477 1 41
19773 74472 2 35
19773 74479 1 0
19775 74476 3 31
19782 74469 3 50
19783 74466 1 20
19783 74478 1 30
19786 85795 1 40
19788 85802 2 50
19790 85807 3 39
19793 85815 1 26
19794 85819 1 30
19796 85823 3 36
19798 85833 3 42
19799 85834 2 36
19802 85840 4 20
19802 85846 2 43
19804 85847 1 27
19810 85826 1 25
19810 85827 1 30
19810 85847 4 46
19852 75323 2 39
19861 75312 3 44
19871 75386 2 47
19872 75318 2 44
19872 75321 3 37
19872 75328 3 39
19873 75377 1 34
19874 75354 3 50
19874 75365 4 43
19875 75355 2 33
19876 75349 1 39
19876 75354 3 44
19877 75344 1 38
19877 75366 2 34
19879 75318 1 48
19879 75323 3 41
19879 75353 1 40
19880 75323 3 49
19884 75319 3 36
19887 86102 1 10
19892 75328 1 35
19902 75261 3 37
19907 75345 5 47
19933 73530 1 38
19936 73534 1 50
19950 73836 2 35
19950 73839 2 42
19951 73834 3 35
19952 73755 4 44
19953 73754 3 40
19953 73839 1 42
19957 73754 5 48
19957 73758 2 20
19961 73754 3 50
19990 73738 3 46
19990 73782 3 47
19990 73783 2 38
19991 73744 3 44
19991 73792 3 38
19996 73776 2 41
20001 73786 2 43
20003 73788 2 32
20004 73790 1 15
20005 73785 1 36
20112 77136 1 50
20128 73068 1 40
20230 73015 3 40
20242 74470 2 35
20248 85853 1 39
20252 85800 2 50
20259 85836 1 23
20260 85838 1 40
20261 85844 2 37
20263 85845 1 42
20264 85846 3 40
20265 85842 4 41
20267 86659 1 40
20268 85843 2 37
20269 85841 3 44
20270 72988 4 46
20270 73003 1 10
20276 73008 2 42
20277 85835 1 42
20282 85814 2 36
20283 72998 1 20
20286 85811 1 41
20288 85811 2 50
20291 85818 3 42
20292 85818 4 45
20294 85813 1 27
20295 85840 3 38
20296 85824 1 40
20296 85859 2 46
20303 85823 3 44
20305 85822 1 0
20308 85821 4 43
20310 85827 1 40
20313 72968 3 39
20316 85821 1 0
20331 85813 1 33
20363 72922 1 49
20374 72919 1 20
20375 72920 2 34
20389 78125 1 40
20391 72912 3 41
20397 72890 3 41
20412 72856 5 43
20417 72830 1 45
20417 72832 2 40
20436 72831 2 35
20445 72834 2 50
20448 72835 4 46
20455 72841 3 43
20458 85865 1 32
20462 85881 1 38
20463 85880 1 41
20464 85873 1 43
20526 73751 3 32
20609 72926 1 45
20611 72932 1 43
20704 70975 2 42
20706 70914 4 48
20707 70915 3 27
20707 83490 4 50
20715 70970 3 40
20716 70984 1 44
20717 70980 2 32
20719 70985 1 37
20744 78616 1 20
20844 85116 1 50
20844 85118 1 50
20895 70410 1 30
20895 70411 1 41
20895 70412 1 42
20924 77754 1 50
20928 79003 3 20
20935 77770 3 40
21042 79055 5 49
21084 79063 1 42
21088 79064 3 0
21091 79065 3 40
21094 79065 2 50
21109 79037 2 50
21122 70120 1 33
21129 79060 5 44
21133 79077 1 50
21133 79083 1 35
21134 79067 1 42
21134 79070 3 42
21134 79076 3 44
21136 79102 1 32
21137 70575 3 46
21138 79084 2 40
21139 79095 1 37
21143 79084 1 50
21145 79087 1 31
21148 79095 2 34
21150 79104 2 40
21151 79098 1 27
21153 79093 1 20
21158 79082 2 44
21159 79080 2 38
21159 79084 2 36
21164 79115 1 36
21168 70600 4 46
21169 70599 3 48
21170 70576 3 50
21171 70594 3 43
21176 70584 5 47
21178 70583 3 34
21183 70569 2 37
21183 70578 3 43
21189 70572 3 39
21191 72726 3 40
21195 72819 1 20
21200 81323 4 44
21204 72838 2 42
21207 81355 1 45
21210 81353 1 50
21213 81378 1 50
21235 81682 4 39
21239 81683 3 10
21239 81684 4 46
21246 81641 3 42
21247 81641 1 50
21248 81633 1 41
21249 79084 2 20
21249 81632 1 40
21254 81651 1 50
21255 81650 3 34
21256 81635 3 36
21257 81633 3 49
21258 81632 3 46
21403 77326 1 40
21452 87038 1 38
21463 80193 1 33
21465 83976 1 42
21513 70462 2 39
21522 70457 2 34
21522 70474 3 44
21614 73006 3 47
21619 87502 2 48
21623 73004 1 50
21626 87522 3 45
21628 87524 2 32
21635 85606 1 43
21640 69607 1 30
21642 69604 2 50
21649 87654 3 36
21652 87671 1 45
21662 87699 3 35
21665 87708 2 40
21667 87708 3 40
21693 72149 3 40
21701 72991 1 36
21702 72999 1 30
21704 72998 2 50
21723 79353 4 50
21724 73006 2 44
21725 73007 4 49
21727 73010 3 40
21730 72560 3 46
21730 79357 1 40
21732 79358 1 50
21765 72152 1 37
21772 72142 2 48
21774 72146 1 40
21775 87747 1 50
21813 79506 1 50
21820 76352 3 40
21859 84016 2 45
21892 83391 1 40
22062 82156 4 47
22064 78937 3 50
22118 88851 1 20
22170 75587 1 30
22176 75582 3 49
22177 88198 1 20
22191 69020 3 41
22202 88132 3 20
22221 76038 1 30
22222 76038 3 40
22224 84862 3 45
22225 84864 3 45
22226 84863 3 46
22238 68961 3 0
22238 68968 2 45
22239 68963 1 28
22239 68967 3 42
22240 68974 2 38
22243 68968 1 30
22281 80618 3 50
22283 80618 4 50
22285 70799 2 25
22285 70801 3 46
22286 73169 4 42
22289 70802 3 48
22290 70779 3 10
22291 70803 1 50
22292 70801 2 38
22293 73174 5 46
22294 70806 1 41
22296 70791 3 48
22296 70797 1 50
22296 70798 3 40
22307 73175 4 43
22307 73181 2 46
22307 73182 3 39
22308 73183 3 38
22308 73184 4 49
22308 73187 3 41
22309 73184 3 20
22314 73181 3 48
22319 73188 3 44
22323 73187 4 49
22323 73188 2 38
22325 73203 3 41
22351 88266 3 40
22356 75397 1 42
22361 73201 4 38
22435 87895 1 49
22469 70041 3 42
22470 70070 1 50
22473 78435 1 38
22473 78436 1 50
22475 70066 3 38
22489 88314 1 40
22513 88380 2 40
22515 88365 2 42
22516 88364 1 50
22518 88391 4 47
22519 88381 2 42
22520 88367 3 27
22522 88327 3 39
22526 88355 2 20
22527 88368 1 30
22529 88357 1 42
22532 88353 1 39
22533 88353 3 39
22536 88345 2 20
22536 88352 3 33
22538 88376 2 41
22540 72943 5 47
22541 88350 5 41
22541 88352 3 45
22541 88362 2 29
22542 88353 2 37
22542 88361 1 32
22543 88354 2 38
22543 88357 3 50
22544 88397 5 47
22545 88351 3 47
22545 88363 3 35
22546 88350 3 44
22549 88350 3 28
22553 88363 3 47
22554 88354 3 26
22555 88314 1 30
22555 88354 3 40
22556 72963 3 48
22556 88354 1 30
22557 88354 1 30
22558 72964 1 44
22558 88353 1 25
22558 88354 1 37
22559 88357 3 34
22559 88361 1 37
22561 88357 3 47
22563 88352 1 27
22569 88369 3 38
22569 88404 1 25
22571 88434 3 44
22573 88430 3 33
22575 88475 1 50
22576 88433 4 47
22579 88394 2 30
22579 88461 5 41
22582 88413 2 48
22582 88474 2 30
22584 88401 1 46
22584 88403 1 20
22587 88340 1 36
22590 75901 3 36
22590 88352 1 27
22591 88397 1 30
22593 88270 4 39
22594 88433 2 42
22602 75313 1 50
22611 88390 1 37
22618 88431 2 45
22618 88432 3 44
22622 88445 3 40
22622 88450 5 47
22624 88440 3 42
22630 75611 2 30
22631 88433 2 36
22631 88435 1 16
22632 75808 3 50
22641 88431 1 38
22643 88429 1 40
22655 88439 1 35
22679 72867 3 40
22684 88342 1 20
22687 72838 5 45
22693 75867 3 48
22700 75875 1 40
22711 75842 1 20
22711 75875 1 27
22715 75845 2 50
22715 75874 3 47
22717 75872 3 46
22717 75874 4 46
22717 75878 1 35
22718 75872 3 46
22719 75857 2 35
22719 75876 1 40
22720 75876 3 40
22725 75884 3 43
22726 75880 1 43
22736 75773 1 48
22736 75891 3 43
22743 75894 3 34
22747 75895 4 45
22747 75896 2 33
22749 75889 1 30
22749 75902 3 45
22750 75903 4 48
22750 75913 1 20
22752 75892 1 20
22753 75898 3 40
22753 75904 3 38
22754 75881 1 40
22755 75903 1 40
22762 75934 3 20
22779 72201 4 40
22801 72627 3 29
22801 75848 2 46
22804 86204 1 20
22804 86205 1 40
22809 70874 4 47
22837 69708 1 50
22854 86201 2 0
22886 72722 4 45
22952 86777 1 47
22966 76046 1 50
22988 72505 1 31
22994 72612 1 42
23006 72454 5 40
23007 72557 2 20
23009 72561 2 39
23011 72506 2 42
23011 72510 3 39
23012 72558 1 40
23012 72568 2 50
23014 72504 5 48
23014 72565 1 31
23015 72593 1 38
23017 72566 3 43
23017 72567 1 23
23020 72570 3 46
23021 72567 3 50
23021 72570 3 45
23021 72572 2 35
23025 72507 1 50
23025 72597 1 46
23026 72545 3 34
23026 72581 3 46
23026 72582 1 45
23028 72583 1 50
23029 72554 3 44
23029 72577 4 50
23029 72599 2 45
23030 72563 2 50
23032 72565 3 50
23032 72576 4 43
23033 72557 2 24
23034 72560 4 37
23034 72569 3 50
23035 72568 2 44
23036 72581 2 46
23037 72568 2 30
23037 72614 2 45
23038 72514 5 43
23038 72570 3 45
23043 72570 5 46
23047 72530 3 41
23047 72559 3 43
23047 72570 4 45
23048 72571 2 35
23049 72535 2 24
23050 72359 4 38
23050 72525 4 41
23052 72571 3 43
23054 72591 3 32
23054 72596 1 0
23055 72574 1 20
23065 70130 3 30
23065 72584 4 42
23066 70144 3 43
23067 70077 3 32
23078 70119 3 20
23079 72617 3 33
23081 72617 3 41
23086 72528 5 47
23091 70087 4 38
23103 72596 3 50
23113 70017 3 40
23136 75790 3 38
23153 77475 3 45
23153 79911 2 50
23155 79870 4 50
23157 75781 4 36
23157 79893 1 35
23158 79929 1 34
23161 75777 3 41
23162 79937 1 27
23162 79939 1 48
23163 75776 3 35
23163 79933 3 38
23163 79944 3 50
23164 79958 5 41
23168 79935 1 15
23170 77464 1 37
23170 79934 1 47
23177 75776 3 30
23177 77442 1 41
23177 77460 1 35
23178 75777 1 25
23178 75793 1 25
23180 75780 1 41
23182 72637 2 39
23183 72629 1 50
23184 75769 3 40
23187 88049 1 20
23188 75765 2 30
23189 75768 2 35
23194 72636 1 50
23208 69774 2 35
23217 72649 4 45
23226 77436 2 35
23227 77437 1 38
23228 72728 1 30
23228 77436 3 44
23229 69689 3 46
23230 72648 1 49
23231 77434 1 45
23232 77435 1 37
23233 77396 1 20
23234 77400 3 44
23234 77434 1 35
23236 77434 3 15
23240 77386 5 48
23250 69674 3 42
23251 69674 2 42
23255 69639 3 45
23258 77397 1 30
23260 77403 1 42
23263 77411 1 27
23264 77405 1 28
23264 77406 1 38
23296 77351 3 33
23323 85307 1 34
23347 85308 1 50
23349 85326 2 44
23349 85330 3 48
23349 85331 1 27
23350 85329 3 40
23350 85330 2 50
23350 85332 1 44
23350 85333 4 47
23350 85337 1 32
23354 69260 3 48
23354 85333 4 47
23365 85324 1 40
23366 85324 1 36
23367 85323 1 26
23370 85338 1 50
23372 85340 3 35
23497 87323 1 42
23521 87311 2 50
23550 87270 2 50
23552 74448 1 50
23555 87273 1 50
23658 87700 1 37
23673 86952 3 46
23685 86975 1 40
23689 86946 1 43
23704 86983 1 37
23723 81022 1 50
23726 81035 3 50
23729 81047 3 40
23738 92716 1 50
23783 86416 2 50
23785 86417 1 40
23795 86430 4 46
23799 86435 1 30
23806 86432 1 30
23832 91269 3 45
23861 80374 1 46
23996 85364 1 20
24092 88269 1 45
24114 87799 2 44
24118 87796 1 40
24331 72852 1 48
24366 72806 2 45
24455 74873 1 45
24459 72765 2 45
24483 72783 1 40
24490 86690 1 49
24490 86694 2 39
24493 86694 4 40
24501 74185 3 50
24526 73678 2 25
24532 73713 1 20
24537 72795 1 32
24539 81285 1 20
24548 81298 1 50
24552 73702 4 42
24553 73694 1 38
24556 73705 1 44
24559 73693 1 50
24560 73692 2 40
24564 73725 2 46
24568 73641 5 46
24571 73648 3 50
24571 73691 1 45
24572 73743 1 50
24572 80846 3 44
24573 73686 1 50
24573 80839 1 50
24574 73689 3 47
24575 73685 1 37
24575 73694 1 40
24575 73699 1 45
24576 73669 5 49
24576 73694 3 38
24576 73695 2 41
24576 73697 1 38
24576 73698 3 43
24576 73699 1 25
24577 73700 2 40
24577 73701 2 42
24578 73678 1 45
24578 73684 2 36
24578 73685 1 27
24578 73696 2 34
24579 73678 4 44
24579 73682 2 41
24579 73686 3 50
24580 73679 3 30
24580 73682 1 50
24580 73683 1 48
24581 72723 1 50
24581 73680 1 50
24581 73682 1 30
24582 72722 3 28
24582 73639 3 40
24582 73669 3 48
24583 73716 2 40
24584 72721 3 44
24585 72717 1 46
24586 72702 2 32
24586 72715 4 48
24586 73698 3 38
24588 72706 2 42
24588 73699 3 48
24589 72708 1 35
24590 73611 5 44
24590 73678 2 44
24591 72712 1 41
24591 72713 1 50
24591 73672 2 46
24592 72711 2 37
24592 72713 2 40
24592 72715 3 40
24594 72716 1 49
24595 72720 3 34
24595 73688 2 0
24597 73687 1 27
24599 72715 1 50
24602 73689 4 46
24607 72722 3 41
24616 73815 3 45
24620 72763 3 40
24625 73646 3 46
24626 73659 3 40
24629 77286 1 46
24645 77311 1 50
24691 84985 3 50
24693 84983 3 40
24693 84985 3 50
24696 73734 3 30
24696 84973 4 30
24701 78420 2 50
24786 84998 1 50
24802 85000 1 38
24802 85001 1 42
24804 85001 2 34
24815 93942 3 46
24826 92797 1 40
24826 92801 1 23
24831 79919 1 30
24831 92800 1 50
24837 79921 5 42
24838 79918 1 44
24839 79921 1 39
24849 79923 1 50
24850 79923 1 30
24850 79926 1 41
24852 79923 1 40
24874 74624 2 32
24887 74626 1 20
24917 74624 3 44
24929 73821 1 30
24931 73824 1 30
24932 73826 2 47
24932 73827 2 33
24933 73826 1 50
24952 88119 1 50
25000 88147 2 50
25047 88154 1 50
25116 73472 3 50
25121 73584 2 45
25134 73576 1 47
25143 75853 3 43
25146 73463 4 48
25174 75852 3 46
25198 85521 1 50
25205 75857 1 0
25222 75877 1 40
25258 82966 1 45
25284 83003 3 40
25285 83003 1 20
25285 83005 4 33
25285 83007 4 26
25288 83005 2 45
25288 83006 2 43
25292 83005 1 41
25294 83004 1 15
25294 83005 1 30
25296 83002 3 40
25296 83005 1 20
25296 83006 4 50
25297 83000 1 40
25299 82999 3 36
25299 83004 1 50
25305 83009 1 50
25307 82984 3 35
25308 83000 1 40
25309 82994 3 50
25309 83003 2 33
25309 83004 1 42
25310 83005 1 45
25310 83010 1 20
25311 83015 3 40
25314 82989 1 29
25317 82973 3 30
25318 82991 3 33
25321 82997 3 35
25322 82987 3 40
25323 82989 1 30
25324 82974 4 35
25324 82989 1 50
25325 82999 3 40
25326 82989 1 38
25326 82990 3 46
25336 82988 4 50
25337 82976 3 36
25337 82979 3 43
25338 82978 1 35
25338 82979 3 50
25338 82980 3 47
25342 74633 3 35
25343 74639 3 42
25344 74637 3 42
25346 78641 1 31
25351 78636 1 48
25367 78632 1 50
25388 78641 3 32
25389 74619 1 50
25443 81824 2 36
25443 81828 1 20
25443 81836 1 30
25444 78578 1 39
25444 81819 1 32
25446 78569 1 30
25449 78562 1 45
25450 81834 3 37
25452 81841 2 34
25453 81827 2 44
25454 78540 1 30
25454 81835 3 43
25464 81817 3 36
25486 81855 3 41
25544 87572 1 30
25577 91883 1 39
25578 91893 1 24
25599 85164 1 40
25602 85138 2 36
25605 85140 2 37
25606 85138 3 34
25608 85137 3 36
25609 85074 3 35
25609 85129 4 32
25610 85137 2 31
25611 85142 4 40
25612 85129 3 40
25612 85143 2 38
25613 85129 3 39
25613 85143 4 35
25614 85123 2 30
25620 85111 1 50
25630 85110 3 42
25634 85106 4 35
25824 93782 1 50
25865 85784 1 50
25973 74717 3 30
26016 76365 2 41
26017 76371 2 41
26017 76372 2 37
26017 76374 3 40
26018 76375 3 33
26020 76344 1 0
26023 76387 5 50
26047 76397 5 50
26058 76427 3 47
26065 76433 3 41
26102 91883 3 47
26112 91750 3 30
26112 91782 3 45
26115 91714 3 34
26119 91832 3 35
26122 85366 3 50
26126 91813 4 40
26132 91793 4 50
26134 91807 3 38
26135 91785 3 38
26142 91786 1 30
26147 91814 3 40
26150 91785 3 30
26154 91779 3 45
26169 85903 1 45
26171 91750 1 33
26174 78145 1 20
26174 91740 3 43
26176 91754 2 42
26178 91749 3 35
26178 91750 1 50
26178 91752 3 42
26178 91756 2 42
26179 91751 3 42
26179 91753 2 46
26180 91750 2 39
26180 91751 1 20
26180 91756 1 45
26181 91741 1 43
26183 91745 3 40
26184 91744 1 40
26184 91747 1 35
26185 91746 3 44
26185 91747 1 38
26186 91748 3 40
26191 91750 3 44
26191 91753 1 42
26192 91752 1 39
26194 78155 1 39
26195 78151 1 30
26195 78156 1 45
26204 78166 3 45
26208 78190 3 36
26209 78187 3 38
26210 73052 2 30
26212 78180 3 34
26213 78179 1 50
26213 78192 1 25
26215 78176 1 47
26227 72965 3 44
26231 78223 2 30
26233 72967 3 35
26262 72959 3 20
26269 73069 5 45
26271 73028 2 40
26273 73002 2 34
26275 73008 3 36
26277 73048 1 50
26278 73007 3 40
26280 73019 1 47
26280 78200 3 40
26282 73014 1 37
26284 73021 3 45
26285 73020 1 35
26287 73025 2 40
26289 73027 2 50
26293 73019 1 38
26295 72990 1 46
26296 73020 1 30
26296 73022 1 20
26297 73022 5 50
26360 78292 1 20
26449 74649 3 48
26453 74633 3 46
26455 74635 1 10
26460 74640 1 50
26462 74627 2 33
26462 74628 2 37
26462 74632 2 28
26462 74634 2 49
26462 80359 2 35
26463 74628 1 42
26464 74630 3 36
26464 74635 3 45
26464 80356 1 42
26465 74521 4 37
26465 74629 2 30
26465 74637 3 50
26465 80347 2 35
26467 80359 1 35
26472 74634 3 41
26472 80323 3 41
26472 80346 2 31
26474 80356 1 39
26478 80350 2 40
26479 80314 4 45
26483 74561 2 0
26485 74630 3 44
26487 74548 1 33
26487 74562 1 25
26488 80326 3 35
26490 74555 3 29
26514 74708 3 45
26521 74529 3 33
26540 74756 4 41
26572 74866 1 45
26577 93273 1 46
26589 74885 3 38
26589 93412 1 30
26614 70716 2 45
26615 70723 2 40
26616 92807 4 50
26618 70708 2 37
26618 70725 3 48
26619 70724 0 44
26624 92799 1 37
26632 93441 1 40
26654 92772 2 50
26698 88314 2 50
26698 88316 1 44
26707 88772 2 45
26708 88361 2 40
26708 88426 1 36
26715 88766 1 40
26718 88420 2 36
26719 88421 1 30
26719 88428 3 37
26726 88415 1 39
26727 88414 3 40
26730 88411 1 36
26731 88411 3 35
26733 88411 3 41
26736 88422 1 30
26753 83378 1 40
26755 88441 4 40
26757 80870 2 38
26769 75837 4 43
26779 75837 1 30
26790 83381 3 22
26792 80896 3 20
26797 75813 1 50
26798 80894 5 36
26799 81009 3 30
26820 75806 2 32
26828 75793 3 43
26830 80914 3 33
26831 80918 3 39
26833 80919 1 37
26837 80921 3 41
26837 80934 3 34
26838 80932 3 39
26839 75809 1 50
26839 80934 2 48
26840 75794 4 43
26840 75807 4 44
26842 75794 3 44
26842 80936 4 35
26843 70542 0 29
26843 80927 1 38
26844 75800 3 44
26845 70542 1 50
26845 75799 2 41
26845 75804 3 38
26846 75810 3 50
26847 80944 1 29
26848 75804 3 35
26850 75797 3 34
26852 81026 4 34
26854 80979 2 30
26855 75813 1 25
26855 80956 2 36
26856 70552 3 46
26856 75820 1 50
26856 80935 5 38
26857 80942 4 44
26857 80943 3 40
26858 75792 3 38
26858 75795 3 35
26860 75668 3 35
26862 81019 2 36
26864 70560 0 40
26864 75589 1 50
26864 75795 4 44
26866 81021 2 48
26871 75775 1 45
26871 81014 4 47
26876 75884 5 50
26877 75771 2 20
26878 81034 3 35
26885 75731 3 50
26885 88802 3 48
26886 88187 2 41
26889 75763 4 35
26890 75804 3 41
26892 75744 2 40
26892 75825 3 42
26892 75826 3 40
26894 75770 2 42
26894 75828 1 20
26895 75750 3 45
26895 75826 3 38
26895 75893 4 15
26896 75811 3 50
26897 75808 5 50
26897 75814 1 50
26897 75817 3 50
26898 75738 2 40
26898 75827 3 43
26898 75831 2 0
26898 80966 4 50
26899 75828 1 50
26899 75833 3 37
26900 75797 2 20
26900 75821 3 41
26901 70945 4 42
26901 75730 2 40
26901 75785 3 46
26902 75792 5 48
26903 70912 2 47
26903 75793 5 45
26904 70912 3 33
26905 75783 1 30
26905 75797 2 47
26908 75802 4 42
26908 75824 3 35
26909 70916 3 43
26909 75815 3 41
26910 70911 1 42
26911 70910 1 40
26911 70912 3 40
26911 75787 3 42
26912 75747 3 40
26912 75787 3 47
26913 70915 1 39
26913 75779 1 44
26914 70908 3 47
26914 75792 3 42
26915 70908 2 42
26915 70911 2 44
26915 75803 3 36
26915 75804 3 44
26915 75811 3 41
26916 70886 4 42
26916 70905 3 50
26916 70908 2 40
26916 75792 1 48
26916 75794 3 39
26916 75795 1 45
26916 75796 1 48
26916 75798 2 30
26916 75805 4 43
26916 75880 5 38
26917 70909 3 50
26917 75791 1 37
26917 75799 3 39
26917 75811 3 44
26918 75792 2 20
26918 75799 2 20
26919 70909 2 40
26919 75791 5 46
26919 75794 5 45
26919 75797 3 34
26919 75801 4 44
26920 75798 2 35
26920 75804 3 32
26920 75805 3 45
26920 75835 2 33
26921 75794 3 38
26921 75797 1 30
26921 75800 1 10
26921 75803 2 37
26922 75788 1 33
26922 75796 1 25
26922 75799 3 35
26922 75804 4 20
26923 70903 3 18
26923 75792 2 30
26923 75796 2 43
26923 75799 1 43
26923 75801 0 43
26923 75802 3 42
26923 75803 1 20
26924 75788 1 32
26924 75789 1 40
26924 75793 4 39
26924 75801 3 50
26924 75802 1 42
26925 75801 3 44
26925 75802 3 30
26925 75804 1 50
26926 75790 1 40
26927 75785 3 50
26927 75786 1 40
26927 75787 4 40
26928 75697 1 23
26928 75785 3 34
26928 75792 4 41
26930 75788 4 44
26930 75828 1 41
26931 75784 3 37
26931 75788 3 40
26931 75831 1 34
26932 75736 1 40
26934 75793 4 47
26934 75833 1 20
26935 75833 5 45
26936 75790 3 38
26937 75732 3 0
26937 75795 3 43
26937 75796 2 42
26939 75836 1 35
26943 75774 1 50
26944 75773 3 41
26949 75842 1 35
26953 75846 2 0
26957 75843 4 39
26970 75773 3 43
26986 75779 3 37
26989 75865 4 41
27001 75869 5 43
27007 88244 1 20
27007 88247 4 41
27011 71922 1 30
27015 88254 3 43
27019 76001 5 40
27022 88255 3 36
27029 88260 1 6
27030 75889 5 47
27032 75888 5 45
27032 88257 2 20
27036 88262 4 43
27037 88263 3 46
27038 88264 2 32
27039 88266 2 50
27039 88280 3 50
27040 88263 2 40
27040 88266 2 43
27041 88264 2 44
27042 88266 3 43
27043 88268 1 32
27043 88271 1 26
27044 88268 2 42
27045 75903 1 33
27047 88268 3 44
27048 88265 4 38
27058 88468 1 50
27059 88463 4 47
27062 88462 2 47
27070 88455 2 45
27080 75889 5 46
27123 78004 2 35
27144 75871 1 40
27147 78393 1 48
