6511 80620 3 33
8082 77551 3 38
8083 77549 3 0
8083 77550 2 45
8084 77549 2 38
8086 77538 1 39
8088 77549 1 39
8091 77549 1 40
8092 77548 2 33
8180 77431 1 40
8306 77085 3 36
8307 77082 4 43
8357 77013 1 30
8358 77018 4 46
8360 77015 2 41
8363 77007 5 50
8372 77003 3 50
8383 76981 3 41
8383 76982 2 45
8384 76982 3 30
8386 76977 1 46
8386 76978 3 32
8390 76975 3 28
8390 76976 3 41
8398 76974 3 30
8400 76978 3 43
8402 76973 5 42
8403 76973 3 0
8415 77039 3 37
8483 76911 4 45
8488 76950 1 37
8489 76940 2 45
8490 76949 1 37
8498 76946 4 42
8498 76947 1 38
8499 76950 5 48
8500 76949 4 41
8503 76953 1 50
8510 76949 3 50
8700 77727 3 46
8723 76714 3 43
8732 76706 3 41
8734 76707 5 46
8735 77710 1 48
8735 77711 3 48
8735 77712 1 42
8737 76704 1 37
8738 76702 3 48
8742 76700 2 20
8796 78157 3 44
8804 78138 1 44
8874 76592 5 45
8877 76595 4 35
8967 76629 3 33
9171 77534 1 50
9249 76416 3 38
9287 79319 1 44
9289 79319 1 40
9289 79320 1 46
9293 79325 3 41
9327 76685 1 50
9397 76391 3 33
9407 76559 2 0
9412 76410 1 0
9436 76374 2 39
9484 76383 2 40
9490 76323 2 35
9490 76330 3 30
9491 76319 3 40
9493 76349 1 20
9495 76360 5 36
9498 76338 3 45
9500 76345 3 36
9500 76347 3 43
9500 76348 4 36
9501 76316 1 35
9501 76339 1 41
9501 76342 3 39
9501 76352 5 46
9505 76340 2 25
9508 76339 1 20
9522 76356 3 44
9527 76355 1 40
9571 76518 3 30
9576 76422 3 41
9582 76518 1 34
9583 76422 3 35
9584 76424 2 50
9588 76521 3 39
9588 76536 5 46
9589 76425 5 46
9593 77139 1 30
9594 76424 3 47
9594 77137 1 20
9595 76430 2 42
9596 76302 5 49
9596 76428 2 28
9598 77170 5 50
9598 77171 1 45
9599 77171 1 48
9603 77166 3 44
9604 77171 0 8
9606 77166 1 30
9609 76433 1 31
9612 76431 5 48
9614 76499 2 42
9618 76372 4 46
9618 76427 4 43
9619 76426 2 48
9629 76378 4 45
9633 76418 4 47
9638 76379 1 50
9638 76427 3 42
9641 76379 3 46
9641 76419 1 50
9644 76547 4 42
9658 76337 1 20
9662 76409 3 0
9670 76935 3 45
9687 76897 1 47
9688 76420 1 50
9707 76895 3 50
9716 76892 4 50
9740 76337 5 47
9894 76713 3 50
9895 76725 4 42
9900 78070 3 47
9914 78112 1 41
9916 78105 3 47
9917 78112 3 42
9917 78113 2 37
9918 78112 1 30
9920 78148 2 40
9921 78112 2 46
9921 78119 1 40
9923 78139 2 32
9924 78114 1 20
9924 78138 2 34
9925 78117 3 44
9929 78095 3 38
9930 78130 3 44
9932 78148 3 45
9933 76318 5 49
9935 78142 3 44
9936 78141 3 42
9937 76272 1 44
9937 78132 3 46
9945 76293 3 24
9956 76291 3 39
9959 76269 5 47
9962 76317 4 45
9963 76242 1 42
9966 76241 1 39
9966 76242 3 44
9966 76253 3 50
9966 76287 2 39
9966 76290 2 34
9967 76242 1 48
9967 76244 2 50
9967 76287 3 39
9967 76292 3 23
9969 76286 1 45
9969 76289 3 47
9970 76321 4 47
9971 76324 2 28
9971 77044 3 35
9972 76282 1 32
9973 76280 1 45
9975 76282 3 41
9976 76285 3 30
9982 76282 4 42
9986 76332 2 0
9987 76230 4 41
9988 76300 4 41
9989 77069 3 45
9990 76281 1 40
9991 76284 1 20
9991 76287 3 41
9991 76289 3 35
9996 76294 1 20
9996 76572 1 35
10000 77061 3 50
10009 77107 3 48
10011 77076 3 43
10012 76293 2 40
10014 77479 3 47
10015 76364 4 40
10015 77048 2 30
10017 77162 3 47
10018 77015 2 45
10021 76307 1 46
10021 77054 5 50
10023 77041 3 50
10025 77050 2 40
10027 77044 3 44
10029 77039 1 50
10029 77040 3 38
10030 77047 3 45
10031 77047 3 34
10031 77161 3 36
10032 77037 4 48
10033 77041 3 45
10034 77045 4 41
10034 77047 3 27
10039 77004 1 30
10039 77029 4 48
10041 77038 3 44
10041 77174 1 48
10042 77039 4 47
10042 77178 3 41
10044 77047 1 50
10045 77215 3 26
10047 77036 3 41
10049 77056 4 46
10050 77077 1 20
10050 77191 1 43
10052 77065 3 43
10054 77066 5 50
10055 77071 3 48
10062 76990 3 40
10066 77107 1 45
10067 76986 3 45
10068 76615 1 50
10070 78769 1 30
10073 77064 3 48
10080 77061 3 44
10085 77058 1 30
10086 77061 3 45
10086 77065 3 46
10086 77073 1 50
10087 77069 1 36
10088 77059 3 34
10088 77062 2 31
10094 77050 1 37
10102 78176 3 40
10108 76706 1 50
10141 76173 4 50
10144 76177 4 50
10151 76367 3 45
10155 76353 5 45
10160 76390 1 10
10165 76396 3 44
10165 76402 1 35
10174 76588 4 50
10178 76418 3 42
10178 78777 1 50
10183 76380 3 35
10184 76381 4 43
10189 76386 3 43
10208 76204 3 33
10233 77493 2 48
10235 77481 3 50
10235 77488 5 47
10235 77492 1 20
10236 77494 2 40
10236 77496 3 46
10236 78783 3 40
10238 77489 2 36
10238 77495 2 40
10239 77495 3 41
10240 77495 2 34
10241 77488 2 42
10241 77494 1 38
10242 77486 3 48
10243 77493 2 45
10243 77495 3 43
10243 77498 1 41
10244 77498 1 30
10244 77499 2 40
10244 77503 2 36
10245 77487 3 47
10245 77493 4 49
10245 77496 4 45
10245 77531 3 40
10247 77484 2 44
10247 77496 2 40
10247 77502 2 36
10248 77489 3 44
10248 77490 3 30
10249 77499 3 44
10250 77498 2 44
10256 77485 3 40
10261 77491 3 41
10268 77490 4 41
10269 77488 3 43
10278 77164 1 33
10294 76434 4 39
10300 76607 1 30
10323 76358 1 47
10336 76363 3 30
10357 77981 1 30
10440 77524 1 45
10441 77524 1 47
10442 77518 1 42
10448 77522 2 45
10514 76213 5 45
10514 76216 3 40
10517 76207 3 43
10521 76212 1 30
10522 76212 4 46
10524 76210 3 20
10554 76215 1 40
10592 76037 3 46
10592 76043 3 44
10592 76044 3 41
10594 76036 1 10
10594 76044 3 46
10595 76035 3 48
10595 76040 3 45
10595 76043 1 50
10595 76048 1 40
10596 76038 1 13
10596 76042 1 44
10597 76039 3 46
10597 76043 2 45
10598 76039 1 45
10601 76035 2 46
10630 76921 4 40
10671 76000 3 40
10682 79845 1 35
10683 79842 1 42
10689 76658 1 42
10694 76867 4 20
10698 79833 1 43
10745 76291 4 50
10759 76276 4 30
10762 76654 1 48
10769 76654 1 46
10769 76655 1 40
10769 76656 3 43
10772 76656 1 46
10774 79138 4 45
10800 78681 3 46
10803 78685 2 35
10805 76190 1 37
10807 78681 3 36
10955 79390 1 43
10957 79380 1 35
10959 79378 1 41
10961 78064 3 35
10992 76960 1 40
10994 76963 2 38
10994 76967 3 40
10995 77018 1 50
10997 76968 1 42
10997 76969 3 38
10998 76969 1 38
11001 76006 1 37
11001 76966 1 42
11009 76965 1 45
11010 76960 3 41
11010 76966 3 46
11010 76980 4 46
11011 76954 2 31
11012 76966 3 45
11014 77013 1 35
11015 76964 3 44
11016 76967 1 42
11017 76962 2 49
11017 76965 1 50
11021 76966 1 46
11021 76988 1 50
11023 77021 3 40
11024 76963 1 0
11026 76994 1 50
11026 77018 3 43
11035 76927 1 34
11037 77037 3 50
11042 77044 3 37
11099 79652 3 40
11100 77372 3 38
11102 79649 1 48
11103 77363 3 30
11108 77344 3 38
11109 77341 1 40
11207 78182 1 50
11231 78165 1 46
11233 78878 1 50
11235 76384 1 50
11310 75765 3 40
11338 77714 3 46
11341 77717 1 48
11345 76799 1 34
11345 76801 5 48
11347 76793 1 50
11348 76793 2 20
11350 76811 1 50
11351 76785 3 43
11352 76835 1 50
11362 76805 1 20
11362 76807 1 50
11386 76717 3 39
11388 75718 3 32
11390 76718 1 43
11392 76708 2 30
11394 76699 2 33
11396 76701 3 42
11396 79698 1 20
11396 79699 1 37
11397 79699 2 42
11398 76694 1 50
11398 76721 1 20
11398 79695 2 31
11400 76676 2 14
11400 76699 1 40
11401 76700 2 50
11402 76713 1 50
11403 76678 2 42
11403 76714 2 50
11403 76722 2 45
11405 76708 1 27
11406 76684 2 43
11406 76715 1 27
11408 76707 1 30
11408 76713 2 30
11409 76709 1 20
11410 76699 4 37
11410 76708 1 35
11410 76709 1 50
11411 76708 1 20
11412 76693 1 42
11412 76719 2 40
11413 76696 4 49
11413 76697 2 34
11413 76699 1 30
11413 76705 2 40
11414 76718 2 38
11417 76703 3 45
11418 76699 2 47
11420 76699 3 37
11422 76834 2 40
11425 76706 3 38
11426 76849 1 50
11503 76174 1 50
11514 76032 3 38
11518 76044 4 46
11521 76024 1 41
11523 76171 1 44
11524 76143 2 50
11528 76212 1 46
11534 76651 1 33
11535 76022 4 47
11549 76040 1 50
11554 76134 4 43
11556 92729 1 50
11558 76042 5 44
11560 76112 1 30
11572 76642 1 40
11582 76089 3 48
11584 76199 1 0
11592 76048 1 50
11597 92620 3 45
11608 76080 1 48
11610 75986 4 50
11610 76159 1 40
11612 76072 1 40
11614 76203 3 50
11619 76082 2 40
11623 92726 1 42
11629 76087 3 42
11631 78127 1 33
11639 75982 3 40
11644 92746 4 44
11650 76333 2 37
11651 76249 1 37
11655 75967 4 44
11661 76161 1 50
11661 92729 1 43
11662 76110 1 50
11662 92734 0 36
11664 76262 3 41
11664 92735 4 40
11668 76632 1 41
11669 92742 3 41
11672 78142 1 28
11673 92733 2 42
11675 78136 3 50
11675 92739 4 48
11682 92723 1 50
11683 78125 4 47
11696 76641 4 48
11709 76095 2 45
11732 76146 3 50
11734 76142 1 50
11757 75479 3 40
11757 79763 1 49
11771 78212 2 38
11771 78217 1 38
11776 78222 2 43
11777 78209 3 45
11777 78219 3 38
11778 78198 3 47
11781 78198 1 45
11782 78213 3 43
11783 78213 2 35
11784 78213 3 40
11785 78211 2 46
11786 78203 2 41
11788 78210 2 44
11805 79798 4 43
11806 76063 1 50
11834 76088 1 35
11841 76054 1 41
11842 75957 3 50
11846 76063 3 42
11849 93013 3 34
11868 75365 4 50
11869 75357 1 50
11869 75401 4 40
11870 79816 5 43
11881 79820 4 44
11892 75335 1 40
11902 77122 2 50
11916 79809 3 45
11925 79828 3 45
11925 79833 1 10
11927 76266 5 50
11927 79834 2 34
11928 79832 3 47
11930 79825 2 25
11930 79833 5 48
11931 79814 2 39
11932 79805 1 20
11932 79815 1 39
11932 79818 3 42
11933 79824 2 39
11933 79835 5 46
11934 79830 0 32
11934 79832 2 23
11935 79825 1 20
11935 79836 3 42
11938 79824 2 42
11938 79832 1 30
11939 76270 2 50
11939 79831 2 38
11940 79813 3 46
11940 79826 2 44
11941 79832 2 36
11942 79828 4 44
11942 79829 3 43
11942 79830 3 44
11944 75384 1 50
11944 79831 3 0
11949 79813 1 30
11952 79829 3 41
11958 79823 1 0
11975 76311 4 46
11984 79845 1 43
11985 79847 1 20
11989 92954 3 38
11991 77140 1 45
11991 79782 3 46
11991 79822 1 48
12014 75995 2 25
12014 79860 2 39
12019 93008 1 30
12024 75920 2 40
12027 93000 4 36
12035 92987 3 34
12049 79875 4 40
12100 75230 1 40
12106 75206 1 50
12183 75832 4 47
12198 75803 1 48
12208 75735 4 43
12211 75696 2 30
12225 75649 5 48
12225 77036 1 50
12231 75654 2 50
12231 79027 1 50
12232 75641 4 40
12233 79067 3 50
12237 75920 2 43
12237 76606 2 33
12242 75818 2 23
12243 79072 3 44
12252 79069 3 43
12291 76670 1 50
12295 76639 2 46
12295 76654 2 39
12297 75826 4 48
12297 76656 3 45
12297 76665 5 47
12297 76700 1 36
12298 76692 4 38
12300 76301 5 47
12300 76640 1 43
12304 75096 4 50
12304 76665 1 35
12307 76645 3 44
12307 76667 3 42
12308 76657 2 42
12308 76658 2 39
12308 76659 2 37
12308 76729 3 40
12309 76656 2 40
12309 76659 2 17
12309 76662 4 46
12310 76657 1 37
12310 76658 1 30
12310 76659 3 46
12311 76643 4 45
12311 76644 3 40
12311 76648 2 41
12311 76657 2 37
12311 76659 2 36
12312 76640 4 44
12312 76642 2 40
12312 76645 2 30
12312 76652 1 15
12312 76653 1 47
12314 76656 1 20
12314 76658 2 20
12315 76650 2 38
12315 76656 3 36
12315 76658 2 40
12318 76658 1 30
12319 76661 1 49
12320 76646 2 42
12320 76647 2 46
12320 76657 1 37
12321 76618 3 46
12322 76617 2 50
12322 76657 2 45
12323 80028 3 43
12324 76613 2 42
12324 76629 3 45
12324 76638 2 47
12326 76609 4 47
12327 76637 2 50
12329 76647 2 42
12330 76645 3 41
12331 76647 1 28
12331 76649 1 50
12331 76651 3 39
12334 76595 2 35
12334 76623 1 36
12337 75830 1 50
12338 76615 2 43
12342 76654 3 44
12351 76626 2 42
12352 76606 2 37
12353 76662 3 42
12355 76627 4 38
12356 76616 2 50
12357 76623 1 35
12357 76661 2 42
12361 76626 2 39
12363 76606 5 45
12369 75754 4 50
12372 76622 3 45
12386 75527 2 37
12391 75775 4 46
12395 75714 1 47
12402 75743 3 38
12403 75773 2 45
12414 75747 1 50
12414 75748 2 38
12415 75746 2 39
12416 75738 2 29
12416 75776 1 44
12419 75734 2 48
12419 76573 4 42
12421 75746 2 45
12421 76681 1 32
12424 75736 2 35
12424 75738 1 40
12424 75739 1 31
12427 75732 1 50
12427 75753 1 50
12427 75869 1 20
12429 75890 1 50
12430 75753 4 46
12430 75966 2 37
12437 75726 3 48
12441 75717 4 45
12443 75006 5 50
12445 75684 5 48
12446 75934 4 46
12448 75937 2 33
12452 75829 2 30
12454 75829 1 10
12454 75959 1 41
12459 75694 4 45
12459 75959 1 20
12474 75881 3 42
12486 75795 2 45
12506 75948 3 41
12512 75826 1 50
12514 75000 1 40
12521 78219 1 36
12566 78645 3 50
12587 78641 3 43
12592 80078 3 43
12595 78630 3 45
12595 78631 1 0
12606 80190 4 36
12618 80194 2 44
12618 80196 1 38
12618 80197 3 10
12619 80194 2 36
12619 80195 1 35
12619 80196 1 39
12626 80192 1 40
12639 80202 2 39
12644 80204 3 30
12649 80206 3 10
12663 75612 1 50
12669 75610 1 44
12687 79982 1 40
12713 77571 1 50
12727 77853 3 45
12735 80236 5 47
12736 77826 2 38
12736 80237 3 39
12738 80002 4 47
12745 80240 3 34
12747 77816 1 40
12764 80005 5 45
12786 80221 3 48
12795 77412 4 33
12797 80248 5 47
12814 74840 3 37
12815 80215 2 30
12822 77658 4 48
12824 77681 4 45
12825 80246 4 41
12828 79707 3 44
12831 77412 3 42
12831 80230 5 44
12838 77401 3 48
12839 77659 4 45
12845 77665 3 40
12855 77820 1 20
12864 74844 1 30
12864 74845 2 43
12865 74841 1 40
12867 74846 3 40
12868 74840 3 38
12871 74841 1 37
12873 74853 1 40
12874 74849 4 41
12875 74840 4 46
12875 77648 1 43
12877 74841 3 43
12879 77646 3 44
12880 77643 3 40
12882 74839 2 47
12888 77596 2 29
12890 77639 3 41
12890 80230 3 20
12899 80228 4 41
12900 77631 3 42
12902 77583 2 27
12903 80228 2 39
12905 74835 3 44
12905 77585 2 36
12907 79132 1 49
12910 74835 3 41
12911 77599 2 40
12914 77667 1 30
12915 77634 3 38
12915 79848 4 30
12916 77673 3 40
12919 77665 5 44
12921 77620 4 46
12923 79141 1 20
12924 77618 2 40
12924 79138 1 10
12925 77585 4 34
12926 77615 1 23
12926 77616 1 23
12926 77676 3 40
12927 77616 1 39
12928 77627 5 50
12929 77683 3 39
12930 77581 3 37
12931 79138 3 49
12932 79137 1 31
12933 77610 2 40
12933 77615 4 38
12934 77573 3 30
12934 77629 3 37
12935 74905 2 40
12935 77609 2 39
12935 77612 3 46
12935 77615 3 35
12935 77624 3 27
12935 79148 1 27
12936 77621 3 43
12937 77630 3 37
12941 80235 2 32
12942 77602 1 17
12948 77645 5 49
12948 77713 2 39
12948 80199 4 45
12949 77699 3 39
12951 77698 5 45
12955 77643 1 50
12955 77650 3 46
12956 77579 2 45
12956 77605 3 50
12956 77640 3 45
12956 77702 3 40
12956 80142 1 10
12957 77642 3 39
12957 77644 5 44
12957 77708 2 33
12957 77709 4 42
12958 77605 2 34
12959 77593 1 35
12960 77644 2 28
12960 80261 1 32
12961 80146 1 41
12964 77598 4 43
12964 77599 4 45
12964 77604 3 50
12964 80147 2 45
12965 77589 2 39
12965 80149 2 42
12966 77589 3 43
12966 77594 3 35
12966 77605 2 36
12966 77641 1 46
12966 77751 4 42
12966 80149 2 30
12967 77585 2 40
12967 77608 1 40
12969 77606 3 50
12969 77640 4 43
12969 80148 2 38
12970 77597 3 44
12970 77600 3 40
12970 77607 3 33
12970 77609 3 45
12970 77616 3 44
12971 77581 2 36
12971 77599 3 48
12971 77626 1 20
12972 77579 1 34
12972 77594 5 48
12972 77596 5 39
12972 77608 3 33
12972 77609 1 43
12972 77717 4 45
12973 77570 2 43
12973 77575 1 42
12973 77580 3 42
12973 77618 5 48
12974 77608 2 43
12974 77619 5 39
12975 77570 2 33
12975 77578 3 32
12975 77602 3 36
12975 77603 3 42
12975 77605 1 44
12975 77617 2 40
12976 77575 3 37
12976 77579 3 47
12976 77718 3 43
12976 80258 2 44
12977 77713 3 45
12977 77714 4 49
12978 77579 2 40
12978 77644 3 37
12978 77695 2 41
12979 77575 1 32
12979 77637 3 37
12980 77571 2 39
12980 77575 4 40
12982 77594 3 40
12982 77603 2 27
12984 77578 4 35
12984 77622 3 40
12985 77579 4 44
12986 77595 4 47
12987 80188 1 47
12988 77573 3 41
12989 75624 3 45
12989 77574 3 42
12989 77594 5 44
12989 80255 2 33
12989 80259 3 43
12990 77723 5 44
12990 80242 3 41
12990 80255 2 45
12991 77688 3 34
12994 76084 2 0
12995 74799 1 43
12995 76080 3 44
12998 77545 3 38
12999 78251 1 42
13001 76098 2 43
13003 76107 3 47
13005 77594 3 36
13006 77593 2 34
13007 76105 2 46
13007 80208 5 42
13010 80215 2 40
13011 80224 4 43
13014 77554 3 37
13014 77700 3 40
13016 77591 3 32
13020 77554 2 42
13020 77555 3 50
13020 80184 4 43
13023 77643 3 40
13024 77637 3 40
13024 80201 3 35
13026 77639 3 49
13026 80275 2 30
13027 77543 3 31
13028 76066 3 49
13031 77541 2 22
13032 80239 3 32
13033 80182 1 32
13034 80237 2 0
13035 80246 5 46
13036 77589 3 42
13036 80139 1 38
13036 80233 3 20
13036 80239 3 43
13038 80237 1 23
13038 80258 2 30
13039 80131 2 47
13039 80247 1 30
13040 80234 1 40
13040 80242 3 50
13040 80243 5 44
13040 80245 4 45
13042 80253 3 50
13043 80271 4 45
13045 80244 1 50
13045 80247 4 38
13045 80261 4 42
13046 80213 1 0
13046 80242 5 44
13046 80246 2 32
13046 80266 3 40
13048 80210 1 50
13050 80248 2 36
13050 80250 3 32
13052 80212 2 36
13052 80248 3 39
13053 80269 3 37
13054 80234 2 45
13054 80253 2 42
13055 80211 3 40
13057 80256 4 37
13058 77592 3 50
13058 80247 5 45
13058 80263 4 43
13060 80249 1 42
13062 77654 3 20
13063 80210 3 33
13063 80274 1 35
13064 80211 2 23
13065 80210 2 23
13065 80211 1 45
13065 80270 1 48
13066 80243 3 40
13066 80274 3 41
13067 80258 4 44
13067 80259 3 42
13069 80270 1 31
13071 80204 4 42
13072 77602 3 43
13076 80201 3 33
13076 80262 2 41
13078 80263 2 39
13080 80267 3 37
13081 80187 3 38
13083 80269 1 39
13085 80252 1 20
13085 80276 1 40
13088 74996 1 50
13092 80275 1 0
13104 77600 2 44
13134 77589 1 36
13144 77618 1 41
13162 75863 1 20
13163 75864 2 42
13163 77633 3 44
13216 79109 1 50
13235 75624 2 50
13274 75731 5 43
13293 75841 1 50
13311 75732 1 50
13312 75771 1 50
13315 75775 2 34
13317 75771 1 35
13320 75772 1 36
13322 75771 1 28
13326 75772 1 40
13327 75773 1 46
13330 75773 1 41
13337 77111 1 20
13341 74748 2 42
13342 74751 2 42
13342 77100 1 50
13343 74749 2 41
13343 74750 2 30
13348 74731 2 33
13348 74776 1 35
13350 74787 3 47
13353 74783 1 47
13354 75623 1 50
13360 74698 3 38
13370 75742 1 50
13377 75504 3 40
13539 75369 1 10
13585 79459 1 40
13592 75314 1 20
13599 79340 3 40
13613 79441 5 43
13623 79429 2 45
13624 79431 3 45
13625 79431 4 44
13626 79416 3 46
13626 79423 1 44
13626 79427 2 33
13626 79428 1 25
13626 79429 3 29
13626 79431 3 42
13627 79429 3 45
13628 79425 1 36
13629 79419 3 42
13629 79423 1 46
13629 79437 3 46
13630 79417 1 46
13630 79423 1 40
13630 79424 1 35
13630 79426 3 42
13631 79425 1 36
13631 79427 1 20
13632 79425 1 38
13632 79427 1 35
13635 79392 1 29
13639 79427 1 42
13643 79427 3 42
13648 79425 1 30
13652 79421 3 48
13654 79469 5 46
13739 79711 1 40
13745 79697 2 42
13746 79697 1 36
13749 79697 3 45
13929 75570 3 44
13942 74649 1 50
14093 74504 1 40
14102 74487 2 30
14150 77813 1 43
14166 77811 3 40
14218 76418 2 45
14286 80097 1 40
14442 79978 2 46
14444 79978 4 44
14446 79980 3 42
14470 75905 1 42
14542 74330 3 40
14548 74322 1 32
14554 74392 1 45
14812 74130 1 23
14915 79990 1 50
14991 74040 5 41
14994 74041 1 50
14997 74039 3 43
15003 74028 1 48
15006 74039 2 40
15007 74030 2 35
15008 74027 1 40
15009 74024 2 38
15010 74023 1 50
15013 74019 1 50
15090 76539 1 50
15148 76903 3 28
15148 76904 2 37
15158 73947 5 46
15175 76624 4 47
15197 73941 1 10
15217 73941 1 37
15220 73936 3 50
15223 73944 3 36
15226 73931 5 43
15230 73941 1 35
15234 73929 4 40
15236 73927 4 42
15238 73929 4 41
15251 73933 3 34
15252 74644 1 50
15257 73927 4 40
15259 73927 1 40
15262 74539 3 28
15263 76362 2 50
15265 73916 4 38
15266 73947 1 50
15266 74552 3 33
15271 73958 2 44
15273 73956 2 44
15273 73959 1 41
15273 76392 4 47
15274 73928 2 50
15274 76392 2 26
15275 73915 3 32
15276 76388 3 33
15277 73915 3 44
15277 73916 2 0
15277 73928 3 41
15278 73958 3 45
15279 73915 2 47
15281 73912 3 35
15281 76387 1 27
15281 76426 4 43
15283 76387 4 45
15284 73959 3 46
15284 76386 3 43
15291 73910 4 44
15293 73915 4 41
15294 73913 4 44
15296 73924 3 46
15302 73909 1 47
15306 73911 5 43
15320 73901 4 44
15321 73904 1 40
15322 74604 1 30
15327 73898 5 0
15334 76463 1 50
15336 76460 1 47
15350 75127 4 40
15353 76434 1 48
15356 76442 3 32
15362 75126 1 20
15364 75123 1 37
15365 73851 4 32
15369 73834 1 45
15370 73832 1 50
15371 73894 3 38
15381 75113 4 46
15397 73812 4 45
15397 73814 3 42
15398 73815 2 41
15400 74012 1 30
15415 73988 1 50
15427 75032 1 40
15447 75012 1 37
15451 73851 5 47
15454 73803 1 50
15456 73813 5 39
15456 75005 1 50
15457 73810 3 44
15458 73820 3 46
15462 73811 4 43
15463 73811 3 47
15475 73809 1 30
15484 73808 1 30
15486 73903 5 50
15487 73811 1 0
15488 73831 1 50
15493 73820 5 48
15494 73830 1 50
15494 73834 3 40
15494 80048 1 50
15495 73825 1 43
15495 73831 1 50
15496 73822 1 33
15498 73823 1 34
15498 73826 3 0
15499 73833 3 42
15499 73914 1 43
15502 73771 3 40
15503 73770 1 42
15504 73791 1 47
15507 73770 2 22
15508 73843 4 36
15509 73770 3 20
15509 73793 5 43
15511 73767 3 41
15511 73768 3 37
15511 80041 1 32
15512 73783 4 44
15513 73769 4 42
15513 73770 2 37
15514 73774 3 34
15515 73769 3 25
15516 73769 2 27
15518 73765 2 42
15518 73766 3 26
15520 73769 5 44
15523 73900 1 50
15525 73839 1 43
15527 73762 3 43
15527 73765 3 50
15528 73766 3 43
15529 73766 4 43
15530 73766 2 34
15531 73762 1 32
15532 73763 1 38
15533 73761 2 35
15533 73764 1 41
15534 73760 1 50
15534 73764 1 40
15535 73764 4 38
15535 73766 2 33
15538 73763 1 20
15539 73765 3 32
15540 73757 1 4
15541 73764 2 36
15541 73815 1 50
15542 73760 1 47
15543 73760 2 33
15543 73761 3 0
15543 73762 1 43
15543 73767 1 40
15543 73768 3 36
15544 73757 2 32
15544 73761 3 34
15544 73766 4 42
15544 73772 1 32
15545 73756 1 43
15545 73764 1 41
15545 73766 5 44
15545 73767 3 50
15546 73760 2 50
15546 73766 2 50
15546 73767 2 45
15546 73794 2 36
15547 73759 3 30
15547 73760 3 37
15547 73766 2 40
15548 73759 2 38
15549 73755 1 20
15549 73762 3 38
15549 73772 3 38
15550 73753 4 41
15551 73765 3 42
15551 73767 3 43
15552 73754 3 36
15554 73753 4 43
15554 73754 1 39
15555 73753 2 40
15555 73756 3 41
15556 73752 2 34
15556 73756 2 42
15557 73756 2 30
15558 73756 3 40
15560 73750 2 33
15561 73752 2 44
15561 73781 4 39
15563 73761 3 50
15565 73750 2 27
15566 73750 3 40
15567 73761 3 39
15569 73768 1 40
15570 73742 1 42
15571 73756 1 49
15571 73758 3 45
15571 73768 2 47
15572 73742 3 32
15573 73747 1 50
15574 73748 2 35
15575 73740 3 35
15578 73808 3 44
15582 73758 2 39
15583 73740 1 50
15583 73753 1 40
15584 73738 1 34
15587 73805 3 42
15597 73736 1 43
15598 73815 1 30
15599 73739 3 40
15599 73742 1 0
15599 73746 3 32
15599 73754 3 50
15600 73758 3 43
15602 73749 1 0
15604 73752 3 50
15614 73822 3 39
15619 73735 2 40
15619 73763 4 42
15622 73734 1 30
15629 73735 1 44
15639 73723 1 50
15650 73716 3 15
15661 73715 3 50
15663 73714 3 50
15669 73712 1 50
15670 73710 4 40
15828 78036 3 35
15833 78039 1 46
15834 78041 3 48
15849 73841 2 47
15863 74508 1 29
15916 75675 2 40
15924 75679 1 42
15935 75674 1 50
15937 75675 3 44
15965 74004 1 30
16009 73492 1 40
16043 73480 1 30
16055 73465 1 43
16056 73476 1 10
16263 73708 2 0
16295 80455 3 40
16296 80446 1 42
16441 81781 3 45
16488 81806 3 30
16496 80656 1 41
16497 80655 1 50
16500 80648 4 44
16502 80639 3 43
16502 80641 1 30
16511 80630 3 36
16516 80624 3 40
16691 74244 1 48
16701 74255 2 45
16702 74234 1 50
16703 74236 1 50
16703 74250 2 44
16704 74235 2 46
16704 74243 1 46
16705 74244 1 40
16705 74245 2 46
16706 74243 2 44
16706 74245 3 47
16707 74248 1 41
16707 74264 3 43
16709 74246 1 40
16710 74246 3 45
16792 74230 1 50
16807 74107 3 47
16827 75728 1 25
16957 82235 2 40
16990 73307 1 44
16994 73328 1 30
17005 81788 3 34
17009 81767 3 39
17010 81780 1 41
17120 73275 2 41
17142 73269 1 50
17148 73272 1 30
17149 73272 1 33
17150 73271 1 48
17151 73271 1 43
17151 78293 4 29
17165 73266 1 50
17181 73256 2 46
17242 78454 5 42
17251 78437 3 36
17254 78680 5 41
17258 78383 3 45
17259 78383 3 10
17259 78385 2 39
17265 78388 3 40
17266 78389 1 25
17306 78305 3 41
17318 76826 1 30
17322 76831 1 40
17329 76832 1 30
17338 78566 3 42
17344 78554 2 35
17345 78552 1 43
17363 78557 1 45
17364 74119 1 50
17367 78539 1 24
17375 78476 1 30
17377 78475 1 45
17381 78482 2 30
17385 78486 3 38
17387 78475 3 39
17388 78477 2 37
17389 78181 4 42
17389 78316 4 44
17389 78492 1 30
17389 78495 3 41
17390 78470 2 28
17390 78493 1 33
17391 78477 2 44
17392 78465 2 41
17392 78469 1 16
17392 78470 3 40
17397 78462 1 20
17397 78471 3 38
17399 78462 3 36
17400 78489 2 39
17402 78463 3 38
17403 78465 3 42
17403 78494 2 49
17404 78453 4 43
17404 78465 3 41
17404 78481 3 45
17405 78451 2 50
17405 78464 4 42
17406 78448 3 38
17406 78588 2 38
17407 78468 3 38
17407 78470 2 34
17409 78448 5 46
17410 78449 1 50
17411 78389 1 50
17412 78423 3 34
17413 78435 2 38
17415 78448 2 50
17415 78449 3 30
17415 78480 3 29
17416 78449 5 49
17417 78455 3 42
17420 78443 2 34
17420 78457 3 40
17421 78338 5 48
17422 78330 5 45
17422 78441 5 43
17423 78347 4 41
17423 78412 3 26
17423 78462 5 40
17424 78429 5 47
17424 78459 3 28
17424 78487 4 46
17425 78423 1 44
17425 78425 2 39
17428 78453 1 30
17430 78371 3 39
17430 78449 2 43
17432 78447 2 0
17433 78488 1 50
17436 78408 1 37
17436 78496 1 25
17437 78396 1 42
17437 78454 5 46
17438 78389 1 50
17438 78448 3 41
17438 78499 3 28
17440 78398 3 45
17440 78450 1 20
17441 78390 2 29
17441 78391 3 33
17441 78446 2 43
17441 78486 2 34
17441 78490 1 36
17441 78493 3 45
17441 78499 4 39
17441 78500 3 45
17442 78344 5 41
17442 78381 5 46
17442 78483 1 42
17442 78486 1 40
17442 78493 2 42
17443 78354 2 40
17443 78376 3 46
17443 78460 5 47
17444 78388 1 20
17444 78466 3 42
17444 78467 1 28
17444 78470 2 23
17445 78381 3 50
17445 78392 3 42
17446 78460 1 44
17447 78362 5 44
17447 78387 2 38
17448 78356 1 22
17449 78378 5 50
17450 78358 2 38
17450 78364 2 44
17450 78387 3 40
17452 78380 3 46
17453 78364 3 43
17453 78365 3 43
17454 78369 2 42
17458 78371 3 42
17458 78500 1 50
17460 78365 3 38
17463 78367 2 41
17469 78367 2 40
17472 78344 2 0
17472 78373 5 33
17476 78563 1 39
17481 78394 3 40
17483 73203 1 50
17492 78402 1 45
17493 78403 1 37
17494 78399 2 32
17495 78400 2 35
17507 78460 1 34
17522 73516 3 42
17528 73181 1 20
17533 73516 1 0
17545 78494 3 28
17572 78557 4 45
17604 78618 5 44
17640 78471 3 30
17654 75908 1 40
17657 75904 1 44
17659 75906 3 47
17666 80883 1 40
17667 75897 1 50
17669 80885 1 40
17672 75900 2 43
17675 75895 3 42
17677 75334 1 25
17685 83212 1 20
17686 83206 3 42
17687 74001 1 37
17687 74005 3 10
17706 83309 4 39
17709 83306 3 48
17709 83314 0 37
17710 83300 4 43
17712 83300 3 48
17712 83315 4 50
17713 83299 2 20
17714 83300 1 50
17715 83302 3 45
17715 83306 3 45
17715 83314 1 38
17717 83301 1 0
17720 83302 3 34
17720 83336 2 46
17723 83309 3 47
17726 83337 1 46
17728 83303 3 50
17729 83335 1 40
17732 83339 3 43
17733 83337 2 39
17738 73200 1 50
17739 73165 3 46
17739 83307 1 42
17739 83326 1 38
17742 83306 2 46
17759 73120 1 0
17761 83357 3 40
17780 73114 2 46
17917 73758 2 36
17917 73801 1 28
17917 73805 3 40
17917 73807 4 40
17918 73779 1 39
17919 73662 2 36
17921 73658 2 35
17921 73796 2 39
17923 73657 1 30
17923 73702 2 40
17923 73788 1 35
17923 73811 3 40
17924 73659 4 35
17925 73692 1 48
17925 73693 2 39
17926 73693 3 41
17926 73800 1 41
17927 73655 3 37
17928 73692 1 41
17928 73748 1 47
17932 73764 2 44
17932 73812 1 41
17983 83483 3 41
17988 79600 1 20
18111 83139 2 46
18166 72988 2 43
18246 73745 1 40
18331 72954 2 47
18333 72954 1 40
18339 73839 1 40
18395 74002 5 39
18397 74524 1 30
18402 76558 1 34
18408 73506 4 44
18414 76569 1 30
18431 72977 3 50
18431 79130 3 40
18459 73825 1 30
18480 73883 3 35
18486 73857 1 50
18497 73851 1 35
18503 73768 3 40
18504 73919 3 0
18517 73842 1 27
18517 73929 3 36
18519 73843 2 45
18519 73870 3 43
18520 73876 4 42
18521 73869 3 40
18522 73866 1 38
18522 73869 1 45
18523 73841 1 40
18523 73849 3 50
18524 73841 3 42
18527 73848 2 40
18527 73878 4 42
18530 73849 4 41
18530 73875 2 45
18531 73874 3 46
18531 73897 2 50
18531 73937 3 46
18532 73880 1 34
18533 73839 3 39
18533 73910 5 42
18535 73874 3 45
18536 73830 3 37
18537 73835 3 44
18538 73886 4 38
18540 73887 5 42
18541 73887 3 46
18542 73790 1 40
18543 73783 2 44
18543 73785 5 44
18546 73906 4 43
18546 73909 4 44
18546 73936 4 43
18547 73900 3 48
18549 73891 4 44
18550 73904 4 37
18551 73895 2 44
18554 73804 4 46
18559 73911 5 46
18559 73913 3 36
18560 73809 1 0
18561 73914 4 43
18561 73919 4 41
18562 73775 1 38
18565 73914 3 38
18566 72930 3 40
18571 73763 4 39
18574 73890 1 42
18574 73959 4 38
18583 73761 3 30
18584 73730 3 47
18590 73747 3 40
18592 73742 3 41
18594 73730 1 31
18597 73718 5 35
18600 73775 4 42
18602 73827 3 40
18603 73753 1 40
18606 73752 3 40
18611 72897 1 50
18614 72907 1 47
18620 73400 5 40
18625 73804 1 40
18627 73803 4 42
18627 73806 3 39
18631 73801 3 44
18639 72871 2 35
18639 72874 1 35
18641 73788 3 50
18642 73798 5 48
18643 72876 1 40
18648 73788 4 41
18651 72875 3 34
18654 73780 1 40
18657 72876 1 44
18666 73397 3 39
18720 72882 3 39
18728 72882 1 40
18731 72867 3 40
18744 73788 4 40
18747 73393 3 43
18748 73407 1 30
18753 73404 3 41
18753 73405 2 40
18753 73410 4 44
18755 73404 1 37
18760 73391 3 40
18762 73398 3 41
18763 73368 3 40
18765 72870 1 43
18770 73282 5 43
18770 73397 3 35
18774 73394 3 42
18879 73272 4 25
18880 73103 3 44
18908 73116 3 42
18914 72820 5 45
18914 72822 2 20
18915 72824 1 42
18917 72829 4 40
18919 72831 3 37
18932 72823 2 44
18932 72827 3 40
18933 72834 1 37
18938 72838 1 39
18942 72829 2 35
18943 72827 3 35
18945 72834 2 35
18946 72832 1 35
18946 72840 1 32
18947 72840 1 37
18955 72819 1 50
18959 72817 1 36
18961 72819 1 32
18961 72835 1 34
18963 72815 2 20
18964 72818 1 47
18967 72824 2 40
18969 72820 1 33
18982 73267 1 49
18985 73269 2 41
18985 73270 3 39
18986 72841 1 40
18986 73269 2 45
18987 73270 1 36
18993 73270 4 20
18994 72820 3 36
18998 73125 1 43
18998 73272 1 41
19009 73032 3 50
19012 72842 2 24
19016 72843 2 38
19016 73111 3 36
19017 72844 4 39
19017 73041 2 33
19031 72841 1 40
19037 72841 1 38
19045 72864 2 44
19045 72893 1 26
19050 72905 2 50
19056 72839 2 35
19060 72900 1 45
19063 73019 4 45
19066 72830 3 43
19066 73000 4 46
19067 72868 5 49
19067 73009 1 40
19069 72833 3 42
19070 73009 4 42
19071 72825 3 50
19075 72877 1 42
19076 72842 3 37
19077 72851 5 41
19077 72878 1 20
19077 73003 3 40
19079 73007 1 37
19080 73004 2 33
19081 73005 2 42
19081 74732 1 48
19083 82027 1 50
19084 72891 1 39
19085 73007 4 36
19089 72827 1 23
19091 72827 3 34
19091 72882 1 34
19092 72854 5 49
19095 72828 2 35
19095 72849 2 36
19095 72851 2 40
19096 72852 3 41
19096 72853 3 40
19096 72854 3 41
19096 72893 2 29
19097 72827 1 41
19097 72845 2 40
19097 72854 5 41
19098 72844 1 44
19098 72854 2 38
19098 72893 1 34
19100 72891 1 32
19101 72887 1 20
19101 72891 1 32
19102 72879 1 0
19102 72889 1 31
19103 72887 1 32
19104 72869 5 46
19105 72875 5 43
19106 72825 3 31
19107 72884 1 50
19108 72861 3 42
19108 72879 2 37
19109 72824 2 33
19109 72873 5 47
19109 72881 1 50
19110 72862 3 42
19110 72878 1 16
19111 72878 3 41
19111 72898 3 42
19114 72851 3 44
19114 73017 4 43
19115 72889 1 35
19116 72825 5 42
19117 72846 1 20
19117 72848 3 37
19117 72856 1 10
19117 72880 2 32
19117 72882 2 31
19117 72910 5 48
19118 72850 3 25
19118 72870 3 20
19118 72886 3 10
19119 72869 3 45
19120 72863 1 38
19120 72870 3 45
19120 72880 2 40
19120 72881 3 33
19121 72909 3 36
19123 72846 1 20
19124 72890 2 44
19124 77310 1 34
19128 72868 3 44
19134 72898 4 38
19136 72899 5 40
19139 72833 1 36
19148 77319 1 20
19155 77310 1 50
19163 72846 2 33
19163 72850 1 25
19164 77305 1 50
19169 73001 4 38
19172 72860 5 47
19173 72795 3 42
19175 72846 4 38
19177 72834 3 40
19182 72996 1 14
19183 72835 3 30
19195 72950 1 30
19207 72977 4 34
19209 72972 4 43
19215 72977 3 33
19222 72978 3 38
19225 73166 3 45
19251 73124 1 27
19258 84905 1 28
19266 73085 3 35
19275 72959 1 39
19276 72793 1 45
19280 72902 2 37
19281 73048 1 50
19286 72868 1 26
19313 84788 1 34
19721 77145 2 41
19748 74478 3 44
19755 74476 2 42
19757 74476 1 0
19757 74477 3 50
19759 74476 1 20
19760 74476 3 38
19763 74474 2 43
19763 74476 3 35
19764 74477 3 44
19764 74478 3 35
19765 74479 1 35
19766 74477 3 38
19766 74479 2 45
19767 74479 1 38
19767 74483 1 50
19767 74484 1 35
19768 74476 3 44
19768 74477 3 44
19768 74478 1 50
19768 74479 3 40
19768 74483 1 28
19769 74476 4 42
19769 74480 3 37
19769 74483 1 35
19769 74486 1 37
19770 74474 2 34
19770 74476 3 43
19770 74478 1 28
19770 74479 2 39
19771 74472 3 43
19771 74478 3 49
19771 74479 3 48
19772 74472 3 38
19772 74473 1 0
19772 74477 1 41
19773 74472 2 35
19773 74479 1 0
19775 74476 3 31
19782 74469 3 50
19783 74466 1 20
19783 74478 1 30
19786 85795 1 40
19788 85802 2 50
19790 85807 3 39
19793 85815 1 26
19794 85819 1 30
19796 85823 3 36
19798 85833 3 42
19799 85834 2 36
19802 85840 4 20
19802 85846 2 43
19804 85847 1 27
19810 85826 1 25
19810 85827 1 30
19810 85847 4 46
19852 75323 2 39
19861 75312 3 44
19871 75386 2 47
19872 75318 2 44
19872 75321 3 37
19872 75328 3 39
19873 75377 1 34
19874 75354 3 50
19874 75365 4 43
19875 75355 2 33
19876 75349 1 39
19876 75354 3 44
19877 75344 1 38
19877 75366 2 34
19879 75318 1 48
19879 75323 3 41
19879 75353 1 40
19880 75323 3 49
19884 75319 3 36
19887 86102 1 10
19892 75328 1 35
19902 75261 3 37
19907 75345 5 47
19933 73530 1 38
19936 73534 1 50
19950 73836 2 35
19950 73839 2 42
19951 73834 3 35
19952 73755 4 44
19953 73754 3 40
19953 73839 1 42
19957 73754 5 48
19957 73758 2 20
19961 73754 3 50
19990 73738 3 46
19990 73782 3 47
19990 73783 2 38
19991 73744 3 44
19991 73792 3 38
19996 73776 2 41
20001 73786 2 43
20003 73788 2 32
20004 73790 1 15
20005 73785 1 36
20112 77136 1 50
20128 73068 1 40
20230 73015 3 40
20242 74470 2 35
20248 85853 1 39
20252 85800 2 50
20259 85836 1 23
20260 85838 1 40
20261 85844 2 37
20263 85845 1 42
20264 85846 3 40
20265 85842 4 41
20267 86659 1 40
20268 85843 2 37
20269 85841 3 44
20270 72988 4 46
20270 73003 1 10
20276 73008 2 42
20277 85835 1 42
20282 85814 2 36
20283 72998 1 20
20286 85811 1 41
20288 85811 2 50
20291 85818 3 42
20292 85818 4 45
20294 85813 1 27
20295 85840 3 38
20296 85824 1 40
20296 85859 2 46
20303 85823 3 44
20305 85822 1 0
20308 85821 4 43
20310 85827 1 40
20313 72968 3 39
20316 85821 1 0
20331 85813 1 33
20363 72922 1 49
20374 72919 1 20
20375 72920 2 34
20389 78125 1 40
20391 72912 3 41
20397 72890 3 41
20412 72856 5 43
20417 72830 1 45
20417 72832 2 40
20436 72831 2 35
20445 72834 2 50
20448 72835 4 46
20455 72841 3 43
20458 85865 1 32
20462 85881 1 38
20463 85880 1 41
20464 85873 1 43
20526 73751 3 32
20609 72926 1 45
20611 72932 1 43
20704 70975 2 42
20706 70914 4 48
20707 70915 3 27
20707 83490 4 50
20715 70970 3 40
20716 70984 1 44
20717 70980 2 32
20719 70985 1 37
20744 78616 1 20
20844 85116 1 50
20844 85118 1 50
20895 70410 1 30
20895 70411 1 41
20895 70412 1 42
20924 77754 1 50
20928 79003 3 20
20935 77770 3 40
21042 79055 5 49
21084 79063 1 42
21088 79064 3 0
