6511 80620 3 33 30 33 32 35
8082 77551 3 38 36 39 38 35
8083 77549 3 0 48 48 0 0
8083 77550 2 45 45 47 45 33
8084 77549 2 38 33 47 38 33
8086 77538 1 39 40 48 39 30
8088 77549 1 39 42 33 39 20
8091 77549 1 40 40 50 40 40
8092 77548 2 33 30 35 33 27
8180 77431 1 40 32 35 40 38
8306 77085 3 36 39 39 36 35
8307 77082 4 43 42 41 42 39
8357 77013 1 30 30 40 30 30
8358 77018 4 46 44 47 42 44
8360 77015 2 41 36 39 41 30
8363 77007 5 50 49 50 50 49
8372 77003 3 50 45 48 50 23
8383 76981 3 41 40 41 41 34
8383 76982 2 45 27 30 30 20
8384 76982 3 30 30 40 30 25
8386 76977 1 46 45 36 46 31
8386 76978 3 32 32 32 33 29
8390 76975 3 28 10 20 28 20
8390 76976 3 41 39 38 43 34
8398 76974 3 30 26 25 30 26
8400 76978 3 43 43 47 43 37
8402 76973 5 42 41 40 41 33
8403 76973 3 0 50 50 50 0
8415 77039 3 37 38 39 38 35
8483 76911 4 45 45 47 45 41
8488 76950 1 37 34 36 37 36
8489 76940 2 45 45 50 45 20
8490 76949 1 37 38 38 37 42
8498 76946 4 42 39 41 42 38
8498 76947 1 38 36 40 38 32
8499 76950 5 48 47 38 48 41
8500 76949 4 41 35 38 39 39
8503 76953 1 50 40 40 50 50
8510 76949 3 50 50 40 50 30
8700 77727 3 46 46 35 46 32
8723 76714 3 43 43 43 43 43
8732 76706 3 41 41 42 41 21
8734 76707 5 46 45 48 46 42
8735 77710 1 48 47 15 48 12
8735 77711 3 48 48 47 48 34
8735 77712 1 42 40 38 42 5
8737 76704 1 37 40 47 37 37
8738 76702 3 48 44 48 48 44
8742 76700 2 20 20 40 20 0
8796 78157 3 44 41 44 44 21
8804 78138 1 44 45 42 44 26
8874 76592 5 45 42 36 45 33
8877 76595 4 35 36 34 35 25
8967 76629 3 33 35 40 35 32
9171 77534 1 50 50 0 50 0
9249 76416 3 38 32 39 38 33
9287 79319 1 44 37 41 44 30
9289 79319 1 40 38 40 39 32
9289 79320 1 46 42 29 46 17
9293 79325 3 41 41 34 41 32
9327 76685 1 50 50 50 50 50
9397 76391 3 33 29 31 33 32
9407 76559 2 0 20 35 10 0
9412 76410 1 0 30 30 20 0
9436 76374 2 39 36 37 38 30
9484 76383 2 40 40 40 40 40
9490 76323 2 35 32 22 35 23
9490 76330 3 30 30 30 30 30
9491 76319 3 40 39 42 40 36
9493 76349 1 20 20 30 20 30
9495 76360 5 36 37 39 34 32
9498 76338 3 45 45 0 45 0
9500 76345 3 36 29 29 36 35
9500 76347 3 43 37 37 42 39
9500 76348 4 36 39 48 36 42
9501 76316 1 35 30 35 35 35
9501 76339 1 41 39 39 43 27
9501 76342 3 39 28 34 38 37
9501 76352 5 46 46 29 46 27
9505 76340 2 25 20 29 25 22
9508 76339 1 20 20 20 20 27
9522 76356 3 44 36 38 44 40
9527 76355 1 40 42 43 42 40
9571 76518 3 30 32 38 30 30
9576 76422 3 41 41 43 41 44
9582 76518 1 34 30 34 34 24
9583 76422 3 35 33 34 35 27
9584 76424 2 50 50 50 50 50
9588 76521 3 39 37 39 37 32
9588 76536 5 46 48 48 46 38
9589 76425 5 46 46 46 46 46
9593 77139 1 30 30 30 30 30
9594 76424 3 47 46 48 46 45
9594 77137 1 20 20 20 20 20
9595 76430 2 42 36 42 42 36
9596 76302 5 49 44 49 49 47
9596 76428 2 28 26 30 31 26
9598 77170 5 50 43 48 46 40
9598 77171 1 45 37 37 40 25
9599 77171 1 48 45 48 48 44
9603 77166 3 44 42 45 43 41
9604 77171 0 8 38 17 8 33
9606 77166 1 30 20 20 30 20
9609 76433 1 31 28 28 31 28
9612 76431 5 48 49 48 45 41
9614 76499 2 42 40 38 40 39
9618 76372 4 46 43 45 45 41
9618 76427 4 43 41 46 42 39
9619 76426 2 48 42 43 46 42
9629 76378 4 45 45 47 45 42
9633 76418 4 47 47 47 47 44
9638 76379 1 50 50 50 50 50
9638 76427 3 42 42 45 42 25
9641 76379 3 46 47 48 46 42
9641 76419 1 50 40 40 50 40
9644 76547 4 42 41 42 42 38
9658 76337 1 20 30 30 20 40
9662 76409 3 0 40 50 30 0
9670 76935 3 45 48 49 46 30
9687 76897 1 47 43 43 47 33
9688 76420 1 50 40 40 50 50
9707 76895 3 50 47 48 50 50
9716 76892 4 50 50 36 50 35
9740 76337 5 47 48 46 47 43
9894 76713 3 50 50 50 50 50
9895 76725 4 42 40 38 42 12
9900 78070 3 47 43 47 47 47
9914 78112 1 41 38 41 42 30
9916 78105 3 47 38 47 47 42
9917 78112 3 42 40 41 40 41
9917 78113 2 37 33 34 37 26
9918 78112 1 30 25 26 29 26
9920 78148 2 40 43 47 40 40
9921 78112 2 46 42 42 43 44
9921 78119 1 40 43 48 40 40
9923 78139 2 32 33 31 33 35
9924 78114 1 20 20 30 20 35
9924 78138 2 34 32 35 34 39
9925 78117 3 44 41 41 44 43
9929 78095 3 38 39 39 35 40
9930 78130 3 44 43 42 44 22
9932 78148 3 45 44 47 45 44
9933 76318 5 49 47 50 49 47
9935 78142 3 44 43 46 44 38
9936 78141 3 42 39 39 42 35
9937 76272 1 44 41 31 43 28
9937 78132 3 46 46 47 46 44
9945 76293 3 24 22 24 24 22
9956 76291 3 39 37 40 39 37
9959 76269 5 47 44 46 45 40
9962 76317 4 45 40 40 42 35
9963 76242 1 42 38 40 40 50
9966 76241 1 39 33 40 38 34
9966 76242 3 44 42 32 44 28
9966 76253 3 50 50 50 50 40
9966 76287 2 39 37 39 39 31
9966 76290 2 34 32 35 34 28
9967 76242 1 48 44 46 44 28
9967 76244 2 50 30 50 50 30
9967 76287 3 39 34 39 39 32
9967 76292 3 23 23 27 23 23
9969 76286 1 45 40 25 45 20
9969 76289 3 47 47 37 47 37
9970 76321 4 47 45 47 47 44
9971 76324 2 28 30 29 29 30
9971 77044 3 35 35 38 34 30
9972 76282 1 32 25 10 32 20
9973 76280 1 45 40 35 45 20
9975 76282 3 41 39 41 41 37
9976 76285 3 30 25 30 30 30
9982 76282 4 42 39 35 42 32
9986 76332 2 0 35 40 45 0
9987 76230 4 41 41 44 41 37
9988 76300 4 41 46 47 41 43
9989 77069 3 45 44 42 45 42
9990 76281 1 40 41 44 40 36
9991 76284 1 20 13 17 20 0
9991 76287 3 41 42 48 41 35
9991 76289 3 35 30 35 35 0
9996 76294 1 20 20 30 20 20
9996 76572 1 35 40 35 35 0
10000 77061 3 50 50 40 50 32
10009 77107 3 48 49 46 48 32
10011 77076 3 43 40 39 44 36
10012 76293 2 40 40 40 40 40
10014 77479 3 47 47 46 47 25
10015 76364 4 40 39 41 39 40
10015 77048 2 30 22 30 30 12
10017 77162 3 47 42 47 47 34
10018 77015 2 45 40 36 43 34
10021 76307 1 46 41 46 46 28
10021 77054 5 50 40 40 50 0
10023 77041 3 50 50 50 50 50
10025 77050 2 40 30 40 40 30
10027 77044 3 44 40 41 44 40
10029 77039 1 50 50 50 50 50
10029 77040 3 38 31 33 33 36
10030 77047 3 45 42 45 45 40
10031 77047 3 34 34 35 35 24
10031 77161 3 36 34 37 36 34
10032 77037 4 48 48 41 48 24
10033 77041 3 45 40 40 43 37
10034 77045 4 41 40 42 41 41
10034 77047 3 27 23 40 27 17
10039 77004 1 30 27 37 30 30
10039 77029 4 48 46 36 47 15
10041 77038 3 44 41 43 43 41
10041 77174 1 48 45 48 48 48
10042 77039 4 47 44 46 47 31
10042 77178 3 41 38 39 40 37
10044 77047 1 50 20 20 50 30
10045 77215 3 26 22 29 25 26
10047 77036 3 41 35 40 41 35
10049 77056 4 46 42 45 46 38
10050 77077 1 20 20 20 20 20
10050 77191 1 43 38 41 43 32
10052 77065 3 43 38 38 40 38
10054 77066 5 50 50 50 50 20
10055 77071 3 48 43 45 47 26
10062 76990 3 40 35 39 38 33
10066 77107 1 45 44 32 45 25
10067 76986 3 45 39 41 45 43
10068 76615 1 50 50 50 50 20
10070 78769 1 30 30 30 30 0
10073 77064 3 48 38 41 40 42
10080 77061 3 44 40 42 43 33
10085 77058 1 30 29 28 32 14
10086 77061 3 45 40 43 43 40
10086 77065 3 46 42 46 42 39
10086 77073 1 50 40 50 50 40
10087 77069 1 36 32 38 36 15
10088 77059 3 34 33 36 32 32
10088 77062 2 31 25 28 31 32
10094 77050 1 37 28 37 35 22
10102 78176 3 40 50 50 40 40
10108 76706 1 50 50 50 50 50
10141 76173 4 50 50 0 50 0
10144 76177 4 50 50 50 50 40
10151 76367 3 45 43 43 45 39
10155 76353 5 45 45 47 45 39
10160 76390 1 10 20 35 10 0
10165 76396 3 44 42 40 43 38
10165 76402 1 35 35 40 35 30
10174 76588 4 50 50 50 50 50
10178 76418 3 42 43 49 42 14
10178 78777 1 50 50 50 50 50
10183 76380 3 35 40 50 35 0
10184 76381 4 43 45 43 41 44
10189 76386 3 43 42 40 43 36
10208 76204 3 33 37 33 33 33
10233 77493 2 48 43 45 47 36
10235 77481 3 50 48 50 50 22
10235 77488 5 47 47 48 46 44
10235 77492 1 20 26 25 28 20
10236 77494 2 40 36 37 38 20
10236 77496 3 46 41 43 42 34
10236 78783 3 40 35 45 40 35
10238 77489 2 36 35 37 36 33
10238 77495 2 40 40 37 40 31
10239 77495 3 41 42 48 41 33
10240 77495 2 34 34 42 34 42
10241 77488 2 42 38 42 40 39
10241 77494 1 38 32 44 38 34
10242 77486 3 48 45 44 48 23
10243 77493 2 45 41 36 45 23
10243 77495 3 43 38 40 37 37
10243 77498 1 41 37 35 39 21
10244 77498 1 30 25 30 30 20
10244 77499 2 40 30 30 40 5
10244 77503 2 36 32 37 38 20
10245 77487 3 47 44 46 47 30
10245 77493 4 49 48 49 48 48
10245 77496 4 45 43 46 45 43
10245 77531 3 40 36 38 39 34
10247 77484 2 44 41 41 42 42
10247 77496 2 40 35 40 40 40
10247 77502 2 36 32 33 33 28
10248 77489 3 44 37 39 39 42
10248 77490 3 30 30 40 30 30
10249 77499 3 44 40 44 44 39
10250 77498 2 44 35 40 41 35
10256 77485 3 40 41 40 40 26
10261 77491 3 41 36 41 41 34
10268 77490 4 41 38 38 39 34
10269 77488 3 43 42 43 42 35
10278 77164 1 33 32 35 34 18
10294 76434 4 39 35 41 39 31
10300 76607 1 30 10 30 30 30
10323 76358 1 47 43 47 47 30
10336 76363 3 30 10 30 30 0
10357 77981 1 30 40 40 30 20
10440 77524 1 45 43 44 45 25
10441 77524 1 47 50 50 47 47
10442 77518 1 42 40 41 42 40
10448 77522 2 45 43 45 45 44
10514 76213 5 45 42 44 43 43
10514 76216 3 40 39 42 39 32
10517 76207 3 43 40 41 43 29
10521 76212 1 30 40 40 30 20
10522 76212 4 46 43 36 46 37
10524 76210 3 20 20 40 20 20
10554 76215 1 40 50 0 40 0
10592 76037 3 46 41 41 45 42
10592 76043 3 44 42 44 44 31
10592 76044 3 41 37 39 38 32
10594 76036 1 10 46 29 10 22
10594 76044 3 46 44 44 43 31
10595 76035 3 48 48 50 48 40
10595 76040 3 45 45 50 45 50
10595 76043 1 50 40 50 50 40
10595 76048 1 40 40 50 40 30
10596 76038 1 13 13 20 13 0
10596 76042 1 44 42 44 44 36
10597 76039 3 46 41 46 46 26
10597 76043 2 45 39 42 43 37
10598 76039 1 45 43 47 45 28
10601 76035 2 46 45 44 46 29
10630 76921 4 40 42 48 40 41
10671 76000 3 40 40 40 40 30
10682 79845 1 35 29 32 32 21
10683 79842 1 42 42 43 42 36
10689 76658 1 42 28 38 42 25
10694 76867 4 20 20 30 20 0
10698 79833 1 43 47 50 43 40
10745 76291 4 50 50 50 50 0
10759 76276 4 30 30 40 30 35
10762 76654 1 48 40 42 48 28
10769 76654 1 46 40 48 46 20
10769 76655 1 40 40 40 40 40
10769 76656 3 43 42 43 43 19
10772 76656 1 46 44 48 46 46
10774 79138 4 45 48 42 45 20
10800 78681 3 46 44 43 43 28
10803 78685 2 35 35 45 35 15
10805 76190 1 37 20 37 37 27
10807 78681 3 36 39 38 36 36
10955 79390 1 43 43 43 43 27
10957 79380 1 35 40 45 35 0
10959 79378 1 41 39 42 41 28
10961 78064 3 35 35 35 35 45
10992 76960 1 40 33 47 40 40
10994 76963 2 38 36 38 38 35
10994 76967 3 40 35 38 38 34
10995 77018 1 50 50 50 50 50
10997 76968 1 42 38 40 42 25
10997 76969 3 38 38 35 38 20
10998 76969 1 38 35 33 35 26
11001 76006 1 37 40 40 37 33
11001 76966 1 42 37 37 41 40
11009 76965 1 45 40 50 45 35
11010 76960 3 41 40 43 41 35
11010 76966 3 46 43 41 45 39
11010 76980 4 46 45 45 45 42
11011 76954 2 31 25 34 31 25
11012 76966 3 45 44 37 45 33
11014 77013 1 35 30 45 35 30
11015 76964 3 44 41 45 44 39
11016 76967 1 42 40 45 42 23
11017 76962 2 49 48 47 49 30
11017 76965 1 50 47 50 50 13
11021 76966 1 46 46 44 46 28
11021 76988 1 50 40 50 50 0
11023 77021 3 40 33 27 40 0
11024 76963 1 0 36 32 36 0
11026 76994 1 50 50 50 50 40
11026 77018 3 43 41 40 43 34
11035 76927 1 34 31 34 34 4
11037 77037 3 50 45 45 50 43
11042 77044 3 37 37 40 37 33
11099 79652 3 40 38 45 40 35
11100 77372 3 38 36 41 38 22
11102 79649 1 48 48 50 46 43
11103 77363 3 30 35 40 30 50
11108 77344 3 38 32 32 38 31
11109 77341 1 40 34 38 40 28
11207 78182 1 50 40 50 50 50
11231 78165 1 46 45 42 46 34
11233 78878 1 50 50 50 50 0
11235 76384 1 50 50 50 50 50
11310 75765 3 40 34 36 33 35
11338 77714 3 46 46 46 46 26
11341 77717 1 48 48 44 48 16
11345 76799 1 34 33 36 34 28
11345 76801 5 48 46 47 47 39
11347 76793 1 50 50 50 50 50
11348 76793 2 20 30 30 27 20
11350 76811 1 50 50 50 50 50
11351 76785 3 43 40 38 41 26
11352 76835 1 50 47 47 47 0
11362 76805 1 20 40 40 20 20
11362 76807 1 50 50 0 50 0
11386 76717 3 39 35 38 39 33
11388 75718 3 32 37 35 32 29
11390 76718 1 43 38 41 40 35
11392 76708 2 30 40 0 30 0
11394 76699 2 33 31 38 34 27
11396 76701 3 42 40 41 41 39
11396 79698 1 20 25 20 20 13
11396 79699 1 37 36 37 37 34
11397 79699 2 42 39 43 42 37
11398 76694 1 50 50 50 50 40
11398 76721 1 20 20 20 20 20
11398 79695 2 31 24 32 31 34
11400 76676 2 14 31 28 14 25
11400 76699 1 40 39 37 40 17
11401 76700 2 50 25 22 27 0
11402 76713 1 50 30 40 50 50
11403 76678 2 42 37 40 40 30
11403 76714 2 50 45 47 50 16
11403 76722 2 45 39 41 44 30
11405 76708 1 27 28 27 27 9
11406 76684 2 43 37 40 43 38
11406 76715 1 27 28 32 28 23
11408 76707 1 30 30 40 30 0
11408 76713 2 30 28 29 29 23
11409 76709 1 20 20 20 20 20
11410 76699 4 37 35 40 34 24
11410 76708 1 35 32 32 35 25
11410 76709 1 50 50 50 50 0
11411 76708 1 20 20 50 20 20
11412 76693 1 42 32 35 42 22
11412 76719 2 40 38 41 40 36
11413 76696 4 49 44 42 46 42
11413 76697 2 34 30 30 34 20
11413 76699 1 30 28 16 30 15
11413 76705 2 40 41 37 41 22
11414 76718 2 38 37 34 38 19
11417 76703 3 45 42 41 42 30
11418 76699 2 47 47 50 47 47
11420 76699 3 37 35 32 36 23
11422 76834 2 40 35 35 40 35
11425 76706 3 38 34 36 36 36
11426 76849 1 50 50 50 50 40
11503 76174 1 50 40 40 50 30
11514 76032 3 38 32 38 38 28
11518 76044 4 46 43 43 43 43
11521 76024 1 41 40 40 40 37
11523 76171 1 44 40 48 44 39
11524 76143 2 50 43 50 50 0
11528 76212 1 46 41 43 44 38
11534 76651 1 33 30 37 33 20
11535 76022 4 47 43 38 47 22
11549 76040 1 50 50 50 50 50
11554 76134 4 43 39 43 43 39
11556 92729 1 50 50 50 50 50
11558 76042 5 44 44 45 44 23
11560 76112 1 30 10 10 30 20
11572 76642 1 40 33 37 40 30
11582 76089 3 48 42 45 45 43
11584 76199 1 0 25 25 30 0
11592 76048 1 50 50 50 50 50
11597 92620 3 45 43 39 45 37
11608 76080 1 48 44 49 48 19
11610 75986 4 50 50 50 50 50
11610 76159 1 40 40 40 40 40
11612 76072 1 40 20 20 40 40
11614 76203 3 50 50 50 50 17
11619 76082 2 40 40 40 40 0
11623 92726 1 42 37 44 42 43
11629 76087 3 42 37 40 38 38
11631 78127 1 33 23 27 33 27
11639 75982 3 40 35 35 40 35
11644 92746 4 44 38 41 39 44
11650 76333 2 37 36 34 36 23
11651 76249 1 37 43 50 37 27
11655 75967 4 44 43 46 44 27
11661 76161 1 50 50 50 50 50
11661 92729 1 43 37 0 43 0
11662 76110 1 50 50 50 50 45
11662 92734 0 36 36 42 36 38
11664 76262 3 41 37 41 42 28
11664 92735 4 40 32 40 35 32
11668 76632 1 41 33 35 41 38
11669 92742 3 41 39 43 41 29
11672 78142 1 28 24 28 28 24
11673 92733 2 42 37 37 43 40
11675 78136 3 50 50 50 50 47
11675 92739 4 48 48 36 48 34
11682 92723 1 50 40 50 50 50
11683 78125 4 47 46 45 47 32
11696 76641 4 48 48 50 47 45
11709 76095 2 45 40 46 44 30
11732 76146 3 50 50 50 50 50
11734 76142 1 50 42 42 42 48
11757 75479 3 40 33 13 40 17
11757 79763 1 49 46 46 49 18
11771 78212 2 38 36 40 38 26
11771 78217 1 38 33 38 37 32
11776 78222 2 43 38 43 43 37
11777 78209 3 45 45 45 45 20
11777 78219 3 38 34 39 39 31
11778 78198 3 47 47 47 45 45
11781 78198 1 45 35 40 45 35
11782 78213 3 43 40 40 43 38
11783 78213 2 35 35 40 35 5
11784 78213 3 40 36 39 39 36
11785 78211 2 46 41 46 46 41
11786 78203 2 41 40 42 38 37
11788 78210 2 44 38 38 42 32
11805 79798 4 43 42 43 42 37
11806 76063 1 50 50 50 50 50
11834 76088 1 35 25 45 35 25
11841 76054 1 41 41 44 41 35
11842 75957 3 50 50 50 50 50
11846 76063 3 42 43 47 42 42
11849 93013 3 34 32 41 34 33
11868 75365 4 50 50 50 50 50
11869 75357 1 50 43 33 50 17
11869 75401 4 40 41 43 40 19
11870 79816 5 43 44 45 43 33
11881 79820 4 44 42 44 44 45
11892 75335 1 40 30 40 40 0
11902 77122 2 50 50 50 50 40
11916 79809 3 45 46 47 45 45
11925 79828 3 45 44 42 45 28
11925 79833 1 10 30 30 10 10
11927 76266 5 50 49 50 49 50
11927 79834 2 34 31 37 32 24
11928 79832 3 47 41 45 43 35
11930 79825 2 25 20 25 25 20
11930 79833 5 48 44 47 47 40
11931 79814 2 39 34 37 35 23
11932 79805 1 20 25 30 28 18
11932 79815 1 39 36 39 39 26
11932 79818 3 42 42 44 42 40
11933 79824 2 39 40 42 40 38
11933 79835 5 46 43 42 43 38
11934 79830 0 32 26 28 31 21
11934 79832 2 23 26 34 30 7
11935 79825 1 20 20 20 20 20
11935 79836 3 42 36 43 42 32
11938 79824 2 42 36 39 41 33
11938 79832 1 30 30 40 30 40
11939 76270 2 50 45 40 48 47
11939 79831 2 38 33 37 38 32
11940 79813 3 46 45 44 45 37
11940 79826 2 44 40 42 42 40
11941 79832 2 36 34 37 35 18
11942 79828 4 44 44 42 44 32
11942 79829 3 43 41 43 43 42
11942 79830 3 44 43 45 43 32
11944 75384 1 50 50 50 50 50
11944 79831 3 0 30 35 25 0
11949 79813 1 30 10 30 30 30
11952 79829 3 41 37 39 40 25
11958 79823 1 0 33 38 35 0
11975 76311 4 46 43 39 46 36
11984 79845 1 43 41 37 44 32
11985 79847 1 20 20 20 20 20
11989 92954 3 38 31 36 38 30
11991 77140 1 45 45 25 45 0
11991 79782 3 46 46 48 46 45
11991 79822 1 48 40 50 48 42
12014 75995 2 25 30 30 25 30
12014 79860 2 39 36 38 37 27
12019 93008 1 30 40 45 30 0
12024 75920 2 40 10 40 40 30
12027 93000 4 36 34 33 37 32
12035 92987 3 34 29 31 34 29
12049 79875 4 40 40 36 39 26
12100 75230 1 40 30 30 40 30
12106 75206 1 50 50 50 50 50
12183 75832 4 47 43 46 43 38
12198 75803 1 48 44 50 48 46
12208 75735 4 43 42 46 43 43
12211 75696 2 30 10 10 30 30
12225 75649 5 48 47 50 48 46
12225 77036 1 50 50 50 50 0
12231 75654 2 50 50 50 50 40
12231 79027 1 50 45 0 50 45
12232 75641 4 40 34 38 40 36
12233 79067 3 50 50 42 50 17
12237 75920 2 43 40 32 43 21
12237 76606 2 33 32 30 36 33
12242 75818 2 23 23 27 23 30
12243 79072 3 44 39 42 44 45
12252 79069 3 43 43 33 43 30
12291 76670 1 50 46 50 50 48
12295 76639 2 46 32 37 40 38
12295 76654 2 39 34 40 39 35
12297 75826 4 48 45 44 42 40
12297 76656 3 45 43 48 45 44
12297 76665 5 47 47 49 47 45
12297 76700 1 36 31 37 33 29
12298 76692 4 38 36 39 37 35
12300 76301 5 47 43 37 47 35
12300 76640 1 43 35 41 43 35
12304 75096 4 50 50 50 50 0
12304 76665 1 35 34 37 35 15
12307 76645 3 44 39 39 41 39
12307 76667 3 42 39 42 42 28
12308 76657 2 42 38 36 41 33
12308 76658 2 39 40 41 38 36
12308 76659 2 37 36 38 36 39
12308 76729 3 40 42 46 40 40
12309 76656 2 40 32 34 40 42
12309 76659 2 17 20 23 17 18
12309 76662 4 46 45 44 45 21
12310 76657 1 37 37 34 37 11
12310 76658 1 30 30 30 30 30
12310 76659 3 46 44 35 45 36
12311 76643 4 45 40 44 43 41
12311 76644 3 40 35 34 37 39
12311 76648 2 41 40 42 41 34
12311 76657 2 37 33 40 37 28
12311 76659 2 36 34 37 36 31
12312 76640 4 44 44 45 44 43
12312 76642 2 40 40 40 40 40
12312 76645 2 30 30 40 30 30
12312 76652 1 15 14 13 15 15
12312 76653 1 47 46 37 47 7
12314 76656 1 20 20 20 20 20
12314 76658 2 20 20 20 20 20
12315 76650 2 38 31 36 38 25
12315 76656 3 36 40 42 36 29
12315 76658 2 40 38 42 41 30
12318 76658 1 30 30 50 30 10
12319 76661 1 49 40 49 49 41
12320 76646 2 42 42 49 42 35
12320 76647 2 46 44 39 45 34
12320 76657 1 37 34 39 37 30
12321 76618 3 46 46 45 46 4
12322 76617 2 50 44 46 36 50
12322 76657 2 45 41 45 45 23
12323 80028 3 43 37 26 43 22
12324 76613 2 42 43 36 42 37
12324 76629 3 45 44 37 45 18
12324 76638 2 47 40 43 47 47
12326 76609 4 47 46 47 47 44
12327 76637 2 50 50 50 50 40
12329 76647 2 42 39 38 42 40
12330 76645 3 41 40 44 41 30
12331 76647 1 28 28 28 28 15
12331 76649 1 50 35 45 50 30
12331 76651 3 39 41 39 39 32
12334 76595 2 35 40 40 37 37
12334 76623 1 36 36 46 36 7
12337 75830 1 50 50 50 50 50
12338 76615 2 43 42 37 43 37
12342 76654 3 44 43 27 44 23
12351 76626 2 42 38 44 42 44
12352 76606 2 37 39 43 37 33
12353 76662 3 42 42 44 42 29
12355 76627 4 38 39 43 36 36
12356 76616 2 50 50 50 50 50
12357 76623 1 35 35 42 35 32
12357 76661 2 42 39 43 43 19
12361 76626 2 39 38 44 39 38
12363 76606 5 45 44 46 45 42
12369 75754 4 50 50 50 50 50
12372 76622 3 45 45 20 45 0
12386 75527 2 37 30 37 37 24
12391 75775 4 46 42 44 43 30
12395 75714 1 47 37 47 47 37
12402 75743 3 38 35 40 38 36
12403 75773 2 45 39 41 44 39
12414 75747 1 50 45 45 50 25
12414 75748 2 38 37 35 36 32
12415 75746 2 39 34 36 39 40
12416 75738 2 29 29 31 31 28
12416 75776 1 44 40 48 44 40
12419 75734 2 48 46 47 48 41
12419 76573 4 42 39 41 41 34
12421 75746 2 45 43 44 45 32
12421 76681 1 32 30 29 32 32
12424 75736 2 35 28 30 32 19
12424 75738 1 40 50 50 40 40
12424 75739 1 31 38 37 38 23
12427 75732 1 50 50 50 50 40
12427 75753 1 50 40 50 50 30
12427 75869 1 20 20 25 20 25
12429 75890 1 50 50 50 50 50
12430 75753 4 46 42 47 46 38
12430 75966 2 37 34 44 37 18
12437 75726 3 48 48 50 48 50
12441 75717 4 45 44 46 43 43
12443 75006 5 50 50 50 50 50
12445 75684 5 48 47 49 48 44
12446 75934 4 46 45 48 45 41
12448 75937 2 33 31 34 33 20
12452 75829 2 30 30 27 29 22
12454 75829 1 10 10 10 10 10
12454 75959 1 41 39 43 40 39
12459 75694 4 45 43 46 43 45
12459 75959 1 20 26 26 30 20
12474 75881 3 42 40 39 42 39
12486 75795 2 45 35 48 45 40
12506 75948 3 41 41 41 41 39
12512 75826 1 50 30 50 50 50
12514 75000 1 40 40 50 40 30
12521 78219 1 36 32 29 36 25
12566 78645 3 50 50 50 50 50
12587 78641 3 43 43 44 43 40
12592 80078 3 43 40 45 43 41
12595 78630 3 45 43 44 45 29
12595 78631 1 0 50 30 40 0
12606 80190 4 36 37 40 34 32
12618 80194 2 44 41 42 44 26
12618 80196 1 38 34 35 38 23
12618 80197 3 10 37 27 12 28
12619 80194 2 36 35 39 36 24
12619 80195 1 35 32 38 35 25
12619 80196 1 39 27 27 39 21
12626 80192 1 40 35 30 42 40
12639 80202 2 39 36 35 38 36
12644 80204 3 30 27 28 30 28
12649 80206 3 10 47 42 10 29
12663 75612 1 50 48 50 50 40
12669 75610 1 44 43 46 44 33
12687 79982 1 40 40 50 40 40
12713 77571 1 50 50 50 50 50
12727 77853 3 45 35 45 45 0
12735 80236 5 47 47 37 47 13
12736 77826 2 38 43 42 38 45
12736 80237 3 39 37 37 39 38
12738 80002 4 47 45 47 47 40
12745 80240 3 34 29 33 32 33
12747 77816 1 40 30 30 40 40
12764 80005 5 45 46 38 45 28
12786 80221 3 48 45 39 48 34
12795 77412 4 33 33 39 33 37
12797 80248 5 47 47 32 47 29
12814 74840 3 37 37 43 37 40
12815 80215 2 30 22 26 28 17
12822 77658 4 48 50 46 48 50
12824 77681 4 45 46 44 46 29
12825 80246 4 41 38 41 40 37
12828 79707 3 44 40 42 43 42
12831 77412 3 42 40 48 42 45
12831 80230 5 44 36 46 44 38
12838 77401 3 48 46 48 47 44
12839 77659 4 45 44 46 45 33
12845 77665 3 40 39 43 38 34
12855 77820 1 20 20 0 20 0
12864 74844 1 30 30 40 30 40
12864 74845 2 43 41 43 43 35
12865 74841 1 40 30 10 40 0
12867 74846 3 40 38 40 38 40
12868 74840 3 38 36 40 38 32
12871 74841 1 37 33 39 38 26
12873 74853 1 40 39 44 40 17
12874 74849 4 41 40 43 41 42
12875 74840 4 46 45 47 45 46
12875 77648 1 43 44 46 43 34
12877 74841 3 43 41 43 43 42
12879 77646 3 44 43 43 44 32
12880 77643 3 40 40 40 45 40
12882 74839 2 47 47 46 47 27
12888 77596 2 29 27 26 29 11
12890 77639 3 41 41 43 41 39
12890 80230 3 20 20 20 20 20
12899 80228 4 41 43 47 43 40
12900 77631 3 42 40 45 42 32
12902 77583 2 27 29 23 27 13
12903 80228 2 39 29 34 37 24
12905 74835 3 44 42 43 44 33
12905 77585 2 36 34 35 38 35
12907 79132 1 49 44 34 46 31
12910 74835 3 41 37 40 40 35
12911 77599 2 40 39 41 41 31
12914 77667 1 30 30 30 30 40
12915 77634 3 38 35 38 38 32
12915 79848 4 30 40 40 30 30
12916 77673 3 40 41 40 39 31
12919 77665 5 44 46 50 44 39
12921 77620 4 46 45 47 46 39
12923 79141 1 20 20 20 20 0
12924 77618 2 40 30 40 40 30
12924 79138 1 10 10 10 10 10
12925 77585 4 34 36 38 34 28
12926 77615 1 23 23 27 23 23
12926 77616 1 23 30 33 23 20
12926 77676 3 40 40 40 40 40
12927 77616 1 39 38 33 39 16
12928 77627 5 50 50 50 50 40
12929 77683 3 39 39 41 39 34
12930 77581 3 37 34 32 36 24
12931 79138 3 49 46 47 48 32
12932 79137 1 31 30 36 31 24
12933 77610 2 40 40 40 40 0
12933 77615 4 38 34 42 37 41
12934 77573 3 30 25 30 30 25
12934 77629 3 37 39 38 38 26
12935 74905 2 40 40 50 40 45
12935 77609 2 39 33 34 37 20
12935 77612 3 46 44 34 46 32
12935 77615 3 35 36 39 35 24
12935 77624 3 27 31 37 27 27
12935 79148 1 27 28 24 27 5
12936 77621 3 43 42 38 43 32
12937 77630 3 37 33 33 37 28
12941 80235 2 32 30 34 34 25
12942 77602 1 17 22 29 29 17
12948 77645 5 49 49 45 49 40
12948 77713 2 39 37 28 39 23
12948 80199 4 45 46 38 45 16
12949 77699 3 39 41 43 39 6
12951 77698 5 45 45 42 45 47
12955 77643 1 50 50 50 50 45
12955 77650 3 46 46 45 46 37
12956 77579 2 45 36 36 46 40
12956 77605 3 50 45 50 50 25
12956 77640 3 45 44 42 45 17
12956 77702 3 40 41 45 41 25
12956 80142 1 10 30 25 30 30
12957 77642 3 39 38 40 39 33
12957 77644 5 44 43 45 44 43
12957 77708 2 33 29 26 31 17
12957 77709 4 42 44 42 42 26
12958 77605 2 34 36 35 36 40
12959 77593 1 35 33 34 36 21
12960 77644 2 28 36 37 39 25
12960 80261 1 32 28 29 31 30
12961 80146 1 41 36 37 41 27
12964 77598 4 43 45 44 43 27
12964 77599 4 45 42 41 43 24
12964 77604 3 50 40 40 50 40
12964 80147 2 45 42 43 45 25
12965 77589 2 39 36 36 39 26
12965 80149 2 42 39 43 42 37
12966 77589 3 43 41 43 42 37
12966 77594 3 35 32 34 35 35
12966 77605 2 36 32 32 36 32
12966 77641 1 46 44 38 46 28
12966 77751 4 42 41 43 41 41
12966 80149 2 30 24 29 32 40
12967 77585 2 40 35 36 40 22
12967 77608 1 40 34 35 37 39
12969 77606 3 50 50 50 50 0
12969 77640 4 43 40 45 43 37
12969 80148 2 38 34 40 38 21
12970 77597 3 44 44 46 44 26
12970 77600 3 40 41 44 40 41
12970 77607 3 33 39 43 39 32
12970 77609 3 45 44 43 45 16
12970 77616 3 44 42 48 44 34
12971 77581 2 36 33 39 38 21
12971 77599 3 48 40 46 40 45
12971 77626 1 20 40 40 20 40
12972 77579 1 34 32 32 34 17
12972 77594 5 48 45 48 48 35
12972 77596 5 39 42 42 39 22
12972 77608 3 33 29 31 33 26
12972 77609 1 43 41 41 43 38
12972 77717 4 45 41 43 44 39
12973 77570 2 43 41 42 43 28
12973 77575 1 42 40 41 40 35
12973 77580 3 42 41 39 42 34
12973 77618 5 48 49 47 47 42
12974 77608 2 43 40 45 43 38
12974 77619 5 39 34 38 39 35
12975 77570 2 33 25 27 31 28
12975 77578 3 32 35 36 36 38
12975 77602 3 36 37 38 37 31
12975 77603 3 42 36 42 42 42
12975 77605 1 44 32 38 43 32
12975 77617 2 40 40 38 40 32
12976 77575 3 37 36 42 38 35
12976 77579 3 47 43 48 47 48
12976 77718 3 43 36 39 41 36
12976 80258 2 44 36 40 40 41
12977 77713 3 45 44 44 44 43
12977 77714 4 49 44 45 47 45
12978 77579 2 40 38 39 40 27
12978 77644 3 37 37 34 37 23
12978 77695 2 41 37 46 41 39
12979 77575 1 32 28 32 32 32
12979 77637 3 37 38 40 35 30
12980 77571 2 39 39 43 40 30
12980 77575 4 40 40 40 40 41
12982 77594 3 40 38 40 40 36
12982 77603 2 27 24 25 27 17
12984 77578 4 35 34 37 36 32
12984 77622 3 40 35 35 40 35
12985 77579 4 44 42 44 44 38
12986 77595 4 47 46 41 47 37
12987 80188 1 47 46 9 47 8
12988 77573 3 41 40 39 41 29
12989 75624 3 45 42 44 45 27
12989 77574 3 42 40 42 43 25
12989 77594 5 44 43 40 44 28
12989 80255 2 33 29 35 33 26
12989 80259 3 43 39 45 43 39
12990 77723 5 44 43 42 44 30
12990 80242 3 41 38 42 40 31
12990 80255 2 45 42 48 45 29
12991 77688 3 34 31 34 34 27
12994 76084 2 0 46 20 0 34
12995 74799 1 43 40 50 43 40
12995 76080 3 44 42 44 44 44
12998 77545 3 38 34 38 38 29
12999 78251 1 42 38 40 42 38
13001 76098 2 43 42 42 43 27
13003 76107 3 47 43 35 45 32
13005 77594 3 36 35 34 36 20
13006 77593 2 34 26 26 30 27
13007 76105 2 46 45 48 46 33
13007 80208 5 42 42 42 42 37
13010 80215 2 40 26 31 31 25
13011 80224 4 43 41 36 42 32
13014 77554 3 37 39 38 38 29
13014 77700 3 40 42 46 40 33
13016 77591 3 32 36 37 37 36
13020 77554 2 42 36 38 38 40
13020 77555 3 50 50 50 50 20
13020 80184 4 43 43 47 43 41
13023 77643 3 40 20 40 40 40
13024 77637 3 40 40 40 40 40
13024 80201 3 35 30 25 35 30
13026 77639 3 49 46 49 49 49
13026 80275 2 30 21 26 30 23
13027 77543 3 31 26 29 31 27
13028 76066 3 49 47 40 46 36
13031 77541 2 22 23 25 24 19
13032 80239 3 32 31 31 34 31
13033 80182 1 32 33 38 32 32
13034 80237 2 0 30 20 10 0
13035 80246 5 46 46 41 46 38
13036 77589 3 42 40 39 38 36
13036 80139 1 38 34 36 38 28
13036 80233 3 20 20 25 20 25
13036 80239 3 43 38 42 42 40
13038 80237 1 23 20 25 22 23
13038 80258 2 30 36 31 40 22
13039 80131 2 47 47 43 47 47
13039 80247 1 30 40 40 30 20
13040 80234 1 40 33 34 36 28
13040 80242 3 50 50 50 50 50
13040 80243 5 44 43 44 43 42
13040 80245 4 45 44 44 44 44
13042 80253 3 50 50 38 50 0
13043 80271 4 45 42 44 43 43
13045 80244 1 50 50 50 50 50
13045 80247 4 38 36 39 38 34
13045 80261 4 42 42 40 41 39
13046 80213 1 0 40 10 10 0
13046 80242 5 44 42 45 43 39
13046 80246 2 32 30 38 33 23
13046 80266 3 40 38 40 40 30
13048 80210 1 50 50 50 50 50
13050 80248 2 36 28 30 35 28
13050 80250 3 32 29 38 32 25
13052 80212 2 36 34 30 36 17
13052 80248 3 39 38 38 39 23
13053 80269 3 37 36 36 39 37
13054 80234 2 45 43 39 45 38
13054 80253 2 42 33 29 40 29
13055 80211 3 40 41 42 39 38
13057 80256 4 37 40 47 37 0
13058 77592 3 50 50 50 50 50
13058 80247 5 45 44 47 44 30
13058 80263 4 43 42 46 43 38
13060 80249 1 42 35 38 42 38
13062 77654 3 20 20 40 20 30
13063 80210 3 33 34 31 34 30
13063 80274 1 35 36 38 36 36
13064 80211 2 23 23 23 23 0
13065 80210 2 23 23 0 23 0
13065 80211 1 45 40 45 45 45
13065 80270 1 48 46 45 48 15
13066 80243 3 40 30 38 40 40
13066 80274 3 41 42 41 41 31
13067 80258 4 44 42 41 43 26
13067 80259 3 42 42 40 41 34
13069 80270 1 31 30 31 35 24
13071 80204 4 42 43 42 42 37
13072 77602 3 43 43 41 43 12
13076 80201 3 33 32 32 32 36
13076 80262 2 41 40 40 41 33
13078 80263 2 39 36 37 38 28
13080 80267 3 37 35 35 36 23
13081 80187 3 38 38 42 38 40
13083 80269 1 39 36 36 38 22
13085 80252 1 20 20 20 20 20
13085 80276 1 40 37 38 41 25
13088 74996 1 50 50 40 50 0
13092 80275 1 0 40 40 30 0
13104 77600 2 44 38 32 42 31
13134 77589 1 36 34 34 36 34
13144 77618 1 41 39 38 41 30
13162 75863 1 20 20 0 20 0
13163 75864 2 42 40 41 42 29
13163 77633 3 44 43 40 44 23
13216 79109 1 50 50 50 50 0
13235 75624 2 50 50 25 50 0
13274 75731 5 43 45 47 43 43
13293 75841 1 50 20 30 50 40
13311 75732 1 50 50 50 50 50
13312 75771 1 50 35 45 50 50
13315 75775 2 34 31 31 33 26
13317 75771 1 35 36 33 35 19
13320 75772 1 36 33 41 36 36
13322 75771 1 28 25 30 28 10
13326 75772 1 40 35 39 39 25
13327 75773 1 46 43 38 46 28
13330 75773 1 41 39 43 41 29
13337 77111 1 20 20 30 20 0
13341 74748 2 42 40 41 42 42
13342 74751 2 42 39 41 42 22
13342 77100 1 50 45 50 50 40
