6511 80620 3
8082 77551 3
8083 77549 3
8083 77550 2
8084 77549 2
8086 77538 1
8088 77549 1
8091 77549 1
8092 77548 2
8180 77431 1
8306 77085 3
8307 77082 4
8357 77013 1
8358 77018 4
8360 77015 2
8363 77007 5
8372 77003 3
8383 76981 3
8383 76982 2
8384 76982 3
8386 76977 1
8386 76978 3
8390 76975 3
8390 76976 3
8398 76974 3
8400 76978 3
8402 76973 5
8403 76973 3
8415 77039 3
8483 76911 4
8488 76950 1
8489 76940 2
8490 76949 1
8498 76946 4
8498 76947 1
8499 76950 5
8500 76949 4
8503 76953 1
8510 76949 3
8700 77727 3
8723 76714 3
8732 76706 3
8734 76707 5
8735 77710 1
8735 77711 3
8735 77712 1
8737 76704 1
8738 76702 3
8742 76700 2
8796 78157 3
8804 78138 1
8874 76592 5
8877 76595 4
8967 76629 3
9171 77534 1
9249 76416 3
9287 79319 1
9289 79319 1
9289 79320 1
9293 79325 3
9327 76685 1
9397 76391 3
9407 76559 2
9412 76410 1
9436 76374 2
9484 76383 2
9490 76323 2
9490 76330 3
9491 76319 3
9493 76349 1
9495 76360 5
9498 76338 3
9500 76345 3
9500 76347 3
9500 76348 4
9501 76316 1
9501 76339 1
9501 76342 3
9501 76352 5
9505 76340 2
9508 76339 1
9522 76356 3
9527 76355 1
9571 76518 3
9576 76422 3
9582 76518 1
9583 76422 3
9584 76424 2
9588 76521 3
9588 76536 5
9589 76425 5
9593 77139 1
9594 76424 3
9594 77137 1
9595 76430 2
9596 76302 5
9596 76428 2
9598 77170 5
9598 77171 1
9599 77171 1
9603 77166 3
9604 77171 0
9606 77166 1
9609 76433 1
9612 76431 5
9614 76499 2
9618 76372 4
9618 76427 4
9619 76426 2
9629 76378 4
9633 76418 4
9638 76379 1
9638 76427 3
9641 76379 3
9641 76419 1
9644 76547 4
9658 76337 1
9662 76409 3
9670 76935 3
9687 76897 1
9688 76420 1
9707 76895 3
9716 76892 4
9740 76337 5
9894 76713 3
9895 76725 4
9900 78070 3
9914 78112 1
9916 78105 3
9917 78112 3
9917 78113 2
9918 78112 1
9920 78148 2
9921 78112 2
9921 78119 1
9923 78139 2
9924 78114 1
9924 78138 2
9925 78117 3
9929 78095 3
9930 78130 3
9932 78148 3
9933 76318 5
9935 78142 3
9936 78141 3
9937 76272 1
9937 78132 3
9945 76293 3
9956 76291 3
9959 76269 5
9962 76317 4
9963 76242 1
9966 76241 1
9966 76242 3
9966 76253 3
9966 76287 2
9966 76290 2
9967 76242 1
9967 76244 2
9967 76287 3
9967 76292 3
9969 76286 1
9969 76289 3
9970 76321 4
9971 76324 2
9971 77044 3
9972 76282 1
9973 76280 1
9975 76282 3
9976 76285 3
9982 76282 4
9986 76332 2
9987 76230 4
9988 76300 4
9989 77069 3
9990 76281 1
9991 76284 1
9991 76287 3
9991 76289 3
9996 76294 1
9996 76572 1
10000 77061 3
10009 77107 3
10011 77076 3
10012 76293 2
10014 77479 3
10015 76364 4
10015 77048 2
10017 77162 3
10018 77015 2
10021 76307 1
10021 77054 5
10023 77041 3
10025 77050 2
10027 77044 3
10029 77039 1
10029 77040 3
10030 77047 3
10031 77047 3
10031 77161 3
10032 77037 4
10033 77041 3
10034 77045 4
10034 77047 3
10039 77004 1
10039 77029 4
10041 77038 3
10041 77174 1
10042 77039 4
10042 77178 3
10044 77047 1
10045 77215 3
10047 77036 3
10049 77056 4
10050 77077 1
10050 77191 1
10052 77065 3
10054 77066 5
10055 77071 3
10062 76990 3
10066 77107 1
10067 76986 3
10068 76615 1
10070 78769 1
10073 77064 3
10080 77061 3
10085 77058 1
10086 77061 3
10086 77065 3
10086 77073 1
10087 77069 1
10088 77059 3
10088 77062 2
10094 77050 1
10102 78176 3
10108 76706 1
10141 76173 4
10144 76177 4
10151 76367 3
10155 76353 5
10160 76390 1
10165 76396 3
10165 76402 1
10174 76588 4
10178 76418 3
10178 78777 1
10183 76380 3
10184 76381 4
10189 76386 3
10208 76204 3
10233 77493 2
10235 77481 3
10235 77488 5
10235 77492 1
10236 77494 2
10236 77496 3
10236 78783 3
10238 77489 2
10238 77495 2
10239 77495 3
10240 77495 2
10241 77488 2
10241 77494 1
10242 77486 3
10243 77493 2
10243 77495 3
10243 77498 1
10244 77498 1
10244 77499 2
10244 77503 2
10245 77487 3
10245 77493 4
10245 77496 4
10245 77531 3
10247 77484 2
10247 77496 2
10247 77502 2
10248 77489 3
10248 77490 3
10249 77499 3
10250 77498 2
10256 77485 3
10261 77491 3
10268 77490 4
10269 77488 3
10278 77164 1
10294 76434 4
10300 76607 1
10323 76358 1
10336 76363 3
10357 77981 1
10440 77524 1
10441 77524 1
10442 77518 1
10448 77522 2
10514 76213 5
10514 76216 3
10517 76207 3
10521 76212 1
10522 76212 4
10524 76210 3
10554 76215 1
10592 76037 3
10592 76043 3
10592 76044 3
10594 76036 1
10594 76044 3
10595 76035 3
10595 76040 3
10595 76043 1
10595 76048 1
10596 76038 1
10596 76042 1
10597 76039 3
10597 76043 2
10598 76039 1
10601 76035 2
10630 76921 4
10671 76000 3
10682 79845 1
10683 79842 1
10689 76658 1
10694 76867 4
10698 79833 1
10745 76291 4
10759 76276 4
10762 76654 1
10769 76654 1
10769 76655 1
10769 76656 3
10772 76656 1
10774 79138 4
10800 78681 3
10803 78685 2
10805 76190 1
10807 78681 3
10955 79390 1
10957 79380 1
10959 79378 1
10961 78064 3
10992 76960 1
10994 76963 2
10994 76967 3
10995 77018 1
10997 76968 1
10997 76969 3
10998 76969 1
11001 76006 1
11001 76966 1
11009 76965 1
11010 76960 3
11010 76966 3
11010 76980 4
11011 76954 2
11012 76966 3
11014 77013 1
11015 76964 3
11016 76967 1
11017 76962 2
11017 76965 1
11021 76966 1
11021 76988 1
11023 77021 3
11024 76963 1
11026 76994 1
11026 77018 3
11035 76927 1
11037 77037 3
11042 77044 3
11099 79652 3
11100 77372 3
11102 79649 1
11103 77363 3
11108 77344 3
11109 77341 1
11207 78182 1
11231 78165 1
11233 78878 1
11235 76384 1
11310 75765 3
11338 77714 3
11341 77717 1
11345 76799 1
11345 76801 5
11347 76793 1
11348 76793 2
11350 76811 1
11351 76785 3
11352 76835 1
11362 76805 1
11362 76807 1
11386 76717 3
11388 75718 3
11390 76718 1
11392 76708 2
11394 76699 2
11396 76701 3
11396 79698 1
11396 79699 1
11397 79699 2
11398 76694 1
11398 76721 1
11398 79695 2
11400 76676 2
11400 76699 1
11401 76700 2
11402 76713 1
11403 76678 2
11403 76714 2
11403 76722 2
11405 76708 1
11406 76684 2
11406 76715 1
11408 76707 1
11408 76713 2
11409 76709 1
11410 76699 4
11410 76708 1
11410 76709 1
11411 76708 1
11412 76693 1
11412 76719 2
11413 76696 4
11413 76697 2
11413 76699 1
11413 76705 2
11414 76718 2
11417 76703 3
11418 76699 2
11420 76699 3
11422 76834 2
11425 76706 3
11426 76849 1
11503 76174 1
11514 76032 3
11518 76044 4
11521 76024 1
11523 76171 1
11524 76143 2
11528 76212 1
11534 76651 1
11535 76022 4
11549 76040 1
11554 76134 4
11556 92729 1
11558 76042 5
11560 76112 1
11572 76642 1
11582 76089 3
11584 76199 1
11592 76048 1
11597 92620 3
11608 76080 1
11610 75986 4
11610 76159 1
11612 76072 1
11614 76203 3
11619 76082 2
11623 92726 1
11629 76087 3
11631 78127 1
11639 75982 3
11644 92746 4
11650 76333 2
11651 76249 1
11655 75967 4
11661 76161 1
11661 92729 1
11662 76110 1
11662 92734 0
11664 76262 3
11664 92735 4
11668 76632 1
11669 92742 3
11672 78142 1
11673 92733 2
11675 78136 3
11675 92739 4
11682 92723 1
11683 78125 4
11696 76641 4
11709 76095 2
11732 76146 3
11734 76142 1
11757 75479 3
11757 79763 1
11771 78212 2
11771 78217 1
11776 78222 2
11777 78209 3
11777 78219 3
11778 78198 3
11781 78198 1
11782 78213 3
11783 78213 2
11784 78213 3
11785 78211 2
11786 78203 2
11788 78210 2
11805 79798 4
11806 76063 1
11834 76088 1
11841 76054 1
11842 75957 3
11846 76063 3
11849 93013 3
11868 75365 4
11869 75357 1
11869 75401 4
11870 79816 5
11881 79820 4
11892 75335 1
11902 77122 2
11916 79809 3
11925 79828 3
11925 79833 1
11927 76266 5
11927 79834 2
11928 79832 3
11930 79825 2
11930 79833 5
11931 79814 2
11932 79805 1
11932 79815 1
11932 79818 3
11933 79824 2
11933 79835 5
11934 79830 0
11934 79832 2
11935 79825 1
11935 79836 3
11938 79824 2
11938 79832 1
11939 76270 2
11939 79831 2
11940 79813 3
11940 79826 2
11941 79832 2
11942 79828 4
11942 79829 3
11942 79830 3
11944 75384 1
11944 79831 3
11949 79813 1
11952 79829 3
11958 79823 1
11975 76311 4
11984 79845 1
11985 79847 1
11989 92954 3
11991 77140 1
11991 79782 3
11991 79822 1
12014 75995 2
12014 79860 2
12019 93008 1
12024 75920 2
12027 93000 4
12035 92987 3
12049 79875 4
12100 75230 1
12106 75206 1
12183 75832 4
12198 75803 1
12208 75735 4
12211 75696 2
12225 75649 5
12225 77036 1
12231 75654 2
12231 79027 1
12232 75641 4
12233 79067 3
12237 75920 2
12237 76606 2
12242 75818 2
12243 79072 3
12252 79069 3
12291 76670 1
12295 76639 2
12295 76654 2
12297 75826 4
12297 76656 3
12297 76665 5
12297 76700 1
12298 76692 4
12300 76301 5
12300 76640 1
12304 75096 4
12304 76665 1
12307 76645 3
12307 76667 3
12308 76657 2
12308 76658 2
12308 76659 2
12308 76729 3
12309 76656 2
12309 76659 2
12309 76662 4
12310 76657 1
12310 76658 1
12310 76659 3
12311 76643 4
12311 76644 3
12311 76648 2
12311 76657 2
12311 76659 2
12312 76640 4
12312 76642 2
12312 76645 2
12312 76652 1
12312 76653 1
12314 76656 1
12314 76658 2
12315 76650 2
12315 76656 3
12315 76658 2
12318 76658 1
12319 76661 1
12320 76646 2
12320 76647 2
12320 76657 1
12321 76618 3
12322 76617 2
12322 76657 2
12323 80028 3
12324 76613 2
12324 76629 3
12324 76638 2
12326 76609 4
12327 76637 2
12329 76647 2
12330 76645 3
12331 76647 1
12331 76649 1
12331 76651 3
12334 76595 2
12334 76623 1
12337 75830 1
12338 76615 2
12342 76654 3
12351 76626 2
12352 76606 2
12353 76662 3
12355 76627 4
12356 76616 2
12357 76623 1
12357 76661 2
12361 76626 2
12363 76606 5
12369 75754 4
12372 76622 3
12386 75527 2
12391 75775 4
12395 75714 1
12402 75743 3
12403 75773 2
12414 75747 1
12414 75748 2
12415 75746 2
12416 75738 2
12416 75776 1
12419 75734 2
12419 76573 4
12421 75746 2
12421 76681 1
12424 75736 2
12424 75738 1
12424 75739 1
12427 75732 1
12427 75753 1
12427 75869 1
12429 75890 1
12430 75753 4
12430 75966 2
12437 75726 3
12441 75717 4
12443 75006 5
12445 75684 5
12446 75934 4
12448 75937 2
12452 75829 2
12454 75829 1
12454 75959 1
12459 75694 4
12459 75959 1
12474 75881 3
12486 75795 2
12506 75948 3
12512 75826 1
12514 75000 1
12521 78219 1
12566 78645 3
12587 78641 3
12592 80078 3
12595 78630 3
12595 78631 1
12606 80190 4
12618 80194 2
12618 80196 1
12618 80197 3
12619 80194 2
12619 80195 1
12619 80196 1
12626 80192 1
12639 80202 2
12644 80204 3
12649 80206 3
12663 75612 1
12669 75610 1
12687 79982 1
12713 77571 1
12727 77853 3
12735 80236 5
12736 77826 2
12736 80237 3
12738 80002 4
12745 80240 3
12747 77816 1
12764 80005 5
12786 80221 3
12795 77412 4
12797 80248 5
12814 74840 3
12815 80215 2
12822 77658 4
12824 77681 4
12825 80246 4
12828 79707 3
12831 77412 3
12831 80230 5
12838 77401 3
12839 77659 4
12845 77665 3
12855 77820 1
12864 74844 1
12864 74845 2
12865 74841 1
12867 74846 3
12868 74840 3
12871 74841 1
12873 74853 1
12874 74849 4
12875 74840 4
12875 77648 1
12877 74841 3
12879 77646 3
12880 77643 3
12882 74839 2
12888 77596 2
12890 77639 3
12890 80230 3
12899 80228 4
12900 77631 3
12902 77583 2
12903 80228 2
12905 74835 3
12905 77585 2
12907 79132 1
12910 74835 3
12911 77599 2
12914 77667 1
12915 77634 3
12915 79848 4
12916 77673 3
12919 77665 5
12921 77620 4
12923 79141 1
12924 77618 2
12924 79138 1
12925 77585 4
12926 77615 1
12926 77616 1
12926 77676 3
12927 77616 1
12928 77627 5
12929 77683 3
12930 77581 3
12931 79138 3
12932 79137 1
12933 77610 2
12933 77615 4
12934 77573 3
12934 77629 3
12935 74905 2
12935 77609 2
12935 77612 3
12935 77615 3
12935 77624 3
12935 79148 1
12936 77621 3
12937 77630 3
12941 80235 2
12942 77602 1
12948 77645 5
12948 77713 2
12948 80199 4
12949 77699 3
12951 77698 5
12955 77643 1
12955 77650 3
12956 77579 2
12956 77605 3
12956 77640 3
12956 77702 3
12956 80142 1
12957 77642 3
12957 77644 5
12957 77708 2
12957 77709 4
12958 77605 2
12959 77593 1
12960 77644 2
12960 80261 1
12961 80146 1
12964 77598 4
12964 77599 4
12964 77604 3
12964 80147 2
12965 77589 2
12965 80149 2
12966 77589 3
12966 77594 3
12966 77605 2
12966 77641 1
12966 77751 4
12966 80149 2
12967 77585 2
12967 77608 1
12969 77606 3
12969 77640 4
12969 80148 2
12970 77597 3
12970 77600 3
12970 77607 3
12970 77609 3
12970 77616 3
12971 77581 2
12971 77599 3
12971 77626 1
12972 77579 1
12972 77594 5
12972 77596 5
12972 77608 3
12972 77609 1
12972 77717 4
12973 77570 2
12973 77575 1
12973 77580 3
12973 77618 5
12974 77608 2
12974 77619 5
12975 77570 2
12975 77578 3
12975 77602 3
12975 77603 3
12975 77605 1
12975 77617 2
12976 77575 3
12976 77579 3
12976 77718 3
12976 80258 2
12977 77713 3
12977 77714 4
12978 77579 2
12978 77644 3
12978 77695 2
12979 77575 1
12979 77637 3
12980 77571 2
12980 77575 4
12982 77594 3
12982 77603 2
12984 77578 4
12984 77622 3
12985 77579 4
12986 77595 4
12987 80188 1
12988 77573 3
12989 75624 3
12989 77574 3
12989 77594 5
12989 80255 2
12989 80259 3
12990 77723 5
12990 80242 3
12990 80255 2
12991 77688 3
12994 76084 2
12995 74799 1
12995 76080 3
12998 77545 3
12999 78251 1
13001 76098 2
13003 76107 3
13005 77594 3
13006 77593 2
13007 76105 2
13007 80208 5
13010 80215 2
13011 80224 4
13014 77554 3
13014 77700 3
13016 77591 3
13020 77554 2
13020 77555 3
13020 80184 4
13023 77643 3
13024 77637 3
13024 80201 3
13026 77639 3
13026 80275 2
13027 77543 3
13028 76066 3
13031 77541 2
13032 80239 3
13033 80182 1
13034 80237 2
13035 80246 5
13036 77589 3
13036 80139 1
13036 80233 3
13036 80239 3
13038 80237 1
13038 80258 2
13039 80131 2
13039 80247 1
13040 80234 1
13040 80242 3
13040 80243 5
13040 80245 4
13042 80253 3
13043 80271 4
13045 80244 1
13045 80247 4
13045 80261 4
13046 80213 1
13046 80242 5
13046 80246 2
13046 80266 3
13048 80210 1
13050 80248 2
13050 80250 3
13052 80212 2
13052 80248 3
13053 80269 3
13054 80234 2
13054 80253 2
13055 80211 3
13057 80256 4
13058 77592 3
13058 80247 5
13058 80263 4
13060 80249 1
13062 77654 3
13063 80210 3
13063 80274 1
13064 80211 2
13065 80210 2
13065 80211 1
13065 80270 1
13066 80243 3
13066 80274 3
13067 80258 4
13067 80259 3
13069 80270 1
13071 80204 4
13072 77602 3
13076 80201 3
13076 80262 2
13078 80263 2
13080 80267 3
13081 80187 3
13083 80269 1
13085 80252 1
13085 80276 1
13088 74996 1
13092 80275 1
13104 77600 2
13134 77589 1
13144 77618 1
13162 75863 1
13163 75864 2
13163 77633 3
13216 79109 1
13235 75624 2
13274 75731 5
13293 75841 1
13311 75732 1
13312 75771 1
13315 75775 2
13317 75771 1
13320 75772 1
13322 75771 1
13326 75772 1
13327 75773 1
13330 75773 1
13337 77111 1
13341 74748 2
13342 74751 2
13342 77100 1
