6511 80620 3 33
8082 77551 3 38
8083 77549 3 0
8083 77550 2 45
8084 77549 2 38
8086 77538 1 39
8088 77549 1 39
8091 77549 1 40
8092 77548 2 33
8180 77431 1 40
8306 77085 3 36
8307 77082 4 43
8357 77013 1 30
8358 77018 4 46
8360 77015 2 41
8363 77007 5 50
8372 77003 3 50
8383 76981 3 41
8383 76982 2 45
8384 76982 3 30
8386 76977 1 46
8386 76978 3 32
8390 76975 3 28
8390 76976 3 41
8398 76974 3 30
8400 76978 3 43
8402 76973 5 42
8403 76973 3 0
8415 77039 3 37
8483 76911 4 45
8488 76950 1 37
8489 76940 2 45
8490 76949 1 37
8498 76946 4 42
8498 76947 1 38
8499 76950 5 48
8500 76949 4 41
8503 76953 1 50
8510 76949 3 50
8700 77727 3 46
8723 76714 3 43
8732 76706 3 41
8734 76707 5 46
8735 77710 1 48
8735 77711 3 48
8735 77712 1 42
8737 76704 1 37
8738 76702 3 48
8742 76700 2 20
8796 78157 3 44
8804 78138 1 44
8874 76592 5 45
8877 76595 4 35
8967 76629 3 33
9171 77534 1 50
9249 76416 3 38
9287 79319 1 44
9289 79319 1 40
9289 79320 1 46
9293 79325 3 41
9327 76685 1 50
9397 76391 3 33
9407 76559 2 0
9412 76410 1 0
9436 76374 2 39
9484 76383 2 40
9490 76323 2 35
9490 76330 3 30
9491 76319 3 40
9493 76349 1 20
9495 76360 5 36
9498 76338 3 45
9500 76345 3 36
9500 76347 3 43
9500 76348 4 36
9501 76316 1 35
9501 76339 1 41
9501 76342 3 39
9501 76352 5 46
9505 76340 2 25
9508 76339 1 20
9522 76356 3 44
9527 76355 1 40
9571 76518 3 30
9576 76422 3 41
9582 76518 1 34
9583 76422 3 35
9584 76424 2 50
9588 76521 3 39
9588 76536 5 46
9589 76425 5 46
9593 77139 1 30
9594 76424 3 47
9594 77137 1 20
9595 76430 2 42
9596 76302 5 49
9596 76428 2 28
9598 77170 5 50
9598 77171 1 45
9599 77171 1 48
9603 77166 3 44
9604 77171 0 8
9606 77166 1 30
9609 76433 1 31
9612 76431 5 48
9614 76499 2 42
9618 76372 4 46
9618 76427 4 43
9619 76426 2 48
9629 76378 4 45
9633 76418 4 47
9638 76379 1 50
9638 76427 3 42
9641 76379 3 46
9641 76419 1 50
9644 76547 4 42
9658 76337 1 20
9662 76409 3 0
9670 76935 3 45
9687 76897 1 47
9688 76420 1 50
9707 76895 3 50
9716 76892 4 50
9740 76337 5 47
9894 76713 3 50
9895 76725 4 42
9900 78070 3 47
9914 78112 1 41
9916 78105 3 47
9917 78112 3 42
9917 78113 2 37
9918 78112 1 30
9920 78148 2 40
9921 78112 2 46
9921 78119 1 40
9923 78139 2 32
9924 78114 1 20
9924 78138 2 34
9925 78117 3 44
9929 78095 3 38
9930 78130 3 44
9932 78148 3 45
9933 76318 5 49
9935 78142 3 44
9936 78141 3 42
9937 76272 1 44
9937 78132 3 46
9945 76293 3 24
9956 76291 3 39
9959 76269 5 47
9962 76317 4 45
9963 76242 1 42
9966 76241 1 39
9966 76242 3 44
9966 76253 3 50
9966 76287 2 39
9966 76290 2 34
9967 76242 1 48
9967 76244 2 50
9967 76287 3 39
9967 76292 3 23
9969 76286 1 45
9969 76289 3 47
9970 76321 4 47
9971 76324 2 28
9971 77044 3 35
9972 76282 1 32
9973 76280 1 45
9975 76282 3 41
9976 76285 3 30
9982 76282 4 42
9986 76332 2 0
9987 76230 4 41
9988 76300 4 41
9989 77069 3 45
9990 76281 1 40
9991 76284 1 20
9991 76287 3 41
9991 76289 3 35
9996 76294 1 20
9996 76572 1 35
10000 77061 3 50
10009 77107 3 48
10011 77076 3 43
10012 76293 2 40
10014 77479 3 47
10015 76364 4 40
10015 77048 2 30
10017 77162 3 47
10018 77015 2 45
10021 76307 1 46
10021 77054 5 50
10023 77041 3 50
10025 77050 2 40
10027 77044 3 44
10029 77039 1 50
10029 77040 3 38
10030 77047 3 45
10031 77047 3 34
10031 77161 3 36
10032 77037 4 48
10033 77041 3 45
10034 77045 4 41
10034 77047 3 27
10039 77004 1 30
10039 77029 4 48
10041 77038 3 44
10041 77174 1 48
10042 77039 4 47
10042 77178 3 41
10044 77047 1 50
10045 77215 3 26
10047 77036 3 41
10049 77056 4 46
10050 77077 1 20
10050 77191 1 43
10052 77065 3 43
10054 77066 5 50
10055 77071 3 48
10062 76990 3 40
10066 77107 1 45
10067 76986 3 45
10068 76615 1 50
10070 78769 1 30
10073 77064 3 48
10080 77061 3 44
10085 77058 1 30
10086 77061 3 45
10086 77065 3 46
10086 77073 1 50
10087 77069 1 36
10088 77059 3 34
10088 77062 2 31
10094 77050 1 37
10102 78176 3 40
10108 76706 1 50
10141 76173 4 50
10144 76177 4 50
10151 76367 3 45
10155 76353 5 45
10160 76390 1 10
10165 76396 3 44
10165 76402 1 35
10174 76588 4 50
10178 76418 3 42
10178 78777 1 50
10183 76380 3 35
10184 76381 4 43
10189 76386 3 43
10208 76204 3 33
10233 77493 2 48
10235 77481 3 50
10235 77488 5 47
10235 77492 1 20
10236 77494 2 40
10236 77496 3 46
10236 78783 3 40
10238 77489 2 36
10238 77495 2 40
10239 77495 3 41
10240 77495 2 34
10241 77488 2 42
10241 77494 1 38
10242 77486 3 48
10243 77493 2 45
10243 77495 3 43
10243 77498 1 41
10244 77498 1 30
10244 77499 2 40
10244 77503 2 36
10245 77487 3 47
10245 77493 4 49
10245 77496 4 45
10245 77531 3 40
10247 77484 2 44
10247 77496 2 40
10247 77502 2 36
10248 77489 3 44
10248 77490 3 30
10249 77499 3 44
10250 77498 2 44
10256 77485 3 40
10261 77491 3 41
10268 77490 4 41
10269 77488 3 43
10278 77164 1 33
10294 76434 4 39
10300 76607 1 30
10323 76358 1 47
10336 76363 3 30
10357 77981 1 30
10440 77524 1 45
10441 77524 1 47
10442 77518 1 42
10448 77522 2 45
10514 76213 5 45
10514 76216 3 40
10517 76207 3 43
10521 76212 1 30
10522 76212 4 46
10524 76210 3 20
10554 76215 1 40
10592 76037 3 46
10592 76043 3 44
10592 76044 3 41
10594 76036 1 10
10594 76044 3 46
10595 76035 3 48
10595 76040 3 45
10595 76043 1 50
10595 76048 1 40
10596 76038 1 13
10596 76042 1 44
10597 76039 3 46
10597 76043 2 45
10598 76039 1 45
10601 76035 2 46
10630 76921 4 40
10671 76000 3 40
10682 79845 1 35
10683 79842 1 42
10689 76658 1 42
10694 76867 4 20
10698 79833 1 43
10745 76291 4 50
10759 76276 4 30
10762 76654 1 48
10769 76654 1 46
10769 76655 1 40
10769 76656 3 43
10772 76656 1 46
10774 79138 4 45
10800 78681 3 46
10803 78685 2 35
10805 76190 1 37
10807 78681 3 36
10955 79390 1 43
10957 79380 1 35
10959 79378 1 41
10961 78064 3 35
10992 76960 1 40
10994 76963 2 38
10994 76967 3 40
10995 77018 1 50
10997 76968 1 42
10997 76969 3 38
10998 76969 1 38
11001 76006 1 37
11001 76966 1 42
11009 76965 1 45
11010 76960 3 41
11010 76966 3 46
11010 76980 4 46
11011 76954 2 31
11012 76966 3 45
11014 77013 1 35
11015 76964 3 44
11016 76967 1 42
11017 76962 2 49
11017 76965 1 50
11021 76966 1 46
11021 76988 1 50
11023 77021 3 40
11024 76963 1 0
11026 76994 1 50
11026 77018 3 43
11035 76927 1 34
11037 77037 3 50
11042 77044 3 37
11099 79652 3 40
11100 77372 3 38
11102 79649 1 48
11103 77363 3 30
11108 77344 3 38
11109 77341 1 40
11207 78182 1 50
11231 78165 1 46
11233 78878 1 50
11235 76384 1 50
11310 75765 3 40
11338 77714 3 46
11341 77717 1 48
11345 76799 1 34
11345 76801 5 48
11347 76793 1 50
11348 76793 2 20
11350 76811 1 50
11351 76785 3 43
11352 76835 1 50
11362 76805 1 20
11362 76807 1 50
11386 76717 3 39
11388 75718 3 32
11390 76718 1 43
11392 76708 2 30
11394 76699 2 33
11396 76701 3 42
11396 79698 1 20
11396 79699 1 37
11397 79699 2 42
11398 76694 1 50
11398 76721 1 20
11398 79695 2 31
11400 76676 2 14
11400 76699 1 40
11401 76700 2 50
11402 76713 1 50
11403 76678 2 42
11403 76714 2 50
11403 76722 2 45
11405 76708 1 27
11406 76684 2 43
11406 76715 1 27
11408 76707 1 30
11408 76713 2 30
11409 76709 1 20
11410 76699 4 37
11410 76708 1 35
11410 76709 1 50
11411 76708 1 20
11412 76693 1 42
11412 76719 2 40
11413 76696 4 49
11413 76697 2 34
11413 76699 1 30
11413 76705 2 40
11414 76718 2 38
11417 76703 3 45
11418 76699 2 47
11420 76699 3 37
11422 76834 2 40
11425 76706 3 38
11426 76849 1 50
11503 76174 1 50
11514 76032 3 38
11518 76044 4 46
11521 76024 1 41
11523 76171 1 44
11524 76143 2 50
11528 76212 1 46
11534 76651 1 33
11535 76022 4 47
11549 76040 1 50
11554 76134 4 43
11556 92729 1 50
11558 76042 5 44
11560 76112 1 30
11572 76642 1 40
11582 76089 3 48
11584 76199 1 0
11592 76048 1 50
11597 92620 3 45
11608 76080 1 48
11610 75986 4 50
11610 76159 1 40
11612 76072 1 40
11614 76203 3 50
11619 76082 2 40
11623 92726 1 42
11629 76087 3 42
11631 78127 1 33
11639 75982 3 40
11644 92746 4 44
11650 76333 2 37
11651 76249 1 37
11655 75967 4 44
11661 76161 1 50
11661 92729 1 43
11662 76110 1 50
11662 92734 0 36
11664 76262 3 41
11664 92735 4 40
11668 76632 1 41
11669 92742 3 41
11672 78142 1 28
11673 92733 2 42
11675 78136 3 50
11675 92739 4 48
11682 92723 1 50
11683 78125 4 47
11696 76641 4 48
11709 76095 2 45
11732 76146 3 50
11734 76142 1 50
11757 75479 3 40
11757 79763 1 49
11771 78212 2 38
11771 78217 1 38
11776 78222 2 43
11777 78209 3 45
11777 78219 3 38
11778 78198 3 47
11781 78198 1 45
11782 78213 3 43
11783 78213 2 35
11784 78213 3 40
11785 78211 2 46
11786 78203 2 41
11788 78210 2 44
11805 79798 4 43
11806 76063 1 50
11834 76088 1 35
11841 76054 1 41
11842 75957 3 50
11846 76063 3 42
11849 93013 3 34
11868 75365 4 50
11869 75357 1 50
11869 75401 4 40
11870 79816 5 43
11881 79820 4 44
11892 75335 1 40
11902 77122 2 50
11916 79809 3 45
11925 79828 3 45
11925 79833 1 10
11927 76266 5 50
11927 79834 2 34
11928 79832 3 47
11930 79825 2 25
11930 79833 5 48
11931 79814 2 39
11932 79805 1 20
11932 79815 1 39
11932 79818 3 42
11933 79824 2 39
11933 79835 5 46
11934 79830 0 32
11934 79832 2 23
11935 79825 1 20
11935 79836 3 42
11938 79824 2 42
11938 79832 1 30
11939 76270 2 50
11939 79831 2 38
11940 79813 3 46
11940 79826 2 44
11941 79832 2 36
11942 79828 4 44
11942 79829 3 43
11942 79830 3 44
11944 75384 1 50
11944 79831 3 0
11949 79813 1 30
11952 79829 3 41
11958 79823 1 0
11975 76311 4 46
11984 79845 1 43
11985 79847 1 20
11989 92954 3 38
11991 77140 1 45
11991 79782 3 46
11991 79822 1 48
12014 75995 2 25
12014 79860 2 39
12019 93008 1 30
12024 75920 2 40
12027 93000 4 36
12035 92987 3 34
12049 79875 4 40
12100 75230 1 40
12106 75206 1 50
12183 75832 4 47
12198 75803 1 48
12208 75735 4 43
12211 75696 2 30
12225 75649 5 48
12225 77036 1 50
12231 75654 2 50
12231 79027 1 50
12232 75641 4 40
12233 79067 3 50
12237 75920 2 43
12237 76606 2 33
12242 75818 2 23
12243 79072 3 44
12252 79069 3 43
12291 76670 1 50
12295 76639 2 46
12295 76654 2 39
12297 75826 4 48
12297 76656 3 45
12297 76665 5 47
12297 76700 1 36
12298 76692 4 38
12300 76301 5 47
12300 76640 1 43
12304 75096 4 50
12304 76665 1 35
12307 76645 3 44
12307 76667 3 42
12308 76657 2 42
12308 76658 2 39
12308 76659 2 37
12308 76729 3 40
12309 76656 2 40
12309 76659 2 17
12309 76662 4 46
12310 76657 1 37
12310 76658 1 30
12310 76659 3 46
12311 76643 4 45
12311 76644 3 40
12311 76648 2 41
12311 76657 2 37
12311 76659 2 36
12312 76640 4 44
12312 76642 2 40
12312 76645 2 30
12312 76652 1 15
12312 76653 1 47
12314 76656 1 20
12314 76658 2 20
12315 76650 2 38
12315 76656 3 36
12315 76658 2 40
12318 76658 1 30
12319 76661 1 49
12320 76646 2 42
12320 76647 2 46
12320 76657 1 37
12321 76618 3 46
12322 76617 2 50
12322 76657 2 45
12323 80028 3 43
12324 76613 2 42
12324 76629 3 45
12324 76638 2 47
12326 76609 4 47
12327 76637 2 50
12329 76647 2 42
12330 76645 3 41
12331 76647 1 28
12331 76649 1 50
12331 76651 3 39
12334 76595 2 35
12334 76623 1 36
12337 75830 1 50
12338 76615 2 43
12342 76654 3 44
12351 76626 2 42
12352 76606 2 37
12353 76662 3 42
12355 76627 4 38
12356 76616 2 50
12357 76623 1 35
12357 76661 2 42
12361 76626 2 39
12363 76606 5 45
12369 75754 4 50
12372 76622 3 45
12386 75527 2 37
12391 75775 4 46
12395 75714 1 47
12402 75743 3 38
12403 75773 2 45
12414 75747 1 50
12414 75748 2 38
12415 75746 2 39
12416 75738 2 29
12416 75776 1 44
12419 75734 2 48
12419 76573 4 42
12421 75746 2 45
12421 76681 1 32
12424 75736 2 35
12424 75738 1 40
12424 75739 1 31
12427 75732 1 50
12427 75753 1 50
12427 75869 1 20
12429 75890 1 50
12430 75753 4 46
12430 75966 2 37
12437 75726 3 48
12441 75717 4 45
12443 75006 5 50
12445 75684 5 48
12446 75934 4 46
12448 75937 2 33
12452 75829 2 30
12454 75829 1 10
12454 75959 1 41
12459 75694 4 45
12459 75959 1 20
12474 75881 3 42
12486 75795 2 45
12506 75948 3 41
12512 75826 1 50
12514 75000 1 40
12521 78219 1 36
12566 78645 3 50
12587 78641 3 43
12592 80078 3 43
12595 78630 3 45
12595 78631 1 0
12606 80190 4 36
12618 80194 2 44
12618 80196 1 38
12618 80197 3 10
12619 80194 2 36
12619 80195 1 35
12619 80196 1 39
12626 80192 1 40
12639 80202 2 39
12644 80204 3 30
12649 80206 3 10
12663 75612 1 50
12669 75610 1 44
12687 79982 1 40
12713 77571 1 50
12727 77853 3 45
12735 80236 5 47
12736 77826 2 38
12736 80237 3 39
12738 80002 4 47
12745 80240 3 34
12747 77816 1 40
12764 80005 5 45
12786 80221 3 48
12795 77412 4 33
12797 80248 5 47
12814 74840 3 37
12815 80215 2 30
12822 77658 4 48
12824 77681 4 45
12825 80246 4 41
12828 79707 3 44
12831 77412 3 42
12831 80230 5 44
12838 77401 3 48
12839 77659 4 45
12845 77665 3 40
12855 77820 1 20
12864 74844 1 30
12864 74845 2 43
12865 74841 1 40
12867 74846 3 40
12868 74840 3 38
12871 74841 1 37
12873 74853 1 40
12874 74849 4 41
12875 74840 4 46
12875 77648 1 43
12877 74841 3 43
12879 77646 3 44
12880 77643 3 40
12882 74839 2 47
12888 77596 2 29
12890 77639 3 41
12890 80230 3 20
12899 80228 4 41
12900 77631 3 42
12902 77583 2 27
12903 80228 2 39
12905 74835 3 44
12905 77585 2 36
12907 79132 1 49
12910 74835 3 41
12911 77599 2 40
12914 77667 1 30
12915 77634 3 38
12915 79848 4 30
12916 77673 3 40
12919 77665 5 44
12921 77620 4 46
12923 79141 1 20
12924 77618 2 40
12924 79138 1 10
12925 77585 4 34
12926 77615 1 23
12926 77616 1 23
12926 77676 3 40
12927 77616 1 39
12928 77627 5 50
12929 77683 3 39
12930 77581 3 37
12931 79138 3 49
12932 79137 1 31
12933 77610 2 40
12933 77615 4 38
12934 77573 3 30
12934 77629 3 37
12935 74905 2 40
12935 77609 2 39
12935 77612 3 46
12935 77615 3 35
12935 77624 3 27
12935 79148 1 27
12936 77621 3 43
12937 77630 3 37
12941 80235 2 32
12942 77602 1 17
12948 77645 5 49
12948 77713 2 39
12948 80199 4 45
12949 77699 3 39
12951 77698 5 45
12955 77643 1 50
12955 77650 3 46
12956 77579 2 45
12956 77605 3 50
12956 77640 3 45
12956 77702 3 40
12956 80142 1 10
12957 77642 3 39
12957 77644 5 44
12957 77708 2 33
12957 77709 4 42
12958 77605 2 34
12959 77593 1 35
12960 77644 2 28
12960 80261 1 32
12961 80146 1 41
12964 77598 4 43
12964 77599 4 45
12964 77604 3 50
12964 80147 2 45
12965 77589 2 39
12965 80149 2 42
12966 77589 3 43
12966 77594 3 35
12966 77605 2 36
12966 77641 1 46
12966 77751 4 42
12966 80149 2 30
12967 77585 2 40
12967 77608 1 40
12969 77606 3 50
12969 77640 4 43
12969 80148 2 38
12970 77597 3 44
12970 77600 3 40
12970 77607 3 33
12970 77609 3 45
12970 77616 3 44
12971 77581 2 36
12971 77599 3 48
12971 77626 1 20
12972 77579 1 34
12972 77594 5 48
12972 77596 5 39
12972 77608 3 33
12972 77609 1 43
12972 77717 4 45
12973 77570 2 43
12973 77575 1 42
12973 77580 3 42
12973 77618 5 48
12974 77608 2 43
12974 77619 5 39
12975 77570 2 33
12975 77578 3 32
12975 77602 3 36
12975 77603 3 42
12975 77605 1 44
12975 77617 2 40
12976 77575 3 37
12976 77579 3 47
12976 77718 3 43
12976 80258 2 44
12977 77713 3 45
12977 77714 4 49
12978 77579 2 40
12978 77644 3 37
12978 77695 2 41
12979 77575 1 32
12979 77637 3 37
12980 77571 2 39
12980 77575 4 40
12982 77594 3 40
12982 77603 2 27
12984 77578 4 35
12984 77622 3 40
12985 77579 4 44
12986 77595 4 47
12987 80188 1 47
12988 77573 3 41
12989 75624 3 45
12989 77574 3 42
12989 77594 5 44
12989 80255 2 33
12989 80259 3 43
12990 77723 5 44
12990 80242 3 41
12990 80255 2 45
12991 77688 3 34
12994 76084 2 0
12995 74799 1 43
12995 76080 3 44
12998 77545 3 38
12999 78251 1 42
13001 76098 2 43
13003 76107 3 47
13005 77594 3 36
13006 77593 2 34
13007 76105 2 46
13007 80208 5 42
13010 80215 2 40
13011 80224 4 43
13014 77554 3 37
13014 77700 3 40
13016 77591 3 32
13020 77554 2 42
13020 77555 3 50
13020 80184 4 43
13023 77643 3 40
13024 77637 3 40
13024 80201 3 35
13026 77639 3 49
13026 80275 2 30
13027 77543 3 31
13028 76066 3 49
13031 77541 2 22
13032 80239 3 32
13033 80182 1 32
13034 80237 2 0
13035 80246 5 46
13036 77589 3 42
13036 80139 1 38
13036 80233 3 20
13036 80239 3 43
13038 80237 1 23
13038 80258 2 30
13039 80131 2 47
13039 80247 1 30
13040 80234 1 40
13040 80242 3 50
13040 80243 5 44
13040 80245 4 45
13042 80253 3 50
13043 80271 4 45
13045 80244 1 50
13045 80247 4 38
13045 80261 4 42
13046 80213 1 0
13046 80242 5 44
13046 80246 2 32
13046 80266 3 40
13048 80210 1 50
13050 80248 2 36
13050 80250 3 32
13052 80212 2 36
13052 80248 3 39
13053 80269 3 37
13054 80234 2 45
13054 80253 2 42
13055 80211 3 40
13057 80256 4 37
13058 77592 3 50
13058 80247 5 45
13058 80263 4 43
13060 80249 1 42
13062 77654 3 20
13063 80210 3 33
13063 80274 1 35
13064 80211 2 23
13065 80210 2 23
13065 80211 1 45
13065 80270 1 48
13066 80243 3 40
13066 80274 3 41
13067 80258 4 44
13067 80259 3 42
13069 80270 1 31
13071 80204 4 42
13072 77602 3 43
13076 80201 3 33
13076 80262 2 41
13078 80263 2 39
13080 80267 3 37
13081 80187 3 38
13083 80269 1 39
13085 80252 1 20
13085 80276 1 40
13088 74996 1 50
13092 80275 1 0
13104 77600 2 44
13134 77589 1 36
13144 77618 1 41
13162 75863 1 20
13163 75864 2 42
13163 77633 3 44
13216 79109 1 50
13235 75624 2 50
13274 75731 5 43
13293 75841 1 50
13311 75732 1 50
13312 75771 1 50
13315 75775 2 34
13317 75771 1 35
13320 75772 1 36
13322 75771 1 28
13326 75772 1 40
13327 75773 1 46
13330 75773 1 41
13337 77111 1 20
13341 74748 2 42
13342 74751 2 42
13342 77100 1 50
