132 121 6071075 2126778 5163604	
819 199 2063531 4635157 5332898	
818 579 4564013 7313294 1357145	
931 971 5445931 4378216 529429	
774 788 9076576 3752867 5395438	
658 294 2121108 7803500 3889659	
606 686 1690324 7778421 4519822	
644 984 3549937 4060842 5073639	
11 191 6375179 3427288 6580238	
837 59 1803243 4439750 5964541	
375 795 3792833 5844273 5006479	
872 977 5941833 994388 5686433	
300 210 3971784 6067169 929607	
802 607 3375595 5337815 3461537	
45 758 3563319 8925046 2681573	
674 487 4525001 5054090 5028467	
324 849 3780405 3398282 3683747	
860 317 428929 9779156 5636223	
548 975 6930768 3398754 755401	
251 837 935580 4801367 2870466	
552 406 1406599 8570760 1399234	
341 599 985660 1802007 7884734	
81 916 3233987 7065594 3681248	
69 469 8029192 9726942 402538	
845 669 5584391 8292692 8356745	
715 123 9149575 2668835 2418209	
737 612 9272192 87700 5927716	
557 161 4658805 6001910 5311388	
864 592 9091358 2130970 5286724	
9 954 4978414 8751292 3043853	
459 684 1150713 577356 6316100	
889 792 9480753 2087064 1751761	
326 140 6355695 9503174 837073	
116 408 3258731 2479716 7352680	
425 734 7220588 994109 7533827	
533 519 7911792 2895632 2124347	
399 233 3108496 7714789 1695993	
844 573 7316293 515444 7375639	
326 154 5670158 1536194 5810257	
576 482 5347934 431638 2418727	
760 1 1682403 5226253 6314879	
818 805 2327109 4919803 3518979	
156 669 3886507 3751642 3815669	
32 442 9606109 2822788 4659948	
108 768 7815122 5219364 967233	
557 661 5094640 5665699 6217576	
454 204 1622213 8878171 4387323	
596 959 5486128 2678549 6321872	
165 482 4417392 4315895 9740317	
340 43 9185302 3825432 6323384	
137 843 3930059 3708677 6083619	
589 2 221313 7368599 213177	
446 502 2281835 6354124 9298041	
716 552 6095211 6795891 7444601	
348 8 4258035 3963540 8851777	
42 112 3062455 4185993 5245886	
353 963 9078616 2184562 4402805	
734 310 2900984 8806680 2405194	
972 116 4245205 7432618 877197	
167 501 4113657 3501630 6628028	
338 146 3423021 1376246 6850821	
255 743 3131061 5778429 7838778	
731 323 3911438 5315613 1116152	
662 721 9391141 5102805 1142113	
220 535 2538614 7920928 2102448	
943 95 1807036 9095186 6501315	
22 150 7771041 3207383 3241966	
600 762 6911469 5880468 5506466	
899 530 2151076 3357291 6014010	
784 657 4230188 5140031 4605776	
903 63 619533 4466955 6199182	
843 735 739160 9157219 6312666	
28 975 9029539 3763709 1279677	
216 993 1039117 7188584 6115797	
893 320 5508149 5225845 3132271	
235 502 3847773 5422744 6935153	
413 969 3781252 8240102 4500799	
238 631 9105473 8373329 195801	
488 661 4809105 5119981 3729619	
24 882 6060434 2493270 6879587	
192 633 674214 8606766 1275933	
86 1 4423814 3402013 6863173	
560 647 8369015 5143810 671995	
249 319 978571 5204550 7163924	
59 788 3230430 8503920 4132572	
318 618 2517515 7864066 5703243	
50 716 3298036 7359536 2650226	
58 139 8892797 1815730 2494423	
81 723 7926635 4840459 4560929	
419 757 7438623 5816908 751258	
608 280 364276 5387087 9322365	
175 766 3532353 1096556 6633134	
894 510 8371492 4780631 3874323	
264 125 7354812 4425897 1750855	
98 420 1709225 5064382 4730908	
10 546 7897593 2137823 5964959	
307 533 4011198 6981671 2123772	
33 287 9737647 3045943 8065344	
117 3 3402903 5651846 9388971	
105 30 5056952 2711323 4916244	
596 205 4678387 5826924 1099874	
442 856 5277794 7211530 4462563	
959 277 4389764 203063 8843757	
906 869 5236976 5443393 3397754	
37 35 9534419 6898546 3422763	
372 690 7842554 1908333 2338104	
659 280 6982419 5043015 1176727	
94 697 1281408 7760496 4333315	
446 499 6734165 2962253 7845812	
245 598 4684781 5396882 9068010	
43 602 5991059 1609851 8097151	
911 608 3616378 8383883 1511165	
785 415 4256286 5834511 5354794	
758 327 9401262 2918917 1588350	
939 342 5489661 8209563 6487192	
254 136 5933474 6268777 2293907	
81 739 2894388 3195886 7409896	
808 810 4224345 4573811 7040945	
968 309 1137040 3285323 7600315	
456 851 416228 6354583 6423903	
236 7 3936959 6706688 5267617	
706 956 6351814 2421326 7737575	
555 795 130553 8763109 6137842	
32 952 9939162 1818989 5897138	
485 824 5635620 5736473 2905354	
46 452 581535 9121021 6255066	
91 481 3993333 9118298 3827662	
804 485 1377226 3407476 9238199	
547 137 8717522 6601507 4703965	
798 363 6643347 9544104 43251	
393 281 6579365 8019415 4318740	
189 66 9685328 2636183 2960718	
750 189 6346089 2172359 5614932	
503 520 3119595 5290109 8837342	
885 226 7871083 5052703 360789	
560 242 7586949 2971907 5027257	
673 381 9597275 6865022 2347468	
636 943 3702490 7592634 7199233	
145 654 1544874 6502235 7640654	
965 865 4440923 4819877 5055471	
78 459 6792942 8291739 317911	
519 819 3969512 4710641 2332671	
729 321 4052664 4082123 3795799	
619 104 4822439 7614886 2585883	
181 732 5931302 7700358 4123954	
350 773 653858 6192111 6839728	
461 210 1911541 7941762 4071972	
938 977 5670949 4371983 73463	
538 255 9609273 1887715 2607878	
216 449 5516003 9003566 2268174	
547 136 5508894 2365238 7412164	
57 546 9987839 2661808 3670309	
81 172 4869488 43435 8406387	
182 646 3095481 9897313 3417625	
230 439 5356206 6444784 242836	
71 120 4932428 1021424 8566280	
91 659 645660 6639704 5408478	
795 517 8528278 6868464 4647783	
846 347 8099329 1625613 5605682	
463 135 3573926 2891627 9075854	
150 162 9190439 21051 2963846	
626 584 8895487 953879 3094435	
484 820 4835951 3815782 611394	
452 560 6941341 5531662 3884139	
346 853 5598860 2645294 5273808	
656 571 3292193 5283707 3427370	
623 935 723202 9092640 6335051	
216 971 891847 8561440 3258311	
269 537 4227884 6107999 1834036	
649 317 6361987 8181299 4505160	
438 148 3130007 5551006 6743574	
231 671 9926632 984666 8493019	
592 397 4778521 7162274 2502470	
826 256 9879888 1772664 3563468	
657 966 2642339 8280207 4174079	
193 480 4232612 4910100 2995372	
257 315 3570967 2483990 9301895	
459 241 4387033 1659053 7992958	
156 892 8150838 2067088 6249294	
236 82 5418665 8989181 3287436	
568 684 8926958 1106477 5667247	
214 693 1525200 6617174 6565512	
673 658 5592211 2282937 9805449	
433 47 5185939 5245545 6628752	
711 910 3392991 6596701 8880202	
359 347 2012830 962361 9234103	
340 101 1760701 8544857 4281538	
792 922 6018760 1808084 5278806	
497 50 1532464 6953173 7676755	
172 86 6701676 9916805 3188855	
891 234 8241851 4000239 2583523	
231 5 8256420 6700363 4365987	
355 263 203904 9963021 5812728	
151 622 3632842 5146870 4615648	
762 326 1692150 5950440 9355343	
231 681 2638228 1683147 8739129	
867 40 6718243 567080 9289531	
877 38 2543781 871073 9167056	
450 62 4376694 4474210 3806876	
179 472 1638342 6755831 6046012	
382 373 5029260 4297885 8826265	
620 419 4382731 5399219 1396652	
812 98 2082836 1551218 8788230	
579 142 3338735 4998423 4851824	
473 339 3050793 3576945 462171	
39 107 4622200 1798116 8230114	
215 575 3747343 5603909 2404102	
643 526 2907785 8901283 2690771	
310 753 5357007 8551901 5653	
577 307 1772089 3132930 9178570	
680 422 6680294 541759 5739973	
954 927 1128461 3078469 8497129	
200 867 8607937 1082559 7723932	
400 71 5061822 6442593 5878750	
457 482 5601910 5004916 4782850	
194 237 8720193 9263467 1763139	
840 282 1640029 2926419 2962321	
963 889 110519 8522502 5992331	
664 822 3422277 5732147 6912960	
145 141 7262241 2561743 1003270	
81 521 7390887 2622016 3731648	
577 422 6071154 1765282 9918705	
919 756 2047278 5631085 9692412	
458 45 4578203 5138268 7127708	
214 969 3418512 6246232 5202825	
538 94 1342227 5315893 7285264	
115 413 4798453 4876948 3895258	
878 604 7915245 4413899 273484	
87 90 9211159 2017301 851328	
708 581 8660938 2693754 3201695	
754 918 5752998 7091878 728080	
934 979 9026415 1764206 2295348	
574 142 3967145 8281674 6429096	
612 436 2969725 3696791 6647004	
499 504 8145164 1311368 6653576	
288 194 205459 5722423 9306004	
184 821 7066104 6417609 905834	
414 339 1072568 5166519 8583221	
847 101 2165365 7807039 3067333	
234 236 3801243 7984909 3594568	
841 523 7315312 1996838 5375669	
365 760 7774326 7364788 2686600	
99 250 4459257 6337236 2609237	
64 769 1821791 657412 7707681	
140 160 1804666 4237285 3327241	
578 12 4257298 1020149 9693765	
14 388 4339616 4962060 7125135	
269 592 4008359 2511921 7513863	
578 737 2463607 5493985 3831754	
215 946 6566006 6834124 4214328	
835 822 6066756 7075881 2677730	
803 212 2211136 4164708 911875	
588 127 2329750 6020660 8636636	
446 827 785520 5725919 6474704	
576 962 7871711 2939076 5429529	
884 178 6861495 7543666 4510017	
370 713 3835982 6403719 2947613	
767 91 7799053 2538314 3257616	
728 630 6765418 550725 5624743	
47 45 116237 3618685 8448237	
838 880 3910418 8838500 437752	
538 33 3323389 3774523 7455717	
822 512 8135837 3891344 7108645	
426 88 1022839 3015982 9398089	
199 505 9042524 3378512 1421717	
819 661 7682409 1398476 3598317	
475 65 8634264 968551 8045503	
501 166 4954044 5874570 1527167	
948 920 6331997 8129112 3145135	
878 219 7482477 2714686 6218420	
844 444 4879182 5362100 7702668	
751 344 6277442 5294606 1321372	
334 21 4356212 9423684 568202	
938 130 6404909 1140125 7384917	
663 283 6082129 3456031 8591149	
969 167 6340581 5787055 1045335	
549 464 6784328 4707939 2542012	
43 377 9735644 2545405 3597993	
244 366 9069332 1671647 4926043	
188 706 3216679 4710594 7080645	
214 160 5717062 5168533 7350444	
104 565 9641984 229249 2568031	
119 532 2189417 3049163 5349443	
455 759 7353070 2602036 2964753	
915 474 5024296 4572024 4912622	
517 167 3871946 8659743 975974	
237 366 9328569 3372124 6754750	
921 832 8492728 3597440 2631493	
841 862 3997900 8643447 4956824	
909 710 2928973 2482442 6136820	
866 498 3300912 6424407 5748999	
966 787 3008412 4841310 4473214	
804 850 7125090 3402192 2520575	
883 916 4711451 4242068 5146825	
617 570 8087879 1451387 6081035	
338 278 9597526 2242988 5894616	
177 570 237356 7624271 8861665	
849 28 2405533 5882302 4323443	
239 200 5117034 9838622 1350189	
516 351 741014 7610651 6976256	
534 284 9723135 277506 6101002	
307 843 6338638 2510584 6560826	
114 488 6133113 6363300 1093078	
798 854 2924395 2641293 8607135	
36 592 1759586 4990918 5597470	
149 214 1636084 9276281 5049427	
597 910 437183 6850026 6045492	
799 516 3588935 6281380 4053219	
825 265 8541695 1698186 7637298	
856 991 1797082 7257176 6460998	
617 639 6752721 491826 7490380	
359 829 3916366 2244864 5049195	
996 886 913304 8869278 1947818	
675 696 1597872 8215965 1341684	
194 621 7023016 5028776 586175	
75 129 7055776 5102573 2921350	
893 759 4607820 7024731 1490121	
123 401 6444074 8647746 2917157	
791 975 7046111 6107557 3101469	
928 471 298575 6120556 8205129	
803 750 2274483 4902828 5571993	
415 590 1696879 8480839 1724911	
655 533 5128992 5289650 9391937	
734 222 2656916 4044445 2736882	
296 36 3099312 7178199 5627714	
673 990 1226751 6479371 8690965	
559 574 717375 6580461 6530605	
376 449 3180902 7205797 3343914	
779 916 2048739 8045974 6197610	
8 637 3837015 1746660 9529331	
598 89 4774219 4252888 5886288	
62 528 9933797 8135409 1141970	
30 163 6583044 8998407 1989326	
807 671 6878809 9300425 151872	
970 126 6632518 688991 5135498	
67 574 2843390 8812849 900104	
741 566 5833387 3610402 4684080	
860 618 2602322 8782842 4027133	
873 38 8819427 1908767 3520576	
683 580 3108488 6306905 7366973	
387 656 6853826 3128573 5500949	
133 177 1990882 7459492 9025876	
951 705 5756950 6129665 1168783	
354 393 4028599 4827281 6800328	
915 748 4737973 2987618 4189110	
314 728 1020612 9641955 7918592	
939 37 6852905 5460559 6300327	
213 913 6613098 4734294 4170305	
68 796 874979 9945148 8419425	
464 120 4753920 4496820 3644742	
422 328 6151218 5895649 4329308	
501 126 5750565 3728022 2164150	
365 708 4127860 7274561 1508796	
385 433 6857137 2480022 9064958	
861 286 4236875 5823601 863838	
584 869 3507762 6327474 2681762	
33 98 9671849 790391 4137264	
529 770 9082294 5430503 3325343	
307 789 3301938 3462087 4370784	
547 450 6422245 7578647 4357884	
412 630 4848614 2325693 3221325	
574 297 4475851 4313402 9250182	
446 700 2546735 3889964 5743297	
577 491 6890541 4572335 1096995	
628 442 5384757 7006939 4237999	
996 54 8060673 1707913 3452735	
912 293 5558294 4518439 892917	
621 640 698652 8780929 5899638	
571 286 6489632 697445 5263875	
236 281 3423553 4597813 9805334	
998 116 8554244 3798040 4183565	
35 21 9904261 3394833 2966352	
452 374 2969267 3546190 9319594	
319 276 4627381 6149110 4270134	
194 357 6822151 2115761 6455058	
190 547 9200138 3647380 2922683	
484 95 6732645 3253430 2607998	
17 16 5701177 5162739 8503894	
209 26 180339 3236760 9253280	
273 490 5542585 8151770 7745703	
475 50 9163708 8068771 1023990	
895 71 7397265 3687407 3336201	
388 516 7191843 4653093 2369096	
745 923 2621792 3124710 7521648	
354 98 7520561 7759402 4378165	
862 545 5471194 8201637 1314185	
675 367 4653997 3809404 9765962	
178 915 1725159 7891783 4226186	
924 354 8059774 9074204 34616	
42 64 1186545 9317797 3911199	
542 300 7728093 2981946 9107298	
445 611 2869393 7170673 4936216	
390 334 5224908 1530896 4650067	
88 43 3659306 9592782 2413338	
544 822 1117365 3463407 8775932	
498 581 6757347 5495578 3664156	
412 674 1653251 9799219 4522561	
285 767 341067 5400305 7607623	
404 999 631247 5831760 6890106	
183 56 4685090 1317069 1903162	
757 137 7983686 2771870 9054111	
17 6 6549644 7535608 4040026	
789 173 2113538 8649910 7284878	
831 931 2098821 4410369 7820265	
817 828 3671889 8245249 5262817	
474 194 4347214 9210812 1765136	
202 722 1313334 8641613 3994883	
604 684 6001134 2922611 5879257	
519 828 7744641 5320695 2847044	
683 413 2732822 8488320 2498968	
616 175 8483612 1751069 2580420	
791 550 9733401 402131 2540023	
433 665 2971043 8064103 2272856	
205 690 7383361 1757041 5552989	
803 223 5096592 3671160 7474964	
564 624 1480254 3442039 9528790	
98 338 3254259 8925011 7958391	
107 362 5874189 2100729 5111850	
489 482 357432 7334163 4486528	
878 742 5357191 3213649 1308047	
853 815 7027322 3902087 2389335	
57 501 1576428 5581025 6435026	
746 33 139158 9971217 2817635	
527 275 8796215 3968329 2881629	
726 218 8088158 9092357 283686	
626 678 3835208 9044943 1942662	
302 95 4191922 9922456 607857	
536 219 7289549 5991933 2545056	
126 106 5970905 1368256 4461252	
158 544 5007043 5504054 6265627	
654 361 2122186 8838961 768986	
406 216 5343157 3066586 7288473	
417 580 5742285 4733916 6569509	
801 994 9339767 3425781 8917961	
163 847 4039165 5816398 3002327	
896 366 8921408 824582 3868466	
644 134 3626311 9354167 4161135	
552 920 7803030 4265627 2375345	
528 291 3574795 2228550 5451998	
344 977 1728435 5138392 4392606	
922 435 6781894 8112228 7234204	
391 802 3429094 4998067 5155396	
314 433 1043592 4653993 9436588	
723 624 3308721 9192370 4128500	
314 501 2516921 9837594 7123740	
894 639 2651960 5330925 5398291	
421 754 5897658 1910736 9901667	
936 147 5769312 2006422 5010669	
203 940 8791492 9057271 243195	
879 982 7662870 6748663 5225843	
684 458 7432295 311399 5509854	
41 460 4770167 2572116 3062526	
455 209 801763 9887419 4398294	
958 68 6332845 293813 7657249	
985 797 5720060 7010102 282626	
397 327 1316213 6300650 4271424	
907 72 8023992 8018268 2569392	
87 300 3673216 3686321 7083097	
563 37 9502936 3297446 3310035	
957 435 4106229 5409434 4191132	
964 714 2242073 8733089 1023741	
456 603 1386601 6488949 8625992	
404 628 9042581 3304419 2976660	
163 446 737786 8228342 7086108	
343 188 3504853 5906909 669564	
333 375 504829 9337259 5766038	
907 418 5851664 8663069 2272604	
180 872 4580778 2627854 8908706	
237 141 1674385 6296568 5255890	
681 68 1290796 8560538 2705458	
198 945 2828034 5120314 2902884	
441 909 5925751 8808605 5511023	
461 15 3067681 293185 7176907	
678 629 5036677 4746503 8047960	
778 152 3105485 4498908 6623108	
718 625 7866650 2042748 4598717	
331 159 8637092 2364815 2181363	
464 328 8349954 5345860 2067070	
413 64 270481 6733613 6881161	
198 100 4754281 8713332 646430	
340 541 9699264 4697217 2106283	
721 700 1049982 6872077 8088118	
406 282 950478 6709667 2994309	
282 436 8005382 5448066 2828684	
897 15 2378115 4167125 3867870	
943 634 9981835 3456828 3929680	
689 311 5597897 3310193 3497587	
87 727 6522282 6385741 2318919	
677 315 2189703 4418298 6206145	
470 833 6030518 5060093 4430135	
379 85 2648805 5126094 2019316	
867 399 640831 7418299 8666241	
355 234 3730090 350943 7590852	
658 181 7903427 4490806 1611200	
702 219 2926783 9107150 1673607	
824 527 969675 6275062 8334167	
776 665 645325 9882020 5371907	
773 738 1117988 3391974 9763429	
470 833 9577785 1070759 3495492	
42 20 6884947 2328388 9596415	
825 467 1979839 4333551 6752194	
450 397 1682046 4561012 9675284	
489 996 6570444 8868527 806602	
498 802 2740187 9127852 4703989	
551 317 8738362 2848875 509027	
826 430 7240864 195713 3104728	
586 108 2051212 9868355 5982109	
407 366 444600 8149198 6249208	
316 15 5072022 3877618 1807337	
689 452 9499529 234809 7160523	
150 792 3557467 2827354 4619699	
324 320 7510034 7100033 4257554	
21 926 2880620 8125374 2073924	
237 533 3908799 6292067 9744476	
348 124 7522822 6502485 1337707	
770 826 7702809 132757 8012299	
665 496 7707846 4961462 5973008	
308 485 2769602 6188973 3329760	
432 232 3730523 6470475 1687074	
338 44 2714630 5298648 9630535	
817 31 1256631 7977759 5733539	
158 559 5911715 4619808 6378416	
797 617 6994287 2750595 3487370	
490 957 7760157 6130242 3147944	
731 191 4035660 4527244 6343020	
158 64 3229776 8403119 510516	
688 750 3700037 6161150 1611750	
540 228 5798521 3381160 4688195	
194 890 4455472 4187521 5196733	
987 663 7027018 3279024 2554166	
737 747 5764431 7429251 5262326	
528 935 6316796 3434921 4974827	
344 529 6820105 6315958 1605980	
184 353 5944417 5267223 5144155	
718 210 2624936 5166723 5859535	
965 350 4643348 8058293 6331628	
36 763 450197 6814140 7653202	
140 366 3805304 4140793 8557308	
199 541 1563597 8595112 4948057	
679 103 5901451 2194843 9123544	
504 253 9764004 5882270 3428235	
905 521 2059570 5707084 4133535	
985 293 2552310 7269399 2066835	
209 394 4876429 4072113 3782543	
379 72 4231817 2005457 7150000	
375 754 8116971 1547476 7807417	
533 376 9253681 2345027 3432688	
505 109 5477502 7812796 2110776	
341 730 6922739 1201826 7831968	
726 857 4843482 2452516 8705001	
716 191 3262260 4356047 6879531	
881 978 1393619 7789720 6664904	
929 991 5617090 2299614 4728400	
198 650 1820331 2468592 6523387	
639 992 5809710 3119439 7329009	
452 155 1331314 7861181 4330195	
322 932 1541254 4647737 6703652	
551 118 4262236 8395883 2626784	
375 72 6703889 2100597 6715650	
520 838 1984102 6677264 4296343	
86 940 6312754 365552 9691636	
827 251 5596292 6841520 3864470	
815 544 757524 9707672 6230254	
659 832 7250844 3159252 5829461	
216 571 7387115 2988878 4337835	
226 592 4112619 7369973 2730668	
20 838 9008380 261717 5564257	
426 149 948545 9716916 5320496	
970 487 5157401 7529867 111243	
228 752 5401107 2975579 4298645	
743 183 2593940 6203109 5675970	
964 59 3629265 9875522 3184895	
310 892 5154567 8727682 1964184	
287 392 9676250 3136658 7371163	
37 664 4358492 2518314 6787092	
948 197 8251381 2559609 9483436	
958 166 3718151 1872769 6237988	
706 428 6613722 5587182 4324632	
96 677 4211790 6672753 5640800	
596 615 4765466 6878966 1984411	
382 638 2679499 5532068 6968685	
534 463 3911810 5744253 5116206	
752 821 5412423 3643564 7904983	
720 905 8674109 3104717 4539419	
217 697 7811050 1390621 9091109	
581 697 9956089 5128192 2286213	
282 573 3340899 7110953 7991618	
58 775 3276588 9523636 2978323	
926 661 4331873 1649691 9058563	
913 823 295370 3777349 8546199	
428 291 6799210 4653067 7904407	
318 701 3616418 4307528 5332682	
740 125 3969659 4367578 5276112	
408 658 7729109 3817752 6683702	
810 376 7165572 8561348 6231533	
705 540 8491926 1085716 4687053	
132 700 7039695 516705 1497425	
224 518 5639842 4924884 7327428	
126 655 4447687 52509 8475228	
871 230 8456260 2635222 6029672	
400 362 5620672 2347009 6610601	
285 589 2798705 6477347 8589714	
791 286 6781352 1997663 1902276	
516 957 6140742 756328 7905646	
116 823 1282097 9178081 7506561	
131 797 9891890 3822242 7433371	
962 783 3386429 3792608 9653116	
123 420 3511194 4854580 9049537	
486 646 6998288 3904615 4938410	
713 932 895350 7545029 7059794	
62 948 4834188 2144078 6473729	
545 58 3831482 3034498 2180968	
909 20 4310798 4938481 5853598	
8 26 734761 7478787 3473219	
240 794 4696404 5975943 4125901	
410 397 6921586 487718 9470475	
262 401 7621721 4288532 2979455	
526 246 5703496 3371470 8796351	
439 760 215861 108207 9751774	
577 867 4960813 9755087 3412479	
702 460 3831088 9427872 3850815	
81 801 6265459 4374508 4526215	
945 808 5109575 7712269 6792603	
107 739 87092 9104823 4287883	
21 17 1034064 7279654 9288987	
393 623 9990377 498009 6432522	
611 192 5872092 6672658 3748983	
472 38 2915924 9382456 4867524	
834 916 9473868 2767829 4087542	
403 807 1385099 5500548 6091223	
147 982 7875455 342486 5857942	
991 588 1006708 5473603 4115953	
143 32 6021309 5405105 5383314	
375 97 3491806 6319768 3858652	
144 659 3212625 7550332 6625723	
691 555 5038048 1885373 5384992	
46 835 8616377 5783686 2677816	
135 882 9931142 633981 8281080	
749 333 721962 7124914 3912294	
74 102 4533446 9329037 1176031	
657 230 3396994 9214855 2171810	
61 501 6685264 6710409 6503831	
127 423 6382964 2659975 4591454	
529 65 8683755 2681815 2256693	
480 581 4629062 5580004 1466445	
646 812 6897822 5454241 2845066	
148 843 2955257 8648853 8833930	
341 754 2333573 3976962 4896806	
813 146 6271161 854262 9882201	
761 321 3765398 8613483 847570	
943 27 6683353 7672036 5068099	
526 277 4932483 2670640 8462924	
938 332 8991364 5266122 2681891	
934 349 8660932 817656 572304	
246 350 6334459 2094598 5595801	
966 990 1164016 5550179 9271751	
150 484 1465806 7185359 4541459	
273 3 4843284 5472222 3526180	
671 765 7121059 8696728 2907023	
576 985 4802967 6697423 3029086	
894 140 5244429 2009702 4759586	
856 947 2515581 5691164 7740114	
356 725 8034942 4857698 91155	
448 719 9475814 2289264 3165460	
569 940 6328404 2354703 4193025	
707 241 7009510 3617514 4673611	
611 696 4725936 7434869 3106810	
230 171 6040605 4443780 6895807	
753 647 795409 6666971 7786968	
681 727 9071425 878993 757823	
488 838 3096144 3705295 4553965	
188 162 1882545 9364020 3691615	
916 941 5170314 6783397 7361055	
885 745 7117826 4770682 4087805	
445 676 330964 6208713 8603529	
678 709 1840165 1353633 9177747	
876 967 9813630 4099285 794304	
454 159 3449931 7498173 1396974	
499 800 3516758 5638338 2939756	
17 545 6048654 6742670 4003583	
562 789 5661375 4798845 3902420	
800 963 8661518 1633210 2988614	
526 945 5318030 5748985 7745981	
940 179 3482784 302290 8954724	
845 224 2868396 4162700 5987190	
678 966 3322540 5146166 4827430	
640 995 2647012 2362886 7249984	
165 137 6149283 4724307 5610341	
490 720 6198972 7521765 1447576	
649 297 4208323 80304 8928973	
786 732 9342140 4600465 2531966	
734 255 5172345 2499259 8621248	
497 248 2536250 7269288 7020212	
819 760 6281397 1975853 5398627	
971 402 7144023 1356710 3668697	
159 142 4783980 1159664 7801628	
388 370 4363941 9201148 2518861	
923 271 1912493 2921708 6781504	
790 407 6825440 241056 8416546	
541 218 8080598 4521702 8008771	
199 942 9556264 1544551 639851	
118 887 4887523 3828761 3948544	
158 694 5442785 7905650 2203047	
179 930 4157925 176353 7954438	
239 151 3115742 3582832 8760035	
73 191 6312731 4819096 7803162	
404 659 7550342 7345627 3089463	
362 45 7174059 2417461 4107195	
880 794 5598828 3556553 4842032	
218 10 4133865 409656 8539269	
147 626 5470445 4887391 2523778	
340 127 2304931 5702134 6661057	
924 40 5913204 3457145 4987071	
231 761 7987332 1199002 6140400	
599 222 7951109 4708278 5655600	
669 606 5024763 2315103 5940671	
329 61 6493807 8145762 95180	
123 893 4800135 7271370 6969274	
221 212 2854812 9297181 1101235	
431 39 7428983 3795570 2060242	
324 274 4657077 4574569 9771452	
513 189 8723684 3833094 4621624	
880 617 1450261 4557643 6470109	
37 459 2888275 6705333 4755163	
221 104 6821144 6077261 7229925	
953 940 6899069 9650027 1122812	
930 174 8303496 868404 7707135	
579 936 2627473 8061705 2798430	
420 462 4673149 7596694 5407948	
376 244 6198536 1296999 6267065	
854 450 2170926 6834470 6264873	
977 734 816329 6486094 8099820	
429 398 5407358 66831 6645900	
36 919 36398 7134050 7239244	
409 195 4217632 8675376 527332	
367 677 8129713 3372692 5141791	
912 596 4307217 4902707 7007744	
540 805 5952249 3971883 7091280	
408 728 3442341 8719554 4012269	
466 628 9539275 6294848 1411004	
63 679 9907934 3908940 6606614	
793 440 8159872 1943778 5061876	
562 443 1575136 4125522 9082271	
889 184 3514217 7419174 4526234	
826 484 268569 8880128 6799834	
989 377 3304168 4777724 4201062	
37 725 8801116 3536634 2831495	
643 986 7134321 869354 7952688	
774 777 9673373 4487922 3230426	
963 637 1899096 6966446 6993488	
638 882 3910638 7431019 7660833	
247 263 6813493 3470310 1363203	
638 86 1057804 7948342 5779701	
528 68 8784566 2336105 2414143	
785 865 6710806 3244195 6517535	
233 485 196144 8229676 7289207	
819 587 3673855 9157858 94989	
627 581 8427808 8282750 2483824	
677 876 663025 9834734 2914821	
982 273 7877077 1651140 6967219	
388 259 1157495 6989610 5922600	
407 560 6651961 3557213 3900593	
325 163 4940374 4005710 7364760	
125 915 5978569 6466330 4144594	
365 714 6324638 4889333 2776743	
558 912 3425673 7450977 2123380	
339 571 4226110 9018589 1602852	
964 149 3217117 7100320 2353251	
315 424 5207030 3353812 7003841	
517 535 7596039 208638 2666149	
659 678 1509890 5571254 3838749	
672 60 7078884 9495346 1647361	
554 273 4479271 4669777 8686519	
383 197 2510908 7754630 6986141	
609 559 4109170 6361715 4107696	
205 256 57839 6921614 8967568	
479 625 7524775 1133342 5873799	
646 80 8347818 3989672 5822367	
957 519 8214834 7473274 4906692	
169 666 8904340 2059016 8463323	
829 351 7031788 4349404 6625865	
66 504 2775054 4213639 3997219	
885 340 4770193 5927391 1454101	
122 613 8147826 6516988 4810194	
899 511 579898 4768819 9347921	
310 565 8701178 1255481 4813871	
19 877 2595735 4740370 6627080	
12 28 1883687 9900871 6274219	
1 626 1662263 2386849 8207135	
197 711 7397928 3386225 3047322	
943 56 4590206 3763586 5238165	
742 944 3976107 8858817 3369041	
690 728 8054268 1944554 9376320	
635 495 9008307 2473014 4572923	
859 594 9937271 149066 4643113	
74 646 1375707 7856992 5240991	
575 649 453943 8065457 8040732	
612 23 2340582 2381937 2860386	
279 17 9439873 3674956 3778669	
349 93 4863498 175246 8155659	
701 213 9456028 570082 8659628	
826 830 9911341 7136688 583835	
938 768 6267654 5089374 7308077	
748 509 8931808 5615115 4212962	
836 289 3255110 4203205 6835533	
819 220 132407 6551428 6945542	
329 510 5292469 5677182 2711886	
63 271 8167566 3092854 4775751	
165 903 5623079 3751816 2998032	
687 283 2354396 1291856 8836828	
504 894 7881299 4107736 4862208	
197 450 2606434 8916097 6997419	
184 828 3598921 5518650 3385921	
743 131 632826 7517986 8116002	
77 398 4333100 1972647 7705342	
875 666 407874 1250545 9689733	
844 361 5480011 7755951 2014292	
709 84 9211200 2221053 6680352	
571 35 5404029 5373960 1789529	
285 116 7501567 231353 7418329	
212 228 2642611 4984561 6257297	
289 818 3695437 3392506 9494227	
527 991 5035091 9687393 4630752	
613 895 3520476 6376564 4207102	
186 795 5834646 5043965 8070596	
233 727 5170749 689681 7861688	
32 534 4489701 5022907 8656195	
710 30 5145608 4394288 4088386	
64 50 5982864 7238570 2745207	
218 1 4258018 2505339 9753210	
572 720 2868624 1939826 9333053	
352 794 5809887 5381352 4894385	
979 8 4840868 2189390 5377888	
169 179 7699152 6441889 1545048	
389 762 3147310 5027302 3183713	
817 248 3685709 5041534 9140111	
518 537 5425679 5608993 833305	
843 181 8179878 5066310 3900299	
722 84 1742442 5766994 5338444	
764 73 1903485 5817768 2773940	
16 737 7652240 6339720 531176	
792 65 9266424 1212080 1752903	
621 397 4573157 6013515 7277186	
613 122 6695017 2019661 1715081	
348 359 7994691 3111912 5818858	
42 15 7007608 3058907 4258498	
228 380 8774296 3671765 8035842	
920 300 7489427 2809715 7741179	
250 924 2245771 5642800 9152208	
94 330 7633351 2316486 6855204	
680 734 7653350 6165350 2226268	
464 646 3218896 3798248 4245473	
418 511 1441299 5959148 6702158	
83 389 4180769 6439974 3160651	
74 734 4263369 3640261 6782336	
12 754 3168648 3427373 7295382	
976 377 6837236 8626693 1182972	
207 871 328962 4424966 9491089	
108 544 6549657 2566023 9288104	
989 917 5368369 8309106 742979	
47 876 3654385 4725147 6218773	
765 725 2021944 5514048 7071794	
355 899 3486815 3130281 5143343	
536 606 4376771 6920271 4461130	
496 353 9467729 8500327 2894415	
398 637 5807683 608257 3377283	
292 952 5718142 4790229 1067875	
650 183 3903918 5323969 4090275	
117 952 1350813 7227532 8547180	
388 12 1356066 8095001 8151202	
526 349 5340131 7894621 2472490	
414 956 2664973 9141259 5689566	
794 550 340744 8993648 4009444	
117 708 5539822 3363374 2406698	
847 865 9427257 1001399 5326091	
516 985 7246943 789833 8708533	
441 230 5477605 9045275 2817513	
17 50 6618378 5661682 2777823	
42 153 5059012 3945187 4393782	
541 223 2132024 5447878 5634023	
723 7 5929943 3505744 4120279	
626 845 7489106 4748147 5264387	
621 423 9872818 1421328 2881526	
743 914 3046695 8811006 4058120	
885 737 8862473 7675859 1312281	
585 433 6913556 4157973 7108882	
860 136 1287350 7156684 5069832	
297 366 3672469 8093896 4765227	
184 410 9344310 4603932 2196059	
684 11 9693236 2777606 9207420	
836 992 5109004 8144911 2234489	
223 446 4640418 4488684 2311330	
737 246 9291528 4333225 5493127	
298 734 9988326 3688008 986791	
340 828 2708456 7886430 8151758	
480 478 8726124 4973870 2171489	
813 321 6492760 5666532 3633541	
805 364 2348000 9774393 1629358	
856 192 4390173 2265181 9639763	
937 382 6594914 8946745 4638146	
839 629 2594294 5896115 4142595	
859 434 8922634 3618406 1567173	
2 696 5799298 3663040 6722417	
197 201 8304953 3010215 4830163	
681 800 2066636 7016408 3956673	
576 230 8888096 4854978 3707365	
83 454 4258687 4944880 8091840	
499 392 6735868 4980716 2217121	
964 890 2548323 3636714 6135690	
18 52 2486497 1630465 6988307	
687 157 8974477 1451735 4729374	
178 507 7292572 1101896 3382315	
481 954 5020478 9624943 2033755	
548 535 3674821 6232998 6100576	
477 622 82954 8087230 4409694	
384 150 2554034 8829844 1450865	
958 341 9451689 5677168 6385617	
920 19 3222513 6914416 4321552	
575 877 578169 8150821 3300314	
55 322 8381612 6714812 3694259	
735 883 4848177 9359175 3001980	
189 226 3418718 9455924 3601860	
221 83 9378936 1012732 5625242	
355 563 6990086 1717523 8085755	
124 452 2478645 8400994 3251460	
790 757 8090298 2868452 5390465	
596 871 3342868 4021989 5038941	
56 488 9120307 6455591 1998804	
494 543 2603906 5955883 5838626	
404 148 2195040 8332492 3179020	
991 929 104718 4865430 6320984	
577 612 9390969 1628160 6006218	
366 850 6659886 3791380 3052746	
418 494 3499601 3724922 6995079	
710 860 4704459 7013527 4986036	
665 592 6776615 1708881 6722259	
46 16 9577213 3998949 497297	
125 907 4350327 8835320 91594	
380 670 9119750 3515879 982508	
928 270 3361076 9733522 3740155	
588 987 3100596 518974 6323005	
968 292 6366411 93201 7931380	
578 437 2893365 1048173 7327165	
706 124 4389944 7279308 3197209	
128 693 8321753 3515808 5059256	
461 204 1550499 9617513 2860798	
930 962 2160766 5437309 1526761	
990 37 8997744 6689714 1936070	
847 960 5448901 5994537 1210882	
606 801 1720415 2982601 6161381	
98 506 5069726 8247365 3410161	
374 490 8854558 4465036 1295978	
144 871 7310081 6394970 2900551	
923 128 3979818 6940982 543477	
306 882 8141150 6965466 4939873	
246 562 8588232 1267518 4570562	
752 3 2561935 3423541 5233198	
436 241 5566373 796009 8881912	
330 512 4358163 7577008 1808648	
711 379 4364136 6691219 3391390	
881 243 6228089 5631281 3275900	
204 939 4897801 6972043 1280302	
93 237 6806791 5101184 7185140	
954 865 364299 8106483 7516113	
629 119 2870883 7819020 1810518	
259 93 8584594 2471949 3276843	
296 952 3180298 4285676 5639213	
20 964 3339612 5352680 4445788	
236 821 8785411 1431115 3910445	
36 818 5424632 3671128 3950141	
724 405 6683274 4465881 1163888	
229 658 6483179 5408763 5994506	
930 397 8575954 4054526 3853484	
647 30 2256324 6067428 8558637	
159 675 4669452 2954411 8744562	
716 465 2318673 3624448 7848612	
438 754 5997392 1243260 4184806	
607 85 6630806 8173200 2354752	
38 215 2083974 6283844 5825640	
796 259 7613827 1684692 5467058	
403 472 6842324 2715940 1771841	
835 559 2670052 3755388 9674148	
283 460 601937 4362446 8063850	
134 549 2008323 6475607 6650274	
287 560 2659705 3858062 1673447	
53 389 5145050 2710255 8230414	
960 360 5546087 4504338 1885232	
954 611 3741023 7020517 7405578	
508 648 2214302 4054400 6760377	
920 886 4896578 9408069 6383696	
667 388 3205155 7177810 3737354	
751 80 7835903 6540069 952401	
879 269 5503891 6351033 530510	
498 385 4120934 5287685 7686990	
824 841 449948 2060074 9402940	
220 894 1983797 6441230 7920741	
597 188 7364635 1225917 4575207	
893 513 5955298 5425421 2706300	
267 499 5822769 3748210 4342658	
385 722 6854812 7496825 991060	
