964 273 1836317 9931864 5639815 5016308 7343676	
84 794 1496087 7679948 9768282 5644638 5364748	
871 11 1459842 6920864 2589665 4881302 8404096	
575 671 5841173 7145479 3495314 2638833 749783	
192 813 5684244 1531044 5978464 4775748 4057750	
808 263 3795402 5007946 5959191 3145640 6475506	
903 935 4439501 2088414 8893313 5727936 5937088	
265 155 390813 1663369 7286766 5084250 4242555	
819 694 5550661 7260733 1750679 9707769 1544407	
399 402 4619055 6801678 5388157 9100505 3866113	
55 700 8804116 1603899 3927206 1854268 3089094	
859 100 3770705 8989271 2085136 7349756 2593200	
285 323 2747119 7925080 6229065 3690658 3443808	
881 748 3890713 8372047 671361 5904760 9272709	
442 507 7134172 3142203 2094400 8719539 3979800	
593 727 2364144 7328096 720301 8084659 2053579	
411 438 2061313 8904230 9473274 5913540 2948934	
456 714 5526961 75776 8641091 3036910 7226753	
514 499 3903805 5972838 6883181 1534179 2329860	
228 453 1393232 4591073 540637 3013170 3275671	
13 412 1538634 6087765 1298922 5370921 7172375	
892 907 4609646 9679120 5797675 42666 2875513	
675 464 2892056 2791367 9224307 4026027 7454092	
738 434 1839541 8956588 8229277 705708 5907086	
472 223 9946078 4782285 7244025 2699343 5958558	
349 297 462233 7625607 4498300 6323364 9333694	
793 225 8280608 2924806 3066093 5917723 4506913	
632 524 4891107 4110007 1275447 1224041 8235370	
202 682 7699521 279388 7704791 9879123 6816959	
87 871 8112061 2866097 7288799 3948824 1829631	
638 398 6858535 8551730 1871478 1539882 4461529	
488 353 9993498 2698694 4699809 5124719 211859	
127 708 1531973 8760144 3455772 2039998 2712336	
793 662 5629200 2067651 6903457 3706778 1886965	
533 457 6638867 7635379 1434139 5567232 3659096	
569 567 6179663 5287649 936014 1313440 708611	
628 732 9171527 5791406 3894594 461512 4284941	
507 255 6673747 5507381 6155967 6379841 4069750	
744 309 1726792 4353277 5535405 3880703 2207254	
596 465 7599058 3776310 1074274 562557 7946142	
591 549 5888772 6076134 7000508 4751675 1188644	
344 177 9433111 61234 2109477 5461016 9334811	
410 801 6759856 7730187 4600111 3045245 5138179	
53 546 806297 8564976 2275658 2000837 6095921	
464 166 4590708 4791111 632918 9103775 7135624	
505 792 8437308 2580926 3636028 7977920 2010578	
35 882 5219131 3033051 5632912 2124912 5845336	
588 710 1430864 7861639 76623 7167231 5060338	
505 487 7255437 6231891 370514 6606898 2545949	
309 562 6007734 7429886 2715894 1908464 5294870	
825 316 3948525 3076939 7464231 6917753 8013107	
400 126 5836118 6211048 5112482 3729680 8052504	
610 884 1465806 5120272 5470718 4637541 31334	
181 832 6143184 224052 2563690 8408475 2370717	
434 187 3735355 1243108 3580097 4469368 7200389	
655 18 5457286 5249841 8492862 1747491 8126897	
390 972 620182 8718688 3335783 9378414 4973673	
858 496 5857889 8042234 1783491 420748 1932612	
848 597 6724168 2915276 5542111 3766814 2328272	
339 868 7971774 450117 4995487 1118834 6501631	
409 167 9764367 817240 3584965 483128 3625498	
270 177 7770703 5158857 6150483 2502228 4675920	
510 276 8065790 5416033 5881590 3824967 6747432	
96 806 3063552 6516580 4111195 4650447 5008047	
736 822 9484349 8155866 333561 3794342 2706053	
809 811 1126699 4674070 2854864 1083247 8652409	
913 26 2816783 9177539 5766309 7713313 799925	
927 162 4252378 1007529 2300231 5629403 4611817	
233 36 5970010 2308537 7794503 7539867 82580	
977 757 7361924 6143573 7501307 6327003 4127676	
235 203 5527432 3884229 4435632 4143198 5003862	
841 463 6171601 7732535 3780480 17238 2345290	
221 417 7239863 4183394 3274959 2962637 1458234	
623 795 8907231 898488 431997 7308753 6674384	
776 674 2502101 3254142 718365 7782887 7830103	
793 370 6208212 2813802 3051798 9036904 3961511	
453 404 3305562 5010905 4310839 1286566 5934941	
243 678 116336 3736834 6288483 9195434 4241793	
253 941 4190602 7648016 6532859 6192224 7152552	
533 290 1925542 5727117 2847244 2141103 5644014	
548 929 9858448 4769379 6007420 4063229 4777240	
76 80 5314072 5461086 2954803 1143859 2537446	
217 371 1246795 2860504 9074809 2772004 5002829	
185 703 9966134 3659870 8247769 2886983 7571813	
286 512 6845100 4194068 9665025 5282489 3770623	
951 92 4035494 1121244 3425129 9038606 3375693	
148 725 9247711 8663926 3952638 7697605 5417515	
674 422 2687484 5640740 5023996 8072471 3508115	
434 89 8236529 3227651 8202200 2775569 2658419	
130 634 4032577 5955564 3795784 4847837 9399004	
996 430 3264204 4566608 5640868 5466944 3490018	
342 313 4262554 4192001 4490800 4643297 2024569	
22 147 96366 5136845 4732279 7227674 9804191	
589 424 8366719 3267550 1961497 1661323 5628716	
220 286 4947485 8739546 5881768 7088024 7202261	
345 222 3751167 7527405 5309426 7041966 9844865	
200 981 4172937 7251548 4323713 2655738 5486229	
498 357 1119765 3533545 6114752 5365434 3271391	
579 535 3131900 5791874 7167028 5254889 7186182	
687 108 4153828 3636089 816853 3889135 264778	
127 143 8299513 5454530 1183566 4599009 2352793	
835 457 9090430 1881312 5323708 737527 4650344	
262 511 8277856 9386776 5730533 3034395 8871186	
987 646 4413987 4653886 932332 4725298 4834247	
508 383 3453581 6339729 1484201 6858704 772097	
390 758 7006610 4315169 6498867 3871563 5113745	
89 286 1205368 9654267 3158613 6545440 1235293	
324 795 8418956 320847 7017031 868156 5993383	
730 678 4733399 8890763 7065489 6581217 3744236	
598 746 2948286 4225844 1118932 4197196 6557994	
845 12 1201387 4868829 9123619 6843228 4729462	
752 86 3727343 8959072 6763119 3436834 7735737	
724 135 7670863 6852579 1471456 3715933 5757221	
960 249 968222 7329568 4793888 3618397 8022527	
41 909 8281426 8294045 719759 2693093 2010908	
357 641 7885737 9726871 3717467 6084653 1734361	
986 848 4793407 5464190 1424834 8779209 1665378	
992 894 4694977 6062238 1324260 8879287 7621069	
600 88 6296769 7170354 4664096 6755816 3899891	
914 172 2543385 5459517 4149048 4798549 5260279	
406 41 9261878 5296296 3107131 4068994 1963983	
943 521 4248599 8250925 5320105 5554806 8347782	
310 623 4074917 4874987 5134515 7966651 944356	
532 456 1265634 2493735 8226062 4266705 3816475	
816 23 8605539 2693842 3206511 2594286 4041402	
755 170 6356733 5713072 5124183 210231 578440	
10 621 443995 9684404 6198256 3154535 8491445	
854 63 5055939 7191396 4565221 1736832 1198795	
423 815 6588624 3281945 6630626 4075889 9537672	
975 529 5020077 1941916 5111862 6972156 9539425	
863 164 4640034 4563311 7880577 288194 5483747	
683 304 7156238 2665489 5905607 1619142 3637108	
528 493 1636061 2173190 3065463 356302 8573744	
609 973 2943819 5557824 7797845 3261068 3268166	
202 368 8087924 99265 3243064 9772261 1246051	
109 699 4779695 2016262 8902691 6034251 7884576	
202 556 5806540 114788 9740831 4199227 8907942	
119 564 7451365 2168323 1215383 7906534 1261958	
745 974 1526712 4212945 4934923 6087014 3412627	
504 428 5248200 8392338 308575 7427198 795816	
817 907 459934 1263039 3407847 7316659 8310883	
61 650 8042920 2764109 7503822 4925129 5669995	
246 165 1658209 7544500 4189636 7451542 7827316	
980 537 7057849 9329175 1486539 7743111 7912111	
607 252 985748 2652623 7228962 6342647 2960766	
65 933 4187498 2000665 3094572 1925557 5245185	
808 553 5000345 5033505 2300731 8439446 3900037	
136 910 5279822 550431 5856670 1856839 4344035	
648 977 7235698 7628495 2954169 4383811 4682415	
143 153 9150630 8581077 1583170 2057211 7515393	
457 539 3249874 9314249 4305801 8667702 3290479	
224 244 7944998 5405827 6163075 4550416 7517060	
944 834 5590488 1613629 4683310 3140696 6642941	
540 731 2719149 1561230 3835248 3302584 5689342	
709 460 1861653 3812018 9842405 1543366 9323129	
62 542 8745820 8934696 6112620 3596538 2099117	
505 987 7766765 4103571 1213199 9392458 3602611	
602 52 9287310 4079202 5073953 6544249 1432984	
202 242 6299892 7489203 2536617 4745423 7133300	
291 875 7596194 6089346 4970952 1793425 6214109	
594 253 2889354 4774509 6672074 4748505 5365512	
394 210 4583820 3707343 8282363 5374325 3646214	
653 484 6447218 5538377 5140206 7616086 5834318	
833 422 1144981 2424981 7063922 6322235 9176202	
536 578 1318123 9993910 5874881 3413355 8579787	
20 391 3911124 9698720 2242782 2390145 5613812	
702 177 3932152 843051 6376589 7648670 1436262	
644 23 5869060 2595469 2013741 4897791 5117540	
776 98 8772577 3339928 4798055 5321996 4546505	
887 247 4788090 1961611 5629406 3598018 8389492	
391 476 7978819 3133444 2702460 4255621 6634212	
100 780 3098193 2073392 7081165 3288429 3661288	
64 316 4170627 7469619 4870516 6472603 3169538	
380 892 833000 7226100 2570226 616321 7930113	
355 253 6848824 3147229 4202634 3839610 8628769	
635 433 9374042 4572096 1933157 902062 8632036	
945 245 6648505 2121930 2112203 9220781 4398860	
660 414 6717275 3725498 1059657 5396043 6268024	
973 331 5564222 7638661 4729194 3391143 4449937	
459 521 9432774 7072210 5510126 7616328 345106	
978 551 6856270 4603536 6069444 2313657 9437120	
577 9 3095623 4498324 7849636 5860417 7237674	
47 631 6147143 4755304 2950023 7534364 2308810	
456 598 9001955 2290140 6135800 2881767 1922103	
306 46 5521303 2711036 2608709 602773 8940858	
904 137 283890 9913623 5910891 7606982 7255517	
756 638 9266497 1278468 3574741 9494122 2298885	
627 984 5652235 5278162 411087 5700298 7774132	
518 60 5722995 7087744 2330969 8712516 2051162	
370 321 8441120 1151948 4149247 3295185 4426058	
972 899 1731930 5271015 3932850 7562391 8667807	
648 824 1311909 6279682 6173502 126904 6085	
965 549 5337388 67398 7424340 5502707 8651244	
219 460 7228272 1073293 2425254 8108642 9623579	
164 493 682587 4031356 8424814 3121486 9752347	
420 443 4460986 6494574 3139074 5339675 351504	
913 969 4151295 4059975 8720933 9254528 6280310	
265 793 6795895 1531364 2557599 3861185 5963287	
467 645 2643606 7582200 6957736 2249159 7426365	
682 267 9528141 4350343 1415041 1799852 5808656	
217 257 4395686 9176289 3086018 9525500 1491418	
658 901 6700164 7768675 6218675 6671872 4237021	
697 961 4744443 6238309 5834544 1354350 8941246	
57 805 7236775 1393592 7702431 5614312 9885415	
422 471 7749673 4494395 4464276 8310978 6434607	
852 357 6213521 7194711 9189016 7483702 2201638	
325 938 4693527 1586810 7280044 8231886 7937859	
107 442 5383058 9049249 2367637 8990045 7679072	
441 918 5856910 4339248 6052465 992865 4281146	
475 914 9724932 4232230 5323671 3501562 6673355	
710 712 4835333 927302 9318391 289173 8202048	
271 56 4840841 9142935 5037244 6797416 3373992	
237 819 985627 5919119 1794806 8705325 633697	
85 366 5751163 5812930 8850586 5299833 3026158	
141 234 9736108 4738975 4403068 3125933 9318449	
755 707 8681153 5791292 2317152 3032663 8202009	
147 852 6863003 8926223 4780447 628700 3626427	
48 439 2527683 6787418 345959 457928 9757655	
428 305 9042327 9861124 4476121 227993 5540880	
746 907 3050385 3770054 8550055 3929031 4380220	
779 111 903684 555481 7050920 3445051 8366354	
981 375 3851011 816921 2266987 8184646 5220386	
143 176 9387161 6924792 776128 4681786 4357122	
530 219 429059 714734 8244264 5115018 7462848	
636 317 5772277 8281913 1131648 5549943 8087602	
510 51 8724691 6469800 192665 3975914 6566126	
722 638 8912276 1204906 9325478 4341767 5860376	
369 186 6643565 8041593 8703483 2853565 6996836	
861 350 4401301 7513086 8735452 2804291 4524484	
295 787 5817877 2408908 1719770 5491564 7350603	
34 812 2618955 8109004 7593417 4656351 3515065	
244 862 3686508 1975892 8473878 6561416 1536725	
797 398 3472237 2610241 6420884 2016179 9647998	
562 217 2112141 5081517 1162539 6925014 7615156	
141 60 3264563 4777451 6704114 2129469 9311783	
788 427 3137926 3453249 8646329 3630479 8536391	
234 310 5903805 7320148 1690332 7678924 3812674	
603 837 1612846 8285630 1875008 5436558 2477070	
335 725 5799930 7263978 7253344 8034426 2326507	
34 648 9614172 4846585 4147789 1016170 610603	
532 952 2692279 2491731 6155050 4254954 1142078	
973 139 8782944 1991996 9201325 2856383 6987572	
696 636 6987943 3893192 5179841 3675785 5949934	
799 202 2397412 5835217 4330118 6512476 4848699	
16 660 4698171 2566154 2995710 7899270 2240298	
351 422 9424851 4647883 3226089 8539308 3583537	
737 566 1038416 4473075 2166127 4772426 9217442	
834 90 2473875 1610640 7877644 4605724 5987200	
305 66 599086 9921306 3485695 563512 6730055	
288 698 8621479 4563933 5518901 7261802 1683311	
899 85 6959893 4162472 3600799 7622353 4509797	
47 669 2498852 705756 1940829 5312601 99146	
493 897 1712418 4697002 6604690 5121811 1689095	
330 286 4878198 4353565 7784739 7747701 1663566	
949 504 3117936 4061803 3508404 3087303 7251034	
430 48 6139555 4631920 3923256 7145340 3711481	
327 560 7643433 334686 2677908 1017837 9526297	
208 998 1415596 1190638 9182459 965280 8662520	
551 856 5444012 3437893 4588586 7833030 4509591	
532 839 8653841 4349677 6298709 5191272 6218495	
806 549 8330567 4796066 8063381 7766551 6606962	
102 45 2163351 7832760 5711312 1738906 6168276	
556 84 6015351 6645485 6141031 8275242 2587293	
557 549 4530035 2846529 6803521 4607990 4515655	
862 35 2291180 3351529 4415512 7924748 7483668	
174 9 7959808 8898010 3036228 3871839 5292523	
790 896 5661856 4059957 5182144 7442794 279074	
452 71 2006989 4259330 7556082 7563689 2427131	
12 168 8994543 4661583 5036855 5038156 6518502	
860 568 7015066 2331104 8476840 6653466 1948525	
380 988 7519282 7360018 7487392 1750528 6139903	
585 78 4566945 3888203 634796 8450981 2078261	
172 933 1026611 4540085 4553490 4056753 3177869	
638 796 5624991 5330251 9474883 2639401 8934500	
893 544 8836392 2386268 4854710 1687113 1392072	
841 283 2704713 7858241 4074005 4958783 4879100	
21 610 6583140 3531440 3785440 8814278 1761512	
239 202 5418827 6903121 9790598 6992819 523307	
842 227 8202563 5687810 4029840 4868248 1118881	
261 842 9241807 2095586 3049483 4959847 4152408	
580 158 1878900 2969994 8959729 8447492 2536663	
530 866 6646617 4864443 1101290 5337275 762187	
325 109 8060683 2778952 9262734 1619415 5052365	
539 397 4404141 7513682 911668 5699513 6173971	
922 98 6482550 8514824 2651845 2836905 299042	
552 334 2562159 3207890 8956239 6055468 5973630	
834 211 3125605 2047826 5545153 2990975 3452655	
16 508 4138326 3831841 2294819 7280364 3833928	
170 706 1996301 5334611 7564905 2640258 3084769	
406 93 7218801 7223333 7418269 7367868 4425880	
547 601 7557347 4578572 6553187 7626162 7312775	
968 493 883824 7523775 2577284 7997422 4511288	
182 572 6063102 3686853 2619842 8546292 5718598	
990 822 8802386 2353278 9066075 3283611 5270743	
586 260 9098869 4309053 5403379 5829990 217943	
344 910 2196741 5779887 4057180 7132918 3174311	
610 858 4379894 4997066 8200347 8024521 7726337	
798 749 7248287 1019942 3684535 851381 8685879	
83 121 3106425 6050747 7970699 947180 4635376	
236 199 2250924 2278154 8165643 8056448 7321749	
216 819 6259049 4660848 6428726 7568855 448965	
243 758 2034298 3980204 1346906 6478574 4941536	
45 10 5701631 4154221 6824479 7467317 7678422	
744 234 4724092 3891511 6576324 9742840 1885412	
613 385 8346609 1882900 3015341 9633389 53871	
251 139 6181384 4438358 3172390 2854292 2221018	
327 407 1317308 2454084 9845956 1627866 1515114	
40 788 6454418 2665960 2077623 934589 7170128	
854 897 888268 9648202 3619949 727981 7035826	
71 81 5541569 1590436 6249597 8818382 9682002	
250 226 7328350 1874592 6386691 5178243 7224666	
731 169 1922078 9230173 4511407 1517620 7404392	
513 297 5438898 9826100 208119 1040326 5523061	
550 320 263552 3858743 6984071 7342557 8821395	
619 54 6399176 1329185 9130076 2523579 1923108	
904 517 289876 5724904 6175444 4942724 3000914	
172 336 3344070 2389084 5302366 2270201 7147757	
320 539 2019073 3576348 1237281 9154710 2944684	
224 537 9584118 1320845 1623162 9697164 2426543	
405 540 1443407 8693309 2288086 6795081 5470612	
483 632 2899177 8592624 5484470 9626837 3721078	
643 427 4555485 5570462 7074406 6087007 9300312	
64 873 5866807 4637384 3692183 6113551 6757127	
226 669 4620319 4918352 4417060 2403178 6875099	
204 627 4598276 1980137 9865403 906410 7813402	
871 503 6214849 8010183 3997759 9638720 5448753	
854 571 1632382 2383110 4934402 1824642 7721390	
100 903 9337133 1950308 3145945 3827723 3426230	
873 772 8442091 1417169 1103298 2571297 5323029	
751 98 5369787 2599952 1971512 6450342 7239453	
607 939 2355083 7618355 2209174 8332287 5032147	
632 835 3830141 8783060 9942601 1025172 4773284	
40 498 4403143 3777593 2448637 9299968 2723372	
42 122 132549 4195247 4407131 2158537 9976463	
288 4 3227363 6593523 2118526 2492471 4265586	
588 622 7604584 5641129 6022115 3617913 2396177	
187 797 5561649 8915992 1726542 4288103 5504917	
172 486 7224292 1810469 4734845 5007739 4361492	
873 764 2323359 6353094 6781289 6702349 7693283	
165 903 1935316 8561774 2288472 7228613 3987987	
795 473 7618553 485714 5466454 8493175 3934417	
911 327 1204276 7061611 2883128 4059343 4394755	
321 19 8369609 4772787 6438594 9921727 3117450	
359 910 3343631 6719776 7078108 7212967 4663281	
172 379 6330544 4734735 8844032 1470743 1544438	
271 385 6707206 3531912 8324678 8032482 4047532	
241 163 4083631 2844110 4747697 3864601 3594251	
771 286 4106934 1896544 6527391 6248176 2596622	
967 217 1452232 8402920 6861536 3621859 3481224	
111 191 6497442 6286742 434108 9649709 5668980	
307 679 1681615 4242766 4015612 3014923 8186994	
452 352 1133632 4019689 9385121 597544 7429096	
555 700 3184458 2325100 2487153 6306598 3320216	
174 932 2266938 6549532 5938328 5494180 4143015	
689 255 4791785 1307650 6912545 2124863 8960682	
620 852 5386110 4776898 2298192 2030653 8399496	
657 165 2042903 3892602 9003532 340036 6476276	
532 119 3663913 4825732 780654 4296294 2243101	
52 702 9135136 3910330 220313 2378528 3453864	
375 390 5581120 2890556 1986586 9514878 8211251	
898 919 3642548 2424427 6337358 457654 5894026	
638 434 6608693 4159542 6642796 3829068 2801043	
885 145 6632321 2058612 5761119 6584076 2764930	
727 102 9846755 2898975 8445311 3414395 9380902	
187 936 5481281 2108399 3009540 2199900 6302427	
494 405 4632523 5760026 9088469 1581459 3979644	
225 150 6401327 3025862 7835865 1652506 9270002	
568 291 8231762 5159563 1946380 3729944 6674998	
84 662 8295083 8657651 299014 7406050 4347226	
623 763 8093115 2304509 7904331 1209078 235772	
33 748 4019948 7413090 3600429 7132189 5148028	
401 47 1777814 6823579 7102323 698798 5602177	
581 42 3379094 6728056 586096 4771773 817484	
843 625 2648648 4731514 2634116 9378318 4699495	
770 533 7506137 3371500 9388200 1918361 6181557	
951 83 6847968 7023851 5063080 8447783 5203765	
927 56 6718177 4374182 8981519 5696455 8317169	
52 874 3387002 4721614 7561714 7812109 1629677	
971 286 9846067 6766758 7286954 2488206 1477126	
1 323 4681881 3803938 1789465 7398802 9312005	
439 356 3644140 8671478 3380092 6369423 5896520	
495 380 1611046 955978 8695288 5961502 1681093	
818 813 8568709 2131231 6083711 3752687 796047	
28 960 9581669 4340063 9684791 1762541 6000165	
427 789 7918641 852815 8128615 4358756 8003794	
259 907 4849670 4899880 4017086 8428479 8741490	
35 936 2309554 7272024 9439942 1328286 5721231	
521 22 2785766 9037668 374654 1984553 3700332	
678 900 9933741 1537751 8014770 122342 9821707	
921 888 2208003 4270775 7335970 2626079 4895295	
609 831 3736476 1937763 9301348 5464113 3612490	
56 667 8923651 1417679 5865209 4231470 429354	
130 719 922625 5264286 4001904 4884936 7252810	
637 387 7643004 2327640 6871434 9585192 5278218	
152 150 2968445 8459279 3980326 6104424 2610604	
477 747 836437 2494455 1334174 7228559 1987232	
658 394 1839240 8539477 4948715 456034 8743918	
75 925 3235895 6329943 4422911 5707736 2553987	
908 630 2215757 7408520 5180436 4737902 8608475	
791 355 3007920 5458444 1565132 1846621 6510318	
139 502 3809404 5822958 5748729 9976878 6126953	
971 26 3877112 5571603 9295626 5350646 6564832	
716 117 4581340 6854771 2207750 3119511 7061432	
620 393 7791663 9639163 3280555 4361193 7088044	
187 91 8267848 6216379 3904189 8122752 5167042	
255 607 4675550 1813468 9014508 1159448 9808532	
443 201 2015952 2507794 8542456 5547888 1831543	
295 400 6692935 6681390 2424199 7579374 1171240	
242 767 1930989 7817895 4997021 8550308 5253372	
960 620 3459399 8020034 198281 8664317 7334333	
695 906 1320402 7038076 4345084 2803932 5866175	
964 140 9926661 4775697 6298441 5463100 587233	
901 412 9438224 3878972 8621494 7875589 6235498	
420 529 8271819 5332386 5245618 5985441 1750071	
822 129 5637437 3295207 7404061 2288224 1507030	
297 712 6989636 6748332 2330986 3877050 1394851	
670 322 5239113 2666776 9301697 5853528 7172175	
438 550 7385907 6050588 2480098 6998614 3454133	
507 753 4968989 7669589 6022345 6846243 5136593	
626 184 1275281 9156071 4797820 8923057 4774675	
529 854 4106422 8318747 7193522 264180 4654549	
436 745 8183262 782534 8320191 9513976 1856337	
480 655 3254606 6455115 1852725 8555509 2207009	
645 2 4634278 195204 6958118 9713837 2986240	
987 891 3377323 4235123 7060813 883877 1932306	
780 369 5218526 1323773 4837853 3615899 8817935	
139 17 8328757 3060205 4941250 5540269 8356942	
987 680 2631649 8572115 9949814 5078654 2075076	
528 685 1444011 7801419 5305856 4475750 5544883	
769 96 1638336 3562833 4384933 9786978 3362247	
108 651 3280744 9335393 6278773 5686819 458815	
304 527 6422692 1551927 3462645 4243979 9226129	
607 899 267113 4040010 4849358 2226186 3580512	
5 994 5097643 4135092 4848395 8038437 3752842	
26 289 8645094 4216655 3432852 5918262 7467318	
670 410 5944544 5777904 6134433 4898656 5929420	
611 925 7611092 2083066 9506512 1206009 179840	
116 391 4037512 4627993 6903621 7393162 4810172	
97 993 3230891 5893934 3710943 561847 6886586	
430 809 6806488 3234080 4006634 1494102 6816836	
441 774 4647804 853017 4386740 661598 9983457	
62 996 2278332 2173214 6554547 9582389 7718337	
185 173 2880048 711388 5090574 9082276 5122538	
825 673 3441267 7621744 3532011 3812928 3343740	
634 118 1733026 4727737 4045455 6247280 5241727	
482 927 6079088 3661791 6676498 9265452 7583227	
490 859 9063135 2728517 7270991 8420157 6959634	
5 821 2419711 7948300 456527 8309672 6539596	
170 300 215781 6756347 1401515 2041073 4655867	
819 489 2172730 8539304 8879434 1540046 2387207	
98 212 2422092 4248602 3044110 3781073 9163263	
250 902 3151650 2246933 5747620 3709020 7223714	
385 374 7197516 9516775 1492507 8497644 5620157	
194 868 2312020 8725132 3746195 2119044 9666658	
923 425 4777395 2244135 8871477 1160143 9499770	
545 157 5989317 3869875 3596882 9891880 5052931	
651 495 5535266 9494228 482324 5231908 4926857	
234 105 3989676 7751248 1849566 8939061 1071181	
852 487 5843790 1932076 7127110 7753123 8412384	
802 498 9563383 1068475 9028263 9156747 2204085	
728 217 5260671 3931261 7560688 61152 6758790	
359 960 8942538 6808155 3772672 5892568 1884087	
90 481 6367222 2746173 5563621 5447335 2208333	
370 656 9105794 8964149 107067 8482084 2573049	
950 532 2141047 6287383 5502051 987737 4981504	
218 587 8492856 5469369 1477003 3401604 8297329	
35 369 7633507 5601631 9151076 1322443 5379536	
650 390 4096755 2137292 9215287 1100417 4996579	
650 699 5518933 2661473 3044494 1029306 6274513	
265 102 7439535 1493619 3544758 4427271 9948106	
185 448 3099065 5742519 7291767 4244575 2014530	
938 24 8125878 1209046 6508927 4769112 6132372	
503 189 9772867 3122286 6765607 7742223 1762627	
696 460 6546025 6551221 6504427 7210324 1108931	
876 930 3191541 8398799 1467882 2896035 210679	
825 815 6653241 7346833 4962734 5790763 4260083	
666 311 6659807 1047111 2996095 3098904 3493468	
216 255 6108744 6322178 698637 5440951 9814473	
880 315 8812064 2512399 6377617 6464039 2529415	
755 901 22049 3443288 8850399 9019567 4125675	
907 334 5822451 8469681 7162724 4288391 8722867	
355 312 2674197 6850583 6808237 3780818 8394396	
157 525 913422 6873751 5950556 5073943 2225967	
600 827 8426735 3059950 1761241 9969158 4768612	
114 173 7968062 3206254 3094503 6306188 3205960	
318 217 1935897 4094309 1652293 7242077 8810919	
283 974 5092281 2733688 6920475 9058631 5096111	
337 924 1558386 2168044 1005941 7975863 9440801	
841 952 4609586 1206118 7629155 2146366 7708481	
580 164 2756996 6225133 1959961 6073154 6620227	
357 19 3177191 1822045 8822090 2320496 1977789	
178 20 4605187 3533083 6474679 8009273 383002	
827 17 49106 7109914 2813147 3476985 5302563	
701 724 2302437 4273102 4741918 5846894 2138102	
404 479 8869056 3739529 6650371 4945112 5982871	
753 251 4775938 8979528 445064 3540520 9885212	
612 202 5508600 1192046 9536888 6290014 6033042	
91 449 4416028 6153631 1093606 4528056 2307780	
569 183 5609253 6850850 2732085 9630797 4784525	
197 976 1049704 7545255 2897267 6064939 111207	
688 440 7499756 4006145 8638942 651157 9772352	
683 411 6089603 6359180 8801740 6724742 4569509	
636 703 9260919 3987474 8831190 5349360 3892021	
224 51 6195254 6610892 482619 5221827 9799752	
835 5 6354991 3576600 7605996 3948885 5065735	
758 76 1122658 7856704 6316673 6312469 7436197	
658 753 7010129 7148701 7391489 2830765 4027901	
557 945 5141538 4013711 1546121 4595953 5332200	
551 963 5138446 5239229 8141968 1923051 5366426	
373 122 386092 8640351 8124965 3308735 6179218	
728 913 7728082 2172236 840909 9944883 5179435	
294 490 2263316 4879784 6239158 4441722 8849511	
738 675 6456754 7254134 7509910 3299315 2195246	
124 101 782270 8541190 8291078 2505676 5933029	
182 641 5599023 8154743 2018844 5731551 1741612	
62 232 4192398 5467093 2832945 3726838 5572700	
57 358 9622064 7851766 7702783 6265631 4422569	
223 58 7115633 4201207 3483488 8559133 6298880	
766 751 4552636 6729028 6536506 5509896 8247256	
65 661 5052901 6027233 2925740 1103453 1736015	
599 87 614051 4785238 2593186 5149063 4516739	
100 489 6918037 4442927 4333955 6334652 3821301	
557 809 5749074 5254185 3638482 6423405 7240594	
367 817 4651416 8059502 8461900 3139960 5390329	
813 761 6949454 8928741 6136065 2476395 3668518	
13 281 4656019 6369393 8628120 4981553 475953	
661 129 4462093 7402660 5136057 8207985 5091000	
999 13 2689763 4275660 7075092 4352276 8694657	
806 866 1840624 1203286 3171266 3739638 9790204	
372 481 4326699 1833515 5500143 5647800 4585874	
989 310 6282714 6467435 4149162 5154688 3671053	
761 701 6898449 6338480 3171132 4993711 950890	
470 91 6715783 2978464 2016798 1920727 3938075	
782 66 2245595 9315590 1781536 3743223 9914734	
635 525 4169525 379942 9539598 9018080 5480462	
788 725 6823802 5121792 8817313 8585801 4539025	
58 129 7338628 1657151 8003512 5422822 1126378	
983 51 6607913 6618652 9293683 1231942 740286	
646 974 7677887 5566248 7760039 5920042 4956228	
253 459 6063287 4410366 9147722 847785 8219591	
157 219 3739107 687689 1582308 8261947 8282340	
203 594 539975 1835932 8843612 4533140 5048998	
216 209 9446592 656051 7539053 4460199 3437513	
786 586 7272916 1598959 5079837 1659519 7192840	
178 246 6548321 5031981 7979941 7715207 4044297	
613 963 4270793 8414269 2832887 6931374 2548709	
592 275 7153791 3425484 1254687 6706399 1445673	
473 536 4907801 7985228 784888 4159262 4142759	
809 459 5057335 6625418 5096903 7791578 3584560	
886 497 345185 8640920 6886824 3376579 7187258	
232 850 7404560 3286648 7151000 3022108 8526963	
512 814 3184529 8801790 3304934 2764900 5937764	
69 149 6237276 115247 2415524 7624390 5913554	
52 933 5293259 7986354 2300531 4316584 3122744	
977 834 7841074 7842812 1626688 2990235 8386238	
898 745 3963301 9617586 2469083 2373353 4437624	
873 815 6583806 6634828 4720272 8780994 488401	
145 751 8386118 2082986 8343514 7910892 4794640	
315 64 7397642 7208846 1672123 4825941 5901242	
717 371 4042671 9397263 4229265 5887181 5161319	
294 670 4580559 3962045 6485185 5086009 8933744	
360 377 7499702 3237290 3529430 7921064 7240978	
972 110 5098017 697417 7964125 5848825 4904469	
894 509 5674696 9630307 4158078 334222 983148	
886 530 4731764 8937672 4043488 3281938 4660505	
682 417 4813645 6542430 2365991 3712927 7984974	
407 345 7121887 5714135 2148936 8338985 5303991	
519 240 8868821 5493322 6677830 4022179 4341091	
784 415 4133191 3402723 1276736 5476667 5641771	
224 263 3599147 193232 6414937 9370495 9142464	
966 717 7940417 970517 8226390 6994548 4688978	
62 305 8506761 4408080 2902533 5965086 8604977	
437 417 4955078 4573268 9742784 6326447 723765	
733 725 6830124 1611598 5672713 978251 8223416	
761 926 5495217 4112829 4047258 975095 380448	
103 182 6398290 4633840 6084204 8768801 5007506	
176 670 4046422 6169244 8141411 2198147 5884776	
1 560 395036 3258826 9368800 7451052 5465273	
516 939 3580447 6606413 2246403 57619 7772650	
414 844 5775270 481257 224906 9435213 2172332	
5 466 5069173 789749 3164675 6411408 5788229	
140 14 4613926 4216275 6202627 1521624 3144384	
963 45 5151585 5712572 4585960 1452620 4819282	
487 453 2937337 5007795 8137022 7227681 2676644	
277 850 3998610 2039919 7300471 7502128 1417320	
953 785 1784391 9017339 7971242 7961143 3452412	
542 875 6498877 4698820 3339355 2314227 6717883	
863 475 8901719 4092297 5158295 727413 9993128	
179 252 8283471 8781251 920164 4603194 275571	
872 9 7369510 4542715 7218350 9745785 4925584	
442 107 3588553 3342945 8191967 2775961 475827	
857 10 7898071 8588789 6230687 3107767 758745	
163 976 1813340 6958770 3002065 24738 4226665	
180 150 7345965 5374093 5036707 5951358 641837	
290 756 3795812 6349559 2080451 6811195 7550040	
524 296 5867304 4309632 6921227 3096457 245933	
757 614 7657059 5071554 1906831 7776101 7680313	
493 953 3463833 6803710 3902110 8020123 8137191	
992 282 6283211 2361251 6044104 6330806 9570943	
965 676 385378 2137367 4570270 6795231 7750302	
402 691 5297563 8087808 6391170 365297 2532450	
734 795 4439836 3746921 7051332 975397 4750976	
540 927 7613963 5224909 3512886 7843487 4709532	
332 508 3629954 4775129 5213114 1187703 8471629	
222 127 8196246 258522 7485369 7202947 7217006	
54 93 5048278 8984149 9175609 1416126 3652784	
797 991 9723328 8314629 4193418 4785532 3166067	
98 786 2217768 7012972 7063738 4415511 5191866	
906 307 7935925 1895216 3715707 2258639 8394684	
434 638 742334 8472949 7232610 2743068 387290	
566 979 1258122 3375836 5868601 3982885 5326232	
484 476 9125281 2282531 5193544 5932396 4736186	
93 854 9747560 371865 7938566 1632644 3012019	
943 991 8375419 3924715 1845370 7706011 8390286	
458 812 112194 5191592 7026694 4642045 5450766	
104 803 7996414 2969387 700064 8060758 197537	
917 394 6242620 3467592 1523245 3975175 7811461	
864 304 2176468 3818994 8071699 9217450 1816620	
359 548 8356928 8959336 3889659 4650289 6531911	
190 23 4131697 745092 7647863 2488986 7634000	
661 894 4618362 5932797 6947742 120465 1531423	
172 212 7609497 2307038 5953087 3908012 1940869	
525 295 8511616 8210732 2365554 4562733 6215750	
998 402 7400057 2112976 4850860 3647021 4193967	
614 397 1892573 7886990 1605616 7602371 6916131	
73 664 2782352 8351698 1782544 3857336 6641077	
593 271 1755503 7935178 4031261 2855847 9836532	
240 435 6504705 2856867 4468141 2973335 8237818	
609 197 7443896 9413297 5107170 6203294 3734812	
597 833 3703825 5875217 8838413 619350 7549882	
37 186 4024594 3318512 6622891 9277277 3705879	
625 535 8934074 5656889 5079458 4434545 7162531	
854 793 3128843 2545403 6620234 3136050 5742897	
450 466 8165729 7539477 1349621 8429677 1018186	
856 403 7727598 802852 5747136 5698819 8350618	
893 708 2245926 8881604 2888761 8606806 6516005	
993 180 3337421 3130248 6435802 4089469 7600150	
596 321 7304806 4919555 8928205 4862368 1782206	
551 561 5554939 9522843 523261 7697978 3709090	
891 967 3902973 4323570 6303724 6804245 4427576	
543 282 3523066 1034410 5177056 6576402 2349136	
313 564 294450 7793200 3067236 3037989 9826157	
625 598 9018180 7902332 7241548 6103605 1325708	
583 492 6861804 3985266 7830058 1637376 609669	
121 620 3052475 1631828 9607496 6680880 5039901	
670 245 870589 5785997 13070 6567001 5824164	
202 376 1898782 2150664 3731421 5719974 6309661	
61 776 7725632 3564918 6439471 9432481 1425232	
130 508 5348444 4082357 4902247 2175181 5005188	
667 249 5636514 7813508 2923616 1520821 4244640	
500 341 4222822 4186224 944939 7111985 6066355	
926 281 5126656 7356492 2382672 7015598 9985424	
797 342 4292310 6910923 3198119 3218831 5707949	
498 338 5241593 7526415 1123899 561223 8028064	
234 913 64523 4527530 9514186 1504734 8274904	
622 338 6330331 4509358 7350392 788612 4710696	
739 826 216527 5994802 8214082 1423945 9422938	
667 169 5333791 288029 7960330 3678687 9395869	
193 548 3941008 9275518 9396351 3142061 484251	
571 311 8401934 4703981 4604028 5303308 7370581	
457 172 5965387 7392314 1012858 5326473 3309979	
928 413 4773941 3912246 5859624 2665768 1627805	
564 656 3870958 5386323 1887638 7639770 3496706	
221 272 2431762 9917432 4985030 2506695 7041907	
422 597 9359581 4317683 4752148 9614666 5257635	
269 358 1851467 1224398 3732435 4149747 8667423	
765 827 5635580 8624043 6835351 6872085 4481386	
337 687 1898046 1579932 6672562 5041844 100376	
667 700 7925757 2400421 6567102 2241182 9045026	
414 620 4615287 2315319 12513 6203645 7289313	
829 57 5602572 8403725 1966296 4160154 2135504	
151 873 9256123 747663 7625078 4822554 8263794	
39 513 7733852 5466332 6566799 749871 123832	
571 851 1622564 7031499 8418047 6369106 7120815	
627 891 361625 4466308 2636598 6367506 4353185	
191 232 1276746 672279 9567460 1005798 9335914	
519 310 769254 9826587 1981965 7436663 1946719	
387 555 7728213 8796815 2010996 5561428 2187754	
454 725 3800924 8028413 3931932 6384585 9209125	
924 502 5623362 8028315 8506908 1523970 5918910	
281 471 1796972 5519464 1019502 9155570 3251111	
347 409 7321853 6196350 3980120 3169825 5009378	
783 640 9162084 1419230 4556395 4547863 3909454	
528 555 3776191 281707 3719824 8990275 6616381	
389 1 3548756 6640728 2803778 4250133 8572577	
74 710 9984337 485046 985814 6421402 7348258	
205 526 4358014 3005280 565598 7461887 6297157	
401 459 8693312 2622452 8180896 9774348 1155587	
303 470 3657624 1925593 4647898 8084217 9862010	
271 827 5003922 2299444 6821059 3541284 9341275	
837 394 2767609 1919886 4041937 2374092 8252908	
273 848 9934799 1296242 4009193 7803252 3496544	
587 497 6930874 7418772 1905576 6632418 7472620	
256 781 8909181 4965936 2071216 7871523 4759670	
763 83 9392353 3876115 1395528 4647810 1178501	
980 823 339545 7083606 6614424 2359949 5904333	
502 47 1237685 7709129 5139859 2394501 7338107	
335 352 8801090 8245429 4851301 8967589 1741700	
247 799 4229195 2004726 1237691 7065215 5012824	
297 901 4846861 5176686 8251527 2439278 5642657	
376 136 6981375 4643924 6586824 3299454 1288248	
467 314 1149140 6200203 6569763 8299878 8099284	
796 192 4756181 4444662 5086532 6946824 7427589	
370 770 7945121 3299074 7721201 4593767 4280221	
914 751 2399513 3145126 5669266 3932556 7919887	
955 696 4816232 7405228 7354052 6452921 8155842	
335 880 6953751 730035 4385531 7840004 1213236	
654 839 7057125 3304304 283732 4374233 4103530	
875 49 7564773 3332811 6924348 3357682 61842	
135 202 7880336 6026719 1805447 5290402 9257452	
29 654 8034694 109141 8097890 344258 4167517	
410 858 5017516 5859972 1448453 4842513 2115313	
744 152 2924679 3803450 2444900 4526511 3396931	
273 141 7394783 5663041 4928097 8621067 4018975	
552 763 4735316 4316894 5840926 588799 6301397	
129 87 5188685 9391859 1363503 7404353 6709386	
345 117 624681 2673296 5110864 6651838 4348377	
166 535 5605025 1688370 7930091 8271082 3784107	
824 7 1918708 4955236 3788424 2265938 8899135	
474 788 9657090 9150459 878180 2561188 2792610	
523 875 5134124 5264867 4476272 8869097 3245683	
143 248 2405904 6810468 4563614 5494290 921747	
502 550 5632888 4803018 6108339 586762 2088212	
600 47 7511373 6704288 2102246 8276623 4417382	
338 225 8567474 7384310 5006785 1581361 9139300	
463 289 6191770 8418063 6607087 7425852 3359169	
768 670 8826944 3429255 6081404 3765075 4878034	
926 140 7591289 5538161 722070 6400298 7466039	
395 188 8576422 2011267 9034178 2221597 9353625	
315 659 8477770 3179580 5368601 6015817 3923831	
203 863 7750224 1082234 4642175 8496259 427349	
731 14 2254351 9882135 9483676 4668596 1748885	
249 290 3913865 8912187 5519685 1311885 6058584	
897 368 4694276 7629827 3325787 6990144 4636251	
754 9 2529390 8449478 5517329 697507 6150326	
155 570 7666154 1201230 2681781 6272115 1586742	
34 602 9934226 5394167 1148439 2895005 2703209	
310 504 9783652 1195353 4390450 451301 642975	
124 539 6184177 4652798 5220099 894203 1289193	
462 800 6022537 295910 4472490 5566875 8485660	
723 578 2233082 9200925 1830553 6429854 9099198	
211 489 7279750 2177098 4508221 8975766 3410363	
73 790 3674436 3206779 7903344 4081404 5814294	
662 1 3196962 5865031 9379525 2335590 4891300	
688 32 7130166 3186299 2734673 3998039 3738763	
483 892 9864300 7394843 8043310 3040997 8328467	
458 991 1116784 6049838 5035745 3984646 9413654	
829 589 6818044 6660317 5439599 1962353 4064467	
459 808 642412 1006146 9461166 3900315 8557020	
365 425 5450296 1100915 8629072 3583611 9126742	
9 571 5539802 7042794 6495100 2898324 5575708	
730 262 3325607 3285125 5923759 6316323 6334204	
854 966 2587305 8536708 4527862 6054543 6277916	
779 18 7115035 9008325 6042866 4159676 5962161	
159 731 1405807 9771695 6576858 1494378 5342663	
597 506 8117625 7377767 3022124 3812931 2391747	
881 541 5037530 6382134 2323741 7869049 6229848	
830 81 5114452 4305569 4943002 6948217 7437213	
438 477 9732105 5908552 231475 4658186 3045115	
147 718 2977594 5390836 5946227 5329599 451014	
78 198 8788542 9081601 3862459 693122 868830	
683 349 9822270 3790680 6781746 5697371 4738621	
231 543 2167845 6875616 2796782 5656786 8610208	
204 422 5495000 8431145 4921351 2883352 5757272	
194 351 6107325 6844879 7691030 7855884 6092499	
317 927 7934474 5459962 2316166 9424395 2999716	
928 904 5487728 3798753 4854755 1978968 4244192	
500 365 2732771 9244855 6623070 2994189 9949825	
386 563 3528554 5093823 228979 9951795 3696381	
854 423 8807712 5974213 1507582 6614322 1533865	
764 826 1180923 9355386 484523 3471493 6863284	
530 468 4248637 3946555 5183578 9408575 4291050	
318 282 4488891 638788 3731768 3345952 8004821	
449 284 2469217 2268527 4848251 1998689 4288990	
852 625 6577435 9703232 3449083 4804073 2006144	
536 899 6343485 1114179 5512312 5811448 1410060	
848 242 3838426 7995940 235508 7487360 4842785	
959 736 3770506 5442996 2168982 6143483 9052630	
240 599 7878897 7125489 2975736 5009796 1419758	
978 780 5880502 4826084 6485110 6845584 2803938	
199 94 3737241 4234500 2734526 8544896 7535034	
872 937 3006856 5339006 6128496 5021972 4153127	
986 807 4779534 8991700 2932567 4815583 323388	
92 258 1901812 8524339 5043085 5458101 6099758	
767 74 4411438 6909000 5073385 3740767 1997510	
197 231 208879 9942785 6537477 459102 8050667	
569 651 4757437 2172283 3610183 4517278 3138939	
371 967 7205277 1054768 4540925 7892009 3466719	
3 788 2931386 4745183 9454285 5287883 5443712	
316 624 5664968 4564183 1829785 3075548 5883805	
137 438 5039790 4694981 892488 6426828 9797086	
85 131 1850967 4723821 7029678 5084327 2088654	
991 419 4174550 9934685 6237964 61817 5864556	
4 881 7660057 7084755 7578032 1202276 5174737	
407 371 3118106 2140395 8283167 9904696 1770191	
165 794 3232865 4306647 6406479 3588408 8406685	
679 925 1295373 9030495 5441432 6258354 2196984	
86 845 4322613 9589655 344075 7211500 5929755	
247 665 4525143 2202221 6802751 5736930 8039088	
72 954 3147477 9298989 7880899 3452993 3405515	
868 54 4847605 9118223 6696081 2288825 2788855	
467 877 6846535 209988 7226238 4420203 5657847	
201 721 6562831 3260039 6546070 7169891 48173	
480 596 2777722 7138551 4003229 1727961 7044743	
420 220 9492003 3232482 9036330 6156053 3755505	
501 540 3679433 5862760 668758 4971949 4998695	
527 548 2737960 1238714 2211187 7579606 5474801	
879 864 7723843 2284559 2024378 7217187 2737526	
316 592 8210451 241912 6697215 4786915 7533978	
915 904 29442 7768229 7261336 3614482 3012038	
508 884 80549 3169481 5032921 6580119 4791714	
449 909 6014426 8737298 1763327 3529298 5473101	
479 923 3818393 5400824 612369 2452438 5472262	
776 103 6810383 1305150 4199129 8012741 607115	
79 706 7458813 6338403 5541351 1087276 4227269	
791 130 4361923 7559653 175101 4371037 4613140	
531 961 1281818 8456178 9210323 2749099 5744617	
207 22 7275813 4253748 3759703 8853527 7596672	
58 59 4927992 7721022 7635850 3517417 8493600	
380 832 4670899 7346640 344579 9143213 8620160	
881 499 3168294 4414356 4362782 5084472 4454545	
837 245 174842 1627115 9259904 9956092 1901125	
518 400 3998484 770707 5872658 835836 4812276	
813 560 6763615 4377887 6719862 3495477 7945426	
820 389 6021583 6779008 6981432 935231 361937	
209 640 5128970 2560795 8071152 6465562 6162573	
72 920 7094058 7109694 4286331 7279792 4195634	
234 595 676150 4210110 5195915 3781915 5488409	
512 70 4173658 1176520 9378634 8421383 4403397	
591 211 7748274 3327029 5302235 5301966 7505262	
118 498 6773393 2621217 8493491 6901760 8292831	
492 380 3406654 5198894 3052247 6823649 6765818	
66 444 7171023 4327826 3671450 5370696 4246680	
967 95 9059545 2500143 2010864 2975949 5993830	
335 249 2825919 7771519 9066438 4558587 9515617	
923 871 3148946 5274800 9580937 672917 8576049	
77 159 3445304 868914 6912781 2150074 6597304	
121 836 4927001 1273922 6881573 6963340 4809816	
940 872 934475 8947290 4902861 6850645 664470	
814 81 7805496 7896135 1902721 4778698 3963238	
313 605 5016832 2582985 2063748 3031553 7298139	
73 315 3860370 9234869 7884038 6009795 3560727	
526 203 4689196 1204471 6291452 3871782 542430	
925 294 2101320 3712344 852795 2616873 6664503	
445 217 5400623 3092503 7175988 4860766 5027067	
335 954 4197867 6549959 4261335 7418267 1306084	
479 697 1680074 6976417 9559227 6659073 4823599	
657 740 8800402 3912568 7755307 1484655 5754643	
992 865 8416691 2470993 1845954 5441618 8363323	
703 96 5408096 3307767 8700998 757194 7729665	
296 764 4054578 4297060 6524739 7651419 144238	
708 704 6729385 896030 8982876 5203658 310860	
878 431 4086306 8694774 2659691 6960439 7373025	
553 655 7441709 8939849 891090 7871791 1291020	
306 155 4509365 5928170 1369779 5002973 5646512	
322 327 321705 5084131 5737006 7352266 4641283	
273 869 4973479 3370470 2719367 8277693 4600151	
879 463 4296033 7612184 9268932 1245812 7874567	
603 837 7660691 1286572 4440991 9752796 7349044	
478 624 6434661 7490222 7586669 5965101 4967720	
624 318 951163 9224670 6844773 8592273 5583893	
533 886 3918918 7078803 2588647 6186300 3877642	
218 57 7064027 7361951 8478752 8644048 3740841	
615 455 2718276 6839609 293456 2821493 8988972	
35 91 6951931 5286468 4867298 6315567 3773306	
395 640 4884216 2411713 8383988 9297874 5383239	
802 515 4116822 9694507 1133878 5643081 5803880	
740 445 3996580 3682625 7889685 2915385 2464415	
402 601 7283399 525935 6449178 3986674 4620207	
441 901 8067807 6422306 6173328 1115413 5282633	
391 873 8915496 1399239 9901750 6138542 2013157	
16 136 9486166 3805733 750247 6868573 6089150	
977 542 7857442 7491378 7626065 2712991 2192340	
943 106 2768640 2567619 6550045 5300548 6786356	
986 998 8422447 2275773 8657757 6498448 1299921	
180 842 4318893 4435565 9406106 8122745 1556432	
258 884 7422014 2933926 1340657 6210444 3489023	
259 63 9005373 6088665 121378 6029259 2883243	
40 671 6137408 9950953 590219 2946668 2828826	
392 987 6381704 6227886 9234804 1361735 2811077	
361 519 8830304 5367920 4092531 7555065 5599409	
940 259 1254101 9519510 5503729 571240 6249655	
84 675 7805281 7022364 7455423 1055905 4969782	
352 913 5489319 4405552 5519985 2150433 3360414	
308 594 4016192 2644347 4463719 1107763 4063481	
141 486 1899261 5547524 4276758 1229366 8191626	
74 467 374168 7564718 973676 6352112 2697305	
794 420 747029 3765982 9214405 7536737 5302276	
863 880 6193109 5485022 8945951 1380283 4206358	
530 171 4431363 7193367 4406628 4328473 9543124	
208 869 4765912 6599673 4680861 1403813 7995156	
696 539 900101 8291030 2593198 2273349 3093638	
848 717 7095079 3442245 6227602 5714405 3510874	
202 32 4292388 6051684 9562789 6888677 6941041	
267 481 866341 8264559 7064850 9496576 819560	
811 295 7459267 7294679 7001630 8503909 2745938	
81 364 7099453 4061032 2290086 6949958 9092550	
288 945 3370951 1099387 4387283 7237548 4424091	
762 736 2301990 4843754 4184094 76836 8018234	
363 462 2967584 4872575 2572667 4358798 5439124	
359 822 9855581 1451567 2856335 4128147 8090293	
256 150 6037497 4662736 2203374 8812144 3583966	
422 813 3551648 3565071 1418093 4398356 9227541	
997 557 3770230 1946920 9638113 3451628 5231992	
147 439 5064911 3963033 6173235 6204447 5498223	
114 167 1768343 2193446 5829222 7698182 5588962	
799 831 8606050 6381292 716608 8493413 1619362	
357 596 9516226 1912194 6079440 7750312 266465	
870 866 9581596 5656314 6116108 6311715 4924543	
990 65 1981230 739260 7589778 3715407 8180858	
47 21 7702191 2692523 6498562 8344738 3155343	
853 339 4115407 2216472 5675146 7255332 3817184	
985 188 3387901 2958868 9133604 8878267 1383272	
816 952 1970167 479405 3292887 354000 9221570	
130 826 9383968 4984952 2572146 8010769 5502388	
498 53 4292603 1653597 4175827 2002775 9868732	
225 282 9823903 7532638 7261071 649110 5146552	
83 817 2166247 508279 8043454 558912 6909903	
28 107 229000 5188530 505487 5904817 3226248	
890 35 5964760 6033838 7897317 2466960 2974584	
692 731 2205886 1389603 3658199 2247521 7861566	
888 103 1215191 3761653 6170967 7730703 4705155	
692 898 1841502 7359131 5912270 5802330 9693082	
698 392 8283062 4795152 3684485 7952630 4938950	
703 857 6029691 840013 2782255 7448915 5936449	
762 643 1036542 4732921 7588003 3613509 6879667	
813 423 1239346 3651143 121273 4556767 8377091	
249 852 5188696 7069010 7251616 4001682 7175501	
543 681 3258570 6300614 3274050 9793927 3517854	
972 842 9579218 2795943 1583282 7089876 5341679	
670 271 2426036 7499277 3716012 6819631 2668023	
54 592 6184926 2273913 3519120 4721137 8148061	
540 894 2162049 8786440 5086723 6097097 5572861	
306 211 3347576 6095796 7329918 5938486 9909081	
597 979 6667226 1086965 1202356 5148043 7532540	
387 337 6678875 3786149 4335426 6355845 1688622	
132 136 2057436 8984913 1379388 8470120 8250501	
523 666 5432928 6247633 1282496 4930599 5744339	
866 413 4773563 3568519 8015551 2353063 8782506	
253 252 3975366 3409685 8456448 4610395 5189638	
811 159 9583442 5237266 4638065 4300584 7046479	
985 196 9005086 9772492 3528185 4902767 1298741	
4 665 6304934 1268337 2988963 3579516 5139315	
338 361 2556871 4040639 6212537 3856049 5625534	
140 699 1552417 4837799 8081053 642985 6727379	
153 781 9780442 5946832 6968963 334914 7710532	
833 408 7443801 6651940 8583428 6101003 4409344	
807 504 6412714 1217531 6316620 5139619 6164672	
207 105 6486335 4647406 1458827 8060085 5703531	
945 710 3051926 2274713 6785476 3304215 5109629	
785 881 8063745 213002 4115480 9421792 4695267	
30 94 3886496 1150214 5532019 3881720 7139633	
230 51 7155147 4249425 5708342 4527808 3908499	
176 643 1150584 8853384 4303923 8331446 5937405	
251 974 3213746 4356611 7528990 6696458 6889670	
588 159 6494731 223867 2267874 4079366 6381712	
175 900 5118250 3580906 7111741 4895948 4576107	
532 80 4767259 6113489 2839743 2713299 7279961	
15 78 1183464 4300256 8954964 7687412 9374384	
172 444 8763173 766146 3084565 4711878 3154060	
574 538 713141 8561984 2852670 9791951 9755899	
837 93 3395622 2504112 4934149 6036475 4436183	
63 650 3045438 6372727 8836748 8887167 2242067	
190 564 4979193 5348999 9502193 1284426 8670368	
951 723 2394918 6587895 4927373 1461345 3355105	
554 462 3095556 5334093 7657108 443078 5332713	
285 706 7790751 3296655 4262192 7690503 5144230	
214 466 4554391 6719005 8359524 2595774 2987922	
504 307 4916635 8763679 4634489 7946632 9974105	
745 590 5806514 3697344 8059969 8837304 1644601	
869 636 6793718 4757685 9244766 2871464 596116	
598 698 3571231 1768112 6310673 4620508 6143046	
966 848 6240351 3849609 5006724 3092864 2566929	
994 820 6223485 4025209 4189341 9279827 2421144	
416 85 5171514 5221606 3360189 4721099 6399922	
862 254 1078257 9390306 615755 2284781 3294699	
799 472 2675987 5790981 7395595 6806844 7919259	
975 48 4697849 1811300 3184474 7666024 1608351	
66 800 5125863 6368825 1748998 7263474 6700075	
693 974 4607996 4948737 9511902 4672356 9227046	
131 22 3346128 5782958 272037 8866896 3890897	
660 739 2095229 2120097 1144183 7282335 8651680	
161 665 4091960 6356421 3157009 897698 8554984	
669 789 1210913 1072427 3722478 6121214 8061562	
95 818 4938191 3877208 5318126 2903075 8824720	
388 757 3590456 8326181 6241936 7540880 3444345	
245 341 1623406 8373198 3305999 6789700 8339703	
44 272 4619666 2953380 6728656 2934459 5558856	
492 616 4903071 3257236 9335790 2499719 8652671	
265 593 2799551 4749592 6839585 7503537 9827685	
416 217 4049482 4938806 5820117 1696804 2502153	
187 282 3623476 6076332 1400641 5503841 3041145	
920 536 5420888 6515682 2544161 8018351 3684149	
617 918 7714831 7010649 7829827 5422343 2915813	
341 612 7591784 5722432 6521022 7048701 3543947	
541 694 9444788 1482743 3872243 7796143 1688243	
787 77 2145122 5598410 7656812 2025916 3933938	
469 556 5326928 4590902 6697187 2819144 7675046	
439 416 4426237 4465481 8110513 6814171 7536497	
185 466 5617178 1890148 9974695 9423912 4805769	
