250 685 7227531 3521309 5804600 3249357	
302 143 4133360 3419363 1252890 1147390	
520 20 4739358 7058142 3998115 6631253	
263 689 2044450 6740509 7442618 4708517	
236 187 9185313 3729382 6887646 5829031	
823 190 6630947 6907019 6690273 7763347	
281 778 2838448 4918124 5818883 3701584	
886 915 1234952 1520944 1003224 1388180	
356 438 66339 5720106 6871308 3015998	
154 588 2948946 7781553 6201515 7241820	
475 237 4442997 7153422 6622548 6777813	
343 57 3395707 3759250 6524956 4488396	
439 846 6065641 4270552 4432574 7067119	
503 225 5545721 8334527 7378795 6119574	
621 390 7266560 5481817 7644449 7484339	
772 762 8831011 6350979 8212965 5936269	
174 133 22868 1280207 1954952 1403376	
310 522 9943421 8471320 7275615 9047851	
885 971 7693065 5364621 5359671 4441628	
156 42 6529735 3871046 6122095 4379021	
225 22 1459940 3952602 2875534 1520757	
702 989 5123342 7028169 7028516 5694641	
800 481 5269314 2712237 6255724 5703130	
95 924 7286748 7690814 9439080 8641816	
362 332 6276303 5537846 4707063 8236863	
309 251 5875282 4668244 3985684 7343236	
664 376 4500527 7264081 4042096 3335355	
898 884 1454029 9326327 1518649 6879781	
31 570 5656084 6157557 6725623 8685212	
389 667 5810939 2110427 8291021 4481456	
187 622 7683472 6604887 9652239 6618798	
69 270 8114439 8799901 8051959 9173224	
8 308 9550327 8787024 9220432 9371131	
519 951 2930950 2485344 3255681 7394313	
138 60 2283326 4277380 5308410 212335	
543 247 444306 1188001 889755 1464670	
59 940 2365377 6914040 3800023 4707685	
289 388 2105235 3601698 1349408 2015342	
59 248 2329891 5166349 3628291 4893667	
281 17 5825939 6774214 5028583 6065229	
762 623 3423318 7041383 2188454 3991577	
738 541 1619446 5857 2170773 2718169	
295 757 5576141 2847236 4473436 4014098	
50 304 5794261 7781372 5748757 9080923	
906 456 4262879 6326020 3818520 7492726	
517 588 7714441 8678312 7695967 8914692	
917 91 3134487 3314427 4456108 854942	
505 371 3613280 4612214 5753836 7798991	
109 246 7228336 6523878 7450938 9819804	
970 644 5626286 4527355 3712487 2995572	
284 657 7629713 2757019 5115724 1011675	
906 68 4111174 2152168 5999264 4053597	
589 386 4458982 2929711 4111704 3630040	
642 715 1935126 2454004 3877741 3887031	
302 531 2872148 4981902 2488695 5071107	
83 654 9290129 6012948 5562299 7113328	
245 703 1409066 6935949 1896378 4023321	
904 159 6855034 7721338 8483370 5628406	
665 887 4634173 7703876 2846151 5212412	
473 430 2916093 8102183 5915247 7004176	
428 304 8707470 9255767 6367813 9134348	
695 778 7830480 5202041 7771403 5628493	
602 351 8855196 7596437 6997020 8350895	
366 389 2454340 1842182 1297660 3584606	
112 767 8666471 9779074 9892374 9954961	
581 924 9606267 8207777 6271063 6040848	
919 666 4667964 3623616 1960010 4297532	
655 431 9016427 6589885 7778931 8775504	
327 228 5328829 3426784 4623589 4602566	
618 249 4177781 7741823 2678339 8515168	
382 401 8636958 8973891 5606536 6956855	
738 868 8200639 2843610 4882239 6098669	
45 176 6367621 3080273 7564172 6398686	
745 974 4132165 4353754 3454617 4098647	
706 611 3030720 1091555 2384613 1419803	
384 244 586787 4060278 3330350 563469	
921 46 1020385 1040705 1418805 1487132	
655 810 3254404 2929629 458534 3450358	
705 672 2765868 6048738 4616768 6327149	
683 694 2635610 1058346 4725716 2474824	
546 890 5524392 1776198 5738198 1777020	
403 905 4151908 2319439 3126699 5366493	
379 704 1755727 4112559 5234035 5385479	
415 390 7004941 5910564 6362395 5322759	
116 732 3376 104754 3496566 1425907	
186 450 8602853 6079877 4918439 2832062	
963 290 7387025 6324783 5011653 9701946	
439 782 258453 1442706 515177 1174302	
698 387 7804355 7787637 7704925 7588597	
55 824 4523595 4050509 3700896 4965653	
254 427 5082093 4911964 6691902 6992013	
951 671 5646560 9215969 5375592 5257872	
485 840 6298163 7618665 5931055 4797789	
496 403 6874184 7018962 7206115 6169351	
707 903 6972416 8314595 3798824 6911270	
708 350 112857 199715 193180 48666	
699 485 4615492 1089256 7596536 4310890	
133 411 8813647 6730272 5751553 9452402	
133 543 2947160 4660449 7905028 3397107	
568 325 5475460 3643056 6896247 6946144	
70 787 5067095 5310124 2265450 3850741	
997 445 6494286 4267671 5717508 4363830	
987 998 5912826 3693067 5975941 6132434	
934 370 7144006 8305967 7513759 8494018	
28 206 1608367 4085067 1957258 1656108	
121 561 2853426 6495272 1157301 1498384	
577 53 1165301 1134076 3847424 3060014	
967 908 7449970 5246966 208090 7869048	
41 419 5786130 9169177 4016201 7433393	
381 28 1535076 4394804 6020420 7849238	
689 607 3208236 8405122 6126124 5987388	
647 998 6187452 2953650 1460886 5064425	
739 178 8890977 8578083 7156613 5360727	
869 146 5674879 5945548 4033005 4415446	
440 799 6811515 6154115 6345345 3779668	
42 397 2568527 4592281 3057053 1570483	
749 365 9611798 7082375 4761015 5664692	
215 764 6794323 4816741 5040121 6286130	
382 942 1272171 2832731 2611114 2747812	
378 479 7340371 7561650 9346925 6884788	
389 60 7564684 7934873 8303155 8216059	
606 350 7772674 7493721 6133808 6980250	
149 239 3810881 6761768 6086499 8161172	
758 8 7711399 5214728 5726073 5258218	
646 677 7142004 5191485 8281437 2625635	
485 767 6518792 7000395 7954535 8836757	
168 431 6976340 9716505 5703315 8285787	
631 10 2030741 2946343 470749 3096936	
84 514 6685502 7324402 6290065 4832414	
127 123 6896471 4761691 3946006 3983410	
244 870 9455178 9214887 8883987 7579049	
353 252 5501434 5359367 2464679 6051591	
594 248 1645236 1368482 1450491 912003	
576 325 1114819 2545421 3714572 3210467	
29 658 2722230 2461647 1541405 4448238	
436 95 4368025 8056960 5738495 5616887	
164 212 2371264 3942690 7412185 4744845	
686 217 2349040 1464682 5746010 3805163	
671 826 1196558 1252694 1853755 1471718	
350 699 8769824 9478890 7873318 9358315	
45 523 5710096 6178446 8195263 7809428	
192 432 6512219 1062011 4083093 1096579	
187 733 4179981 6482417 7640714 9818174	
949 863 3740497 2028148 5879830 4856708	
13 363 6009260 4702580 4745325 6550778	
84 331 3483672 4337830 2438295 8111589	
325 124 5506820 810858 1543437 722449	
892 976 6832525 5806711 6823579 8924976	
604 992 4804090 3571597 3734798 3563986	
720 667 4413334 5088463 3740528 2996280	
966 548 8475878 9124930 8764746 9691996	
639 858 2118215 2047193 4172135 3303824	
500 299 5506214 3484377 6051505 3235502	
427 847 8766198 393061 6998609 665091	
352 70 2410634 1680062 1541638 2468769	
886 476 4414731 2921805 5496037 1301410	
473 969 891612 2410692 5389637 2460879	
537 916 7304049 5943151 9972257 5265868	
653 462 4230783 1869529 4928729 2322513	
523 801 6107734 5605798 7087378 3186484	
543 574 4602497 4784901 5913448 5516970	
103 663 6497361 8064034 6529824 5020731	
698 337 5887302 2211335 5520052 6500528	
469 301 7992229 8096642 8342779 9750380	
268 154 4363729 3563601 3892177 2750044	
754 443 5286982 3631918 5597098 3581937	
863 886 2479360 4634247 4506325 896716	
982 830 7742195 6582875 7378081 5429772	
311 112 2775480 79320 3230929 2378661	
424 631 6895620 2428490 6495368 1880484	
425 192 7961538 7541414 4314283 4941373	
289 919 2822078 5058412 5909458 4830944	
717 481 2947926 7707933 6220178 5425181	
906 810 7186823 7640199 6800580 5255077	
918 281 8111135 7856271 8621316 7295829	
634 710 8913929 8043883 9478077 8382629	
543 884 5487424 808167 4220993 4393550	
483 84 139193 6777204 1825409 5621297	
264 384 1777361 1052626 4489736 2824974	
100 53 2465789 5714547 2791522 6020800	
745 754 5986054 6566119 4411977 3198642	
80 145 148849 1924812 837601 1283562	
718 67 8958723 8240143 9293996 8546022	
779 511 1248631 4731729 6211315 3109322	
511 624 6277176 4716803 8692417 5723482	
683 965 6178672 4551897 3066161 7064504	
931 201 4815399 2797343 5076192 808143	
176 279 4904991 1344993 4802845 3857307	
420 566 6512987 4510503 6199669 4514167	
983 257 6878760 8904705 5332911 6748517	
623 941 3028693 1521945 2275401 2768042	
904 268 7122061 8438951 8939869 7221195	
100 77 7945098 832233 6578701 6047489	
471 57 1960657 1439061 607522 4033181	
703 175 6212070 5196294 7982382 3328042	
45 862 7524914 5394997 5405722 7849421	
297 999 7613494 8675067 8210209 8736063	
460 96 6489719 3622592 6768449 9195625	
832 108 398464 1613788 2935363 2482508	
764 104 4494990 3413791 4059474 4806278	
517 280 4408017 2038065 4468162 3945833	
755 798 3679286 2186751 2591804 3418968	
734 955 473927 712550 268834 741414	
28 303 4102764 1715974 2160146 3499711	
631 623 5893831 4335685 4081346 1011434	
942 67 7641267 6180787 4578574 4402515	
778 912 3567688 5667566 4645494 5096653	
519 333 9808050 7677697 8685283 8807712	
140 387 5991000 4336126 4209126 6607527	
519 215 5407773 6172305 7692623 5724739	
634 842 5517148 6470176 6359382 6119184	
106 114 3681674 3487673 7569826 6420817	
968 256 8464754 3237364 8860082 2542329	
343 684 5487288 9011939 1618216 6531436	
14 396 3540559 5766411 4287848 5582339	
446 33 2490595 5720132 2760254 6038857	
982 520 1508720 4784288 2730257 6160784	
121 428 5606822 7730245 5358850 7312496	
802 475 5877039 5291412 4501238 3173615	
597 315 2934615 3586773 1680810 4046609	
619 36 6792401 1827387 4355567 3499630	
897 78 4475534 6435293 6165339 3907634	
107 254 757592 3970266 364139 1596684	
709 589 2258191 2964511 3756002 5990487	
297 161 7621263 6927277 7838069 8423602	
792 282 1878845 3630728 3003850 4944138	
7 185 3648349 2052427 3236560 1564123	
157 155 3594766 8779004 6170100 8321388	
514 260 4942748 1918545 5604644 2889973	
433 847 5540829 2768735 6643202 5179027	
43 697 2499207 6050808 3614624 6168684	
707 712 4165346 3421372 7421767 5193588	
799 571 6221241 8253254 3338805 7861363	
821 550 5168204 4777851 4154008 25738	
728 506 3225085 2124971 2281357 1465126	
581 547 3422839 1427689 1488224 2926712	
924 516 3555273 1889058 2161545 3370528	
597 762 4271490 3469458 2614356 7023660	
625 744 9011119 8098524 6551873 2217862	
476 432 3050400 5033616 2235664 3157698	
30 760 3380551 3896262 7070552 1175556	
930 252 3521143 5933396 4797111 2846665	
751 350 1182261 4120514 226694 1370918	
941 744 5154480 8943494 2420700 8483356	
583 597 4844171 4250889 5880562 3478384	
510 809 5618802 9196927 3511787 6221514	
383 399 3626707 2659460 2693658 1982420	
663 558 2086183 1714094 4834941 912339	
335 472 3750156 4627355 2159828 2527844	
346 558 7563831 8024732 5107827 6907267	
508 333 2651172 72167 650402 1395466	
529 714 3663439 6786674 4921687 3380205	
663 702 4870553 2051040 5685346 3713729	
372 90 4872857 4510993 5185753 4723039	
484 258 1578647 2087501 3133758 883805	
569 116 7252872 8641334 6073036 7437242	
987 722 6610861 3036216 9450821 2393552	
57 802 4983415 526986 8087064 3618977	
681 774 5079892 2672424 1349285 2904473	
111 760 2419114 6665817 4915928 6985220	
150 418 4352398 7602466 5938392 2246248	
503 64 7614823 5401229 7628073 6948468	
145 16 4479151 6549549 5307371 6283401	
755 258 3354510 4816469 2064166 5340155	
926 359 7126553 5932735 6826422 5094646	
764 87 3778673 4135946 2049459 1890363	
559 843 7137870 8155704 5993760 6315803	
14 846 4660465 2492091 9144203 5076694	
85 997 5464930 7862604 6277193 5735085	
331 639 70920 3411006 2029764 1893356	
55 387 8077298 6628234 7593806 5947805	
714 143 4393461 3657782 3138438 6694091	
633 165 6199911 3562388 6992237 4861419	
32 976 6090261 1761987 6690917 4225738	
640 374 3895075 3842569 5011926 3368675	
512 155 2437135 9072332 7262934 6623132	
192 407 4910037 1789646 3398120 2959271	
812 612 7408869 4338813 3211603 7544340	
294 936 2030559 6519705 4263018 6855513	
112 289 4444417 4057070 8620927 1536347	
628 995 6063010 6426951 5447980 6981563	
110 812 5761905 4855679 3900606 4618600	
999 839 3654267 5638130 1241943 1743793	
42 366 8191162 8889359 9056211 9685536	
379 673 2478861 3319306 4258749 2313542	
805 953 3028118 5876232 8149189 2472274	
265 320 6873966 6057538 8408106 3270332	
91 902 9983752 6252508 9006643 6647026	
109 446 3704195 2916019 7704039 3221180	
968 99 1653582 3276285 2211954 3236966	
902 981 5394329 5512504 4011759 5519125	
728 155 3863793 4278193 3330684 6820483	
623 4 1129215 3254473 4280423 5125797	
875 444 3168528 3312209 2748622 4482053	
118 432 3485348 30786 755158 2044369	
145 678 2633804 1225968 1482396 2946448	
200 560 1994612 2177274 767852 4992132	
13 503 8804806 7216186 9130091 7874806	
174 606 8346022 4355026 9152742 6333351	
723 418 4629072 4425524 5158299 4459372	
729 205 3790591 3649600 4201543 712035	
48 156 3946433 7318189 7869860 5188383	
187 968 6696851 7116573 7050718 7202739	
59 568 3190752 1800117 2388206 4131870	
351 69 5647464 3429986 5713058 6120286	
988 950 4044135 5571155 9946153 3828495	
822 35 4919248 2346546 2210702 2659101	
870 717 8970363 9236000 8457253 8998527	
473 870 778132 1128095 2661616 2272064	
995 281 4706013 1872747 6109311 8960952	
932 898 4229374 8799571 5542392 5139683	
408 28 4913888 1844433 3553522 1249808	
350 669 438994 1625523 214170 1500613	
586 313 760925 6686277 3881799 6479627	
421 718 1097739 1127671 1312506 677264	
181 450 7726262 180563 5029773 1692020	
619 872 4418179 3003034 5660903 1764938	
178 808 5143243 2946598 5307889 9373641	
874 342 2474418 1717510 1926867 2991300	
138 234 2165656 2738595 2488552 4659183	
466 837 2665872 3662774 5782803 4456516	
229 197 7274274 5188249 7288088 4597013	
733 513 4942675 3073577 4241231 1549502	
619 237 2885814 3465569 5394944 4409863	
318 617 5085949 4300005 3061105 2222496	
408 551 6935918 7350282 2710546 9055388	
49 363 8214084 6613625 6311870 5539554	
694 774 3026786 2617725 1507050 1766653	
232 670 7443787 4744811 5316935 6807475	
557 330 6812518 7063402 8730516 4050082	
105 110 4662725 9589464 5564970 9353862	
720 39 3609801 6047117 3755178 7352593	
387 604 346808 1357437 54356 3294373	
377 19 4849903 7671865 6836693 7037575	
448 172 5907206 2565251 2528198 4275125	
233 310 9758068 9092292 8077052 9442373	
342 271 5504473 7224093 6839292 4450051	
103 50 7582713 9370014 7585603 7917050	
97 131 9784277 8659861 9691096 8437465	
508 493 2213694 2272180 1645366 4027822	
961 763 3873133 4986028 3280905 4065296	
603 634 7265342 3371098 8955717 3326404	
981 234 5524324 6227686 7004448 4234664	
390 710 5282675 5357703 5188401 9649073	
187 164 7266566 7190404 5943850 7770375	
653 377 4961931 6280308 3107462 5940908	
885 382 6488239 3513232 5667273 3695436	
242 970 3009281 9283760 6786507 8402024	
35 72 2125535 2019756 1054087 4731095	
336 806 4769688 179281 2981452 1486590	
432 792 4268860 4266503 1135033 3912550	
115 161 2940151 5779208 3930556 5682406	
517 252 5958714 5892148 6042725 8631315	
809 202 9448549 6218837 8037596 8881258	
903 770 2685270 3423757 856301 2153052	
471 861 6252585 5568132 3282077 4751964	
366 965 2849550 896858 2931942 2458138	
895 342 2341452 3654903 2555396 9155195	
914 300 2659370 1175384 3882491 739722	
79 746 8524696 5237773 8618210 4738660	
733 794 4090973 4548289 5587379 8876362	
234 57 1669839 1867176 3353741 1724238	
245 373 4043321 4485587 5968990 6728993	
908 572 3421825 6972074 5658620 1882262	
279 31 7937956 8775890 8096787 7819824	
952 710 8734752 3284584 3669946 4284032	
345 261 4769440 7342215 3371768 6471754	
143 999 6070669 5269639 6387309 5766439	
303 939 8238885 6953675 7096046 6515947	
91 992 6059271 7792696 6540761 8050240	
319 175 4755879 5012592 4822529 6420581	
627 762 3539853 6703998 2842116 5955985	
830 480 4152767 5914702 5719140 6564557	
250 653 2902946 4034684 5151846 3701335	
408 983 9382915 5142505 5214517 3488383	
393 932 2355979 6556070 1724238 9989709	
813 276 7514636 2330868 4562515 2729090	
177 51 6260481 4063998 4137464 5329171	
260 963 2992500 747527 3156927 3127760	
59 287 749696 55295 408920 1771187	
860 919 6790587 6557715 2962236 7494228	
273 646 1053753 3207961 2313503 4666540	
531 740 2070133 3883751 2667162 1252596	
246 29 6775510 6757123 3249452 7092193	
148 926 2041849 2121702 1477086 3214710	
243 831 8066791 3774585 7651090 8043919	
589 883 3876705 4678638 5149110 5830822	
325 370 5644895 2973125 3541935 3180873	
425 890 7934338 6328781 9776661 7325666	
348 701 4266668 6302913 4505843 1644371	
364 841 3682556 3590365 3217015 4362949	
116 721 8215846 8116357 7727499 8680801	
288 678 9620666 6249246 7568654 4745324	
9 665 2393784 5876395 5229585 8350560	
630 150 6118609 7595588 6561134 7891787	
371 503 6432277 8491261 7258436 6531649	
100 706 6917118 8309400 7136658 7343276	
695 23 7835791 7013945 8381799 7543649	
254 118 2017288 4312280 1145720 2788370	
151 830 6019880 7069350 3098274 3648435	
255 642 6419355 3084011 6415305 3304002	
369 874 3023988 1187366 919123 1153389	
184 423 296160 7971805 5001729 7168853	
428 561 3057337 956860 2920087 2420167	
670 70 2630541 8897493 4408204 8846360	
912 9 3722358 5580958 5714532 4483072	
237 313 7971226 9149130 1874370 1909074	
535 485 8743668 5986870 7447108 6678516	
672 956 3991584 2741031 4873731 5845568	
290 635 6603212 6945638 8197072 7448577	
947 347 4535460 930018 4801798 2968050	
281 639 3463219 4509583 5371679 4657453	
697 976 8477973 9587318 8723422 8571592	
409 98 6030935 5075264 4003046 8676970	
25 885 3527103 4243343 5404366 6856130	
857 10 6786857 6967393 5260361 8891282	
455 15 4290174 4887368 4249787 8808956	
896 941 2110310 4732358 3966620 3077161	
199 743 1756055 3766275 3039147 1913245	
860 123 5600400 5984660 6167653 7500536	
465 405 6971013 4947165 6775289 4079643	
276 970 8106149 5390603 9555465 9167958	
496 723 4059084 5543953 7864853 2309217	
45 286 5501272 6492541 6985603 7907465	
138 737 3765291 7765430 3045174 3576114	
252 163 3865863 8023179 7464326 5589126	
224 962 6735245 7173765 4614703 4263179	
645 467 1386038 8122799 4077585 5037579	
798 285 2344839 4995862 5211931 6153819	
96 589 2438176 4125150 3529995 4342439	
197 267 5442735 4840532 2918567 4248359	
366 87 4818627 8314634 2600324 4859238	
320 374 7722896 6772807 5078689 6794170	
330 696 431976 66911 110238 1846214	
6 906 3363914 2740634 2793516 6977086	
389 207 7147729 8588408 4796171 8105009	
272 263 4073966 9339114 3784313 4350757	
203 593 2417047 4573438 6256952 7522866	
338 537 4487562 7490437 7235868 9550771	
997 885 5244848 6636263 4935938 3276368	
750 345 2590516 2672805 251349 1614396	
675 224 7360570 9509749 8987096 8892001	
664 200 5476784 5727214 3838049 5615642	
656 690 3497734 1351833 4124903 1217232	
290 743 705938 3893291 2771579 1919460	
873 538 5752839 6358069 5046435 3210341	
800 589 6547142 2858569 3909699 4296257	
657 634 3281705 3403282 630231 804800	
532 612 3836424 3030332 5114419 4694501	
260 62 3313352 5063178 5420408 2221349	
150 29 1596198 3447777 6109867 5050557	
673 30 1894835 1030395 1454722 3563361	
545 715 4983631 1482644 3828798 2702372	
965 479 3411907 120602 3724020 1601195	
646 853 3877158 3682207 4776426 1173304	
807 18 3615851 6670276 7621754 2886302	
964 91 2312613 2518924 4207793 5853369	
27 111 2408153 774579 4231396 1741380	
692 132 1348672 4109474 6344046 6697635	
7 779 9567707 6079548 5546328 3162406	
362 871 3826506 4270664 2764716 2539214	
494 414 2251799 1288671 2867167 2850777	
627 912 2961533 3114691 1619970 2315061	
918 676 5170343 2777930 2955604 1110851	
504 590 6548764 5549413 5599774 8008044	
626 898 6513350 3794848 3814373 6992037	
501 463 7074000 7708597 9042747 6698577	
546 832 8268326 6166773 7870557 8631532	
411 504 3848788 3878340 2477062 2152664	
656 59 6134586 6887157 5983966 4954083	
205 162 5035068 5054872 5051722 1080479	
304 904 6335525 8783202 8000772 7635144	
367 798 2115409 3856882 4336169 2648979	
843 231 2796492 3827240 5413294 9743848	
224 4 5525476 6189070 8739993 2772177	
308 46 5515524 5712349 3978579 4962349	
310 690 3708228 4436182 2314509 3668971	
787 481 1456168 2549715 832496 1987635	
568 904 7369996 6338781 7104262 5268260	
20 322 4836057 2665040 6988720 3895495	
245 792 539476 5448199 4856550 3961691	
222 924 8999046 6249974 8226622 8404514	
652 242 9115002 3187883 4652847 4962794	
560 80 8408467 8335688 8974980 9447764	
598 263 3786956 4012020 7481987 4101396	
767 79 7795863 7501590 5708268 7724260	
161 339 7090575 7739322 8063683 7984993	
331 18 3837481 3590550 5014415 3606478	
668 591 4194886 1413805 1344721 2033577	
366 156 4974206 5684477 9054076 5082486	
191 806 7667375 4800232 7619012 7944565	
752 971 3707615 7036437 5397666 9274218	
592 64 7167926 6744161 6333033 7000749	
361 405 2627347 1826974 6204707 6028711	
205 966 6629513 9847227 5982531 9355588	
243 663 4775452 2446013 3825857 3554606	
479 238 4601176 5793215 5143272 6122411	
453 890 4933084 6509576 6150994 2867158	
569 766 9141934 7340289 8976016 7732093	
774 918 2563462 2431275 4371654 1719448	
621 985 6148160 1369476 3051162 6042155	
7 338 9226868 3387734 1724464 3528236	
735 903 1606074 3354609 4948369 1814234	
603 103 2014868 4825169 4147776 6877918	
949 922 6846355 4010973 9654965 6992010	
420 920 8502520 5163868 5827604 5946417	
318 84 6696505 4570088 4580846 6511560	
26 791 4695380 3863480 2194936 3841436	
137 296 5199254 7913676 7455444 7475750	
542 111 8656092 8892067 8638308 7226143	
638 609 2983171 2394226 5071887 2782413	
261 912 6636766 5522658 9482213 6840831	
16 635 398790 3453522 847585 1110002	
351 998 4469241 9733046 8307184 6323291	
490 739 6311018 6198273 8701667 5125671	
797 875 6686477 8571872 6109480 8132957	
209 747 4384819 4319567 3815574 735862	
372 671 4040153 8539161 5429669 5578293	
185 517 7880208 1227948 9427888 3143389	
806 439 6174296 4885701 8201337 5191038	
151 857 2069544 5575994 2924392 3354255	
553 566 1477598 2296952 1926371 3021836	
144 998 1802769 3722885 2242042 2655293	
478 319 644254 687590 4306667 1537642	
893 974 829373 2263994 3686171 4839864	
578 901 7181809 8764306 6688778 9804796	
582 81 6692622 5142521 6334855 5167075	
362 797 4838975 6126242 2141402 5260427	
363 789 7138939 6562042 4999053 8283082	
826 581 4647949 1822415 1073959 1574138	
74 360 2425950 1532746 2122226 3779772	
72 820 4224077 4608197 3829239 1009566	
984 674 8680108 7782153 6650592 7058506	
471 184 2129855 38573 2105498 1829399	
16 730 3903540 6206293 3995860 4254758	
950 360 6821359 5374931 4843627 6683828	
819 606 3539663 7941240 4606946 8355231	
419 942 2587326 3203894 2087245 2684548	
298 644 3340045 780037 2711474 327688	
535 27 2783299 5291287 4739834 7468268	
641 70 7730617 7714472 7029971 7686583	
81 810 5001943 8952426 8026876 8748843	
700 238 6237413 471663 7155801 5403639	
927 199 4993999 3760381 2912483 2862055	
602 260 7434419 5388536 9252982 6079504	
181 18 4645280 3593822 3741398 2095219	
800 759 9244604 5866301 9520699 4292967	
423 162 5567206 2316993 5416924 6739488	
397 162 6383862 4657080 7369086 5222267	
93 740 8016127 5265028 7207987 4975803	
441 990 7566612 8130459 9247484 7270625	
973 19 8266409 8520170 9258710 8222720	
97 305 7035970 7607635 7411613 5644361	
407 755 6916092 6031364 7081798 6324720	
25 611 7565065 4775327 6574643 4488535	
363 374 1123846 2633069 3025905 3872028	
46 270 3686739 4191195 5222771 7425289	
722 213 8294313 7081042 5891009 8093270	
187 678 4290140 3468072 6922626 3242403	
163 46 6828652 5491306 3547548 5487367	
500 268 4148400 7669691 5578919 6706922	
866 911 6248487 4194588 2681334 6026213	
622 688 3537830 4397128 2947712 2687307	
838 305 464274 5634676 4894083 2425872	
904 347 8227875 3774220 5795052 1029021	
30 696 3492689 2800325 2756205 1358990	
98 887 3603144 6125004 6094993 2424369	
591 404 6611361 6359616 7941829 8443607	
968 49 6852154 450503 5431294 6135895	
531 861 4673607 1430795 7139756 4505392	
955 795 678168 4232498 2767511 4066807	
786 388 3257049 2605198 4452313 5288534	
961 588 8061389 8867804 8571743 9087443	
183 691 4176316 3826751 4386835 7317365	
610 111 7804307 9769175 7635169 8614260	
72 454 3157051 2078320 4651673 4020899	
882 854 9764729 3310212 6796582 2393434	
490 513 4478890 6604931 5944170 9203283	
857 457 3651246 550697 1155110 2482998	
518 357 3268225 178720 1941550 1315524	
399 823 4105948 2226884 4314494 8565998	
149 884 1658399 3663089 3179384 1694601	
8 657 7422870 6945547 7532889 6373690	
400 609 3322710 8237424 2267914 6781418	
752 175 7317683 8849994 5510863 8375302	
559 819 3011659 841799 1214620 1495318	
138 469 5352227 5959445 6964034 2730635	
450 493 1371226 1330739 2727059 951579	
992 196 5471554 5658983 4463738 1404189	
344 142 5157613 3391611 3370967 3394626	
996 984 1909522 7396284 4041315 9425467	
684 123 8175750 9330869 7814280 7890022	
246 285 2156210 6670806 3200909 3667839	
79 388 7079236 9501993 7300138 6482418	
348 125 4473754 4875103 7034767 1139618	
157 78 5451361 4431771 5047986 5169963	
893 618 7924822 6149005 5944373 5928053	
711 853 1935980 4444729 3349537 6406450	
785 931 4359379 4214298 3202049 4234994	
235 347 7630086 6811855 7233260 5042734	
844 792 8558198 3607523 4094933 2284064	
401 685 4493120 3300930 5491287 7410186	
304 587 5105344 3538344 5390865 3330509	
235 587 9710082 6036922 6598522 3418580	
291 525 1949565 1425771 5580399 5445120	
741 132 8191562 3424348 3227882 7570197	
167 365 5201271 4343056 3031040 4674846	
535 968 7989101 3414199 6535671 5021681	
632 709 9219721 2430202 6096510 6559485	
581 345 8197465 7378027 8105814 6490932	
851 934 7248571 8338854 7990248 9820918	
489 88 4615392 7306382 7421810 7287611	
448 404 2844841 1504279 5785315 4212927	
944 348 4676094 727779 5559296 2972875	
105 738 9688121 4871335 8015792 4729704	
763 713 522077 7706214 2947310 6826392	
710 568 5059087 7395012 6037590 8937269	
739 64 2156609 3373545 3805685 3690044	
400 355 3005840 4517466 4165071 4094369	
925 373 6560061 4086865 5120543 7291390	
620 611 2372957 2284948 4313590 2491265	
252 518 3385148 5182370 3133905 3783712	
326 59 5030090 2915042 5098040 4479167	
391 24 5196030 7891998 7397460 4017729	
743 68 6862053 6870726 8439922 6249354	
633 607 3771840 6672314 2996861 4783777	
695 7 1052940 1697113 2561222 2333643	
76 316 6665052 3861387 8069415 790988	
352 974 6916501 6840114 8515978 7059876	
864 47 6257269 3452655 4862073 3831910	
410 757 7292291 7100287 3574720 5916939	
345 211 5389742 2766900 7664104 3363607	
130 755 2605196 2782741 1523163 349511	
911 402 6802597 8689826 8009348 5883307	
359 40 1197390 2610465 1762722 1683241	
121 938 7884134 4231723 752676 4080508	
654 684 5523096 2857970 4763504 2047265	
47 301 8607646 8463936 7243681 8381126	
895 988 9185810 7371457 8759531 8337617	
230 575 1337159 7328400 2033359 7886854	
309 247 361393 2284251 2312960 4560722	
563 234 5981741 7575824 7010028 5609622	
672 273 7327344 2530443 3343493 3408654	
346 714 7334809 5004208 7568202 5686648	
555 961 5602516 5583018 2772278 2226785	
349 549 8477269 8677090 4364860 9228564	
874 814 8922437 4606737 8475049 5183528	
130 9 6520296 7582555 7889385 7988749	
689 478 8265918 7456717 8805527 8082650	
51 539 3595967 6812526 5589156 5307348	
123 36 2170387 3630955 632367 4700059	
402 582 4357255 3296058 2989811 3884987	
537 20 2028812 2382841 7552941 6424621	
787 734 4706783 6862651 5548709 2687992	
604 822 8661988 7552912 9134877 9761174	
463 556 920057 1111099 438818 91052	
708 490 4759838 7791369 2771986 7071135	
649 794 1939758 4252010 3265029 1898041	
195 666 5899426 6193451 6740299 5144801	
888 199 4350231 2693326 2098147 4513349	
347 804 1488966 2608314 3528629 714998	
452 607 5316460 5619459 6666512 3307284	
616 637 6931666 4122917 5417931 4552725	
413 463 3223218 6050593 1187433 3555267	
524 261 622717 2822898 4776650 2483856	
461 505 1738706 7114535 4290587 2390462	
920 175 297555 6430774 2213327 5127326	
748 894 7858551 8547024 9188203 8026583	
688 27 5753879 7877112 9857567 6130160	
68 692 7295821 8211617 4827984 9519000	
825 848 3363643 6092603 6050144 2893132	
420 187 790837 5219945 4476500 5249872	
833 53 7588969 5315209 5900672 3701644	
633 291 8858045 8776482 9764065 9701152	
688 560 6459368 6664798 6532253 4572214	
987 866 7158032 5622637 6922105 1687808	
291 971 5875141 5192870 6866059 6135651	
982 615 2380706 2070470 2273674 2538073	
158 853 3700420 3038464 5652765 797850	
239 883 3224995 2110431 1003617 1177677	
315 815 6709668 6329960 5561375 3387838	
258 567 1917478 2116602 4062910 3890459	
791 294 7964680 6558445 4710291 3986277	
200 88 2232624 1757101 3595492 4485489	
858 600 8007902 7934528 5807683 5130263	
114 271 5152479 3837031 8403158 4552608	
161 99 5751543 2248375 4762737 1879270	
70 867 6643102 6164941 8212276 7772937	
210 109 7747043 5270977 4376648 8250352	
473 330 4664666 7020011 8691607 5377171	
247 457 6257740 3996019 5424757 4977975	
418 440 4694000 8226930 1247633 5216200	
399 429 8786803 7239597 9685771 8202117	
321 341 2152955 2110310 1076049 3753633	
140 243 6680373 6519357 8137124 5973589	
248 546 4014687 6013778 4500915 2535471	
525 69 3246138 2126287 4243521 1909809	
248 530 7927936 6480715 6904100 6140059	
356 46 8266213 7838155 8050620 9102218	
773 572 4116310 3002661 3783267 3817569	
430 706 3176636 1109824 1412659 2142725	
730 656 7365198 5584941 4489281 5019064	
279 725 3278789 2361308 708339 2209018	
3 321 5308347 3649510 6838768 3753985	
366 908 1063365 941593 621373 3809064	
358 549 8670898 7418619 8165804 8426266	
528 926 7720045 6601028 7376020 3395698	
480 975 3382824 8105358 5653816 5153420	
567 360 5205015 4680933 3263715 6776004	
493 912 9440945 3191006 8119162 2004947	
282 241 2911700 6330372 2139544 3417492	
784 966 2059560 1986677 6618879 5127854	
900 447 5913648 8583563 7603043 7873852	
64 279 2399299 4008556 4321987 2388599	
847 962 4855725 5865362 6483925 3481256	
627 787 2694092 4923571 261524 3353967	
983 238 1884639 900791 2196857 973460	
493 230 7915588 6515500 7226589 5220021	
3 631 5315851 1190289 3134475 2584056	
654 981 3761036 1784751 5687775 787541	
449 187 6522568 5742902 5104829 4934369	
962 285 2908746 2283013 4857879 2702063	
904 792 4592903 8004734 7390768 4988312	
294 816 1766464 3841789 2165412 4415697	
256 134 9113512 8832494 8736412 9915068	
490 57 3477276 6928638 3877279 4850794	
593 684 7845166 2910037 5406010 4935614	
247 409 1472664 2524997 914658 4941188	
208 408 4113133 7412845 6954681 4633275	
549 581 5801898 5602320 4902238 5835845	
378 771 7605238 5439428 9309898 7590710	
477 285 5586087 3930637 6417076 2147594	
91 99 5128923 4306118 7313481 3636323	
202 930 3003395 3159732 4021085 8037555	
644 341 9148167 9309292 8472156 9906601	
787 637 7237374 7285467 2541988 4525232	
95 819 3459817 6795164 3947414 4431425	
956 497 1479669 2504746 2733672 1243441	
863 574 7486542 580682 6984640 2804458	
337 799 3906544 7721486 3122125 4580513	
419 529 6850725 4145430 5554377 5019838	
839 578 9267284 5333861 6380662 6741895	
837 815 4776832 2166484 9678274 4422279	
691 660 8831641 6162184 7888424 9381863	
231 223 3749326 6192654 5652604 5589771	
392 137 8936289 9159388 8310086 6382479	
469 954 6473470 7964841 5742194 3869539	
261 47 4294681 1781165 4718819 964576	
381 556 7583498 7146953 7808658 6756565	
569 866 8630615 8277196 9100189 7345621	
595 128 2648302 6221474 6913277 2775728	
216 324 3834505 4219611 1946588 3944102	
544 731 1208005 2223185 216368 1281722	
764 945 5088688 7663015 7156663 5468537	
654 172 8575200 4809350 6686024 7937741	
237 704 3926835 1299702 2571556 3320942	
683 201 5061303 6566395 6517184 2352344	
428 101 2158559 7611462 478505 5994577	
242 535 8356037 4727078 6243958 7919342	
685 39 5694807 4977662 8686892 5935144	
10 8 3058913 1959265 897110 2193863	
6 868 2224610 950113 961694 819841	
825 566 5141496 5150075 8440929 4438301	
53 77 5545747 9034500 5061002 4015659	
839 831 4256651 3054391 3835592 1626800	
172 172 8446292 4844689 9107424 6050550	
161 391 413081 3787519 3007674 2388454	
782 463 9881290 8587362 8842094 9329096	
13 51 8630950 7921560 8863005 6141864	
575 607 8007875 5875887 7881868 7136079	
190 807 5436675 7918248 4717922 7659835	
806 960 6624541 5474741 6186740 2882569	
783 397 6905873 5779825 8687840 9548541	
572 49 3914437 2961102 2968644 6607965	
462 898 3895205 5007495 7527233 5250967	
405 667 6380302 6083695 8500463 4781252	
340 7 3747095 6772983 4653710 1977922	
667 475 4264706 5114128 2809545 2654075	
356 293 5464872 5781487 6397698 7212511	
230 222 7316857 6484912 8622307 5779286	
367 946 7732766 7025493 8104518 8436437	
646 121 8323755 5174441 4580661 3448955	
647 282 2426812 4165170 4990866 6096595	
588 258 6229872 3111822 4669489 3361515	
308 522 6823851 7171930 5905066 7268651	
599 352 5252834 7601748 7103959 5264464	
195 213 5853014 3898803 6439632 4659589	
338 604 5125615 5085760 6605399 6008328	
237 936 1647993 1565217 2379353 4341617	
338 885 3799841 2240984 4048991 1272991	
789 869 6372633 5331157 6729042 2897245	
994 988 9437939 7749012 8856485 9766773	
509 126 3521513 4971003 5582674 3539699	
899 230 1612290 4875424 6336571 2673746	
451 770 5491373 1896300 5850389 4830460	
885 254 6677358 7670997 6280797 6063249	
584 819 3639077 4457336 1936024 2239299	
133 486 5193614 2968033 7834624 4894891	
700 578 272486 3541108 166853 1718687	
469 331 9566352 6096083 6445420 6018826	
698 156 3896637 5498701 2732886 4973463	
578 866 2903320 8632442 5298167 5417558	
606 66 8614660 954865 7149339 588493	
144 475 7389357 8432134 5322104 8602509	
281 421 8930927 5139983 8919144 8276748	
115 595 7094969 5919504 7835854 4642742	
619 321 9278083 8756653 7474270 8943467	
164 528 5381566 7533340 4158513 4540506	
296 711 5483784 1777543 3829861 5413147	
101 26 7565467 6438645 7167291 7290994	
504 143 7188858 4294499 6231345 5972388	
495 198 6819769 3093334 7324396 3124059	
888 603 4096533 4755653 6325899 7311975	
972 148 4046299 7667898 3509074 9565429	
890 811 2395893 3764980 3415937 2974466	
723 616 2463925 1824652 1212514 3128405	
31 143 3062546 1470683 5009520 5724522	
541 825 4264530 3582931 2334965 4964171	
221 683 4565179 4887971 6632276 4914495	
342 677 8753095 6921445 9672909 7475448	
49 708 4693192 2241963 2023347 3812791	
435 421 3173031 2420855 4429143 6387562	
156 288 5194750 5184565 8370372 2900911	
43 915 1979397 3782102 809359 1847660	
208 584 5769392 7215948 6503293 7055087	
435 673 9551059 9198373 9854802 9486927	
692 880 3539553 3190342 2852563 3944930	
831 911 8247723 5764568 7513437 8298696	
756 291 1579709 5625216 4575578 6977596	
658 958 1625470 4860972 4771805 2082483	
548 642 7171058 6307650 3608292 8813691	
89 502 7315300 2984907 5522116 2997841	
100 8 6812949 7005238 7517176 8242216	
819 312 6043685 3016304 3555037 3626591	
597 954 483024 3577336 2074983 4243991	
900 281 2698489 867319 1607276 3292245	
2 633 7296545 8556543 7863603 7269389	
47 849 3760085 4445693 4731036 3730152	
382 462 1593571 6135119 5104075 4304314	
285 147 5267542 6160692 4799680 1926394	
978 324 2907912 463056 1893446 2682464	
963 450 2495989 1681814 2530785 1813024	
992 841 8512672 8134584 7348437 9228889	
131 914 6361969 7471332 7724553 4683029	
303 550 5212405 3040348 1497326 7826704	
23 848 2391920 3822722 2500870 4377576	
856 485 3232431 7935914 3055347 7608702	
970 225 3158362 3656827 2546369 1810354	
264 15 5132424 4048545 6191013 3263540	
299 498 2973015 325819 516768 1512885	
203 533 5987446 1069079 4438585 5003726	
925 275 5291218 2507822 1452346 3782556	
609 973 2931740 3350444 3238919 3869998	
232 847 6257039 3447959 2980624 6170141	
262 951 6920075 7048472 7362737 6836692	
418 106 2717164 2978049 121192 4742420	
310 797 3138976 2494955 2956401 3562582	
27 898 8312563 6599108 8785612 5301031	
463 585 9540906 6770337 9248478 7587323	
503 468 6463096 2432698 4584942 2390838	
86 824 3058910 5357895 6106177 9212669	
691 190 9023479 4383976 5723513 6227919	
183 387 4414236 922202 1997123 1574499	
920 506 7192828 1733205 8697312 528101	
316 828 3544020 3545400 1495212 4015622	
931 559 7433836 6039735 4614425 4921476	
815 275 7435066 9785734 8332284 9274432	
202 773 429804 196732 1591611 670827	
280 671 5409850 2447304 3348851 3270493	
381 342 6432155 4705436 6077641 4661398	
212 276 2700369 2501904 1511413 4826757	
447 325 853156 662660 133101 837059	
864 942 5075882 7723379 7657037 7157885	
877 872 1876847 2382985 1074610 2653031	
762 933 4364139 3688555 1422792 9225706	
604 901 5042781 6818541 7524182 5333642	
161 673 4177787 3688431 1495580 3267858	
774 403 8544165 8470205 8922956 9487182	
667 154 8464006 7061757 8203374 9830396	
361 446 5371704 6321756 5306333 4948528	
597 421 7623301 4860678 7066385 5070747	
496 849 5442603 6128524 7180525 3690211	
171 924 6400785 5285773 9813724 4171092	
981 468 6436273 7391078 7912715 6398534	
543 306 6452856 8930281 3172113 2356275	
813 964 8874947 9046232 8190379 8017351	
807 615 3323219 817474 3783860 3063930	
707 9 9083207 8657742 9857826 8464572	
508 803 4643814 5816239 4489695 3809636	
569 835 4584329 9564163 1697912 5055303	
928 790 4287987 4094450 5438648 5446010	
546 196 2128892 1828759 1648830 1369452	
387 373 5534101 7493278 3804365 7096849	
817 822 226053 1099837 345249 795338	
60 721 2161518 965597 2015351 1236868	
565 665 9700556 3541859 3634218 4838099	
373 227 8135837 9020384 8148472 5609312	
602 330 5572725 5167165 3225575 8230750	
861 57 7201741 8279132 8651899 8123391	
27 335 3643557 5001046 1108003 2878796	
478 808 6105646 6604712 8702283 8846773	
847 29 7777844 7362918 6871039 8631619	
744 321 2102580 6535050 4849963 5549445	
966 294 7811443 6452209 6922475 6056250	
805 806 5701532 1961735 6600101 949029	
87 409 178687 1107953 507453 1976373	
399 198 8395989 3478942 7889440 4766109	
62 808 4258437 5290687 4628492 5982446	
984 755 4003737 2185860 3523317 4441006	
994 800 2096261 5950523 4570740 6428464	
806 785 7855726 9396036 8301393 9920530	
884 697 5237747 5571290 8175456 8235984	
442 549 4797836 1955311 7982660 7650316	
954 234 893253 1942391 4959976 2742721	
491 262 1187422 268434 1635298 2882194	
898 582 1931632 1523680 1405773 3131557	
397 436 1987576 315629 3013238 4669102	
125 767 1329545 3912389 3040495 1568237	
54 654 8346901 8710605 9848263 9878076	
779 768 1346905 4266097 3220027 4555993	
759 299 3578535 2774016 1692118 36280	
729 170 3336393 4865268 5088505 8407809	
288 655 7802398 8068421 5362431 8752383	
922 754 9709259 8907153 9817766 9205132	
339 304 2886895 5460051 3431153 6225179	
554 74 7598944 8730571 7405232 8920975	
390 679 8299077 5941307 4471062 4883079	
225 629 2106286 2505539 2789825 504524	
12 222 6933539 7617353 5672696 6383332	
858 992 4832682 7015205 7789185 5650235	
66 588 5837191 5131376 6074310 8056356	
494 864 2193962 3782814 2029541 1533032	
770 986 4925193 3466733 6375685 2984051	
176 821 9377083 3031177 7680588 7540237	
562 796 3022594 5963076 7718049 7919126	
86 241 2789586 550076 1546439 2583344	
808 325 938240 3494618 2641908 2800510	
746 698 6633663 6535165 7246339 8467206	
910 680 7326976 8722055 7169587 8271761	
603 934 6000570 2892813 4982032 2098404	
55 502 1664355 6603013 2267150 6479575	
518 369 5882596 2464157 7009554 3594405	
909 494 5874656 6955792 5036545 8717418	
774 992 6185970 2120535 5294227 3255619	
812 511 4553240 8718255 7056932 6302135	
976 410 3139824 784168 1377427 1933434	
651 227 4104774 2347811 2771927 5967163	
842 725 2397144 2978775 4841947 2296790	
416 274 8276183 8296434 9821751 9534248	
249 969 4398744 9872286 5242442 9230330	
605 97 7822198 8417635 5665703 9649530	
67 753 3925942 3641291 6262985 6952343	
69 664 4065020 6288850 7235501 3388948	
221 877 6650694 3539782 2942030 2978371	
555 622 5506332 9393204 4367870 4037131	
194 717 5263077 8879532 8057167 7575220	
266 422 5199766 3774584 1889523 2400323	
625 266 2331628 847733 3580590 2300187	
923 459 2208611 3524500 4928802 4835364	
983 906 5013937 7375945 4716180 8088648	
466 277 4946009 8232741 4945512 7287697	
344 84 7615285 4606074 5237633 4328506	
268 450 7892170 6241874 6730823 7028473	
138 312 5541261 2418228 8588516 2382677	
920 844 5129772 1668557 9055213 3253683	
375 122 7401584 4559547 4437713 4377567	
986 571 2692414 5516620 5198561 7537694	
246 848 1254592 1674824 896094 5078608	
823 110 1163845 5608183 2215922 3723154	
201 438 6526382 8373313 7208238 3881009	
512 726 4725634 4946215 7351000 5469817	
569 762 2670506 1276949 5647675 2618074	
186 576 2855440 3454887 1262068 4341823	
529 309 5706861 5613033 4530595 6676988	
536 568 5971275 8742288 5792773 9404315	
788 467 6074295 8273248 5427860 5375837	
106 380 6902674 6976372 7351189 6619288	
621 78 7326304 7025449 8091184 6447974	
42 804 590784 4912862 2241290 5669300	
37 321 8677191 9787082 5729310 5112616	
328 946 87086 2230944 377019 1983943	
690 543 2365553 3409257 3306759 94401	
192 658 2829370 2809517 5432379 3604674	
842 88 4972929 5908524 3350334 6555792	
271 1 3082435 2374306 2735587 1745206	
88 757 6666473 7307814 6204330 6798143	
344 446 2408186 3320487 3259472 3255672	
799 107 7767730 9610071 6665692 8453586	
918 6 5479020 6815995 7984369 9118938	
245 362 6135934 5459993 7176438 4479981	
730 453 1534466 1130274 1743287 2420280	
91 393 9712928 9448407 8757666 9740116	
243 336 6631206 5805511 5792886 4790945	
606 845 93906 1201979 50081 615528	
602 544 8368202 6625770 6205081 5604478	
193 207 4549752 4701107 2200498 5100544	
65 752 5277286 5802455 3846553 4719899	
12 351 5526789 8030160 5013235 9617110	
850 214 7281117 6763126 6391775 7866278	
375 818 706436 787464 2190 754966	
