28 942 8272823 7768069	
274 527 1936984 738924	
200 298 3132940 5298147	
205 566 8119793 4024541	
985 644 6379507 8637597	
504 612 3635630 7049421	
987 43 5258731 3300604	
703 76 2267880 5358056	
300 467 2234880 4902633	
12 546 1395481 7565474	
802 600 2950051 6707211	
994 893 5551432 4816336	
676 658 3897703 5594915	
12 312 3262795 9038966	
780 158 7639015 3215348	
140 844 8682810 7568816	
800 241 4661485 7789479	
964 559 6850387 8388384	
284 868 5120124 6866139	
458 643 3205138 5398433	
526 998 6715239 8178152	
386 326 5651535 4271866	
975 609 5032292 8322685	
95 746 3937681 5032188	
328 286 5203719 1087813	
302 567 4618642 8050878	
666 918 3902361 8008341	
514 392 4900569 2866718	
108 944 6024435 8676492	
985 820 5322989 7646073	
168 502 7611017 5376460	
724 276 5940113 3460503	
701 792 7335721 7865874	
914 566 6973256 3841318	
610 915 575986 2238154	
245 546 5807791 6780613	
695 482 4240846 5485109	
84 91 9830000 6148005	
960 324 7183983 9756680	
119 69 3758625 4222034	
387 691 4729639 3483744	
93 943 6207150 9063597	
706 455 4649995 5092448	
498 135 9183629 9989021	
991 929 1233125 1842410	
678 275 2708043 4547623	
922 131 3703103 9792977	
588 83 6569489 2188385	
450 452 6170985 6295895	
580 644 4269374 7669945	
210 997 7644985 1538190	
986 498 1512279 3295720	
420 33 2825012 5470962	
921 107 9971183 6646759	
216 347 6176197 5616769	
703 940 2000379 5807107	
318 605 5375550 7450376	
505 633 3948511 967692	
708 144 2445107 4250976	
394 403 7103266 9412305	
487 32 4481071 4634773	
678 208 5548115 2871259	
435 650 5347748 8441386	
593 922 1544444 375781	
862 482 6163111 7691181	
695 136 4587064 6873671	
236 266 8480008 5536980	
986 56 9169108 8279685	
709 208 7398015 3553582	
715 408 2872519 4956330	
126 465 2526598 3437756	
994 137 5710911 3698182	
297 682 6217999 604217	
867 168 9864611 8575974	
331 974 2589983 1067494	
226 533 8446475 5505356	
603 392 8604288 6849464	
24 605 6691829 8056001	
496 541 7302612 2877197	
555 329 6980328 7943298	
390 758 1956624 2941377	
201 848 1777317 1905294	
529 948 5029463 396074	
889 118 5934311 8734639	
254 956 2984687 832812	
758 657 9074208 5770779	
823 142 7959144 9718756	
889 870 3429090 8315072	
498 632 3254573 328236	
780 998 9834603 5538263	
803 599 5845316 5738557	
189 47 3274850 3350143	
929 771 3115657 3299724	
323 810 803604 5197135	
50 324 4537491 7164083	
893 399 5757349 8952173	
909 223 2223216 2522039	
429 525 8447999 5635128	
441 89 6111753 1773038	
398 171 953838 4059780	
284 636 3475098 2848528	
69 166 8755674 8257338	
69 813 6214159 3292706	
804 613 5401971 2727152	
11 805 3003607 6999021	
415 90 3978079 9782684	
867 195 252662 18787	
480 23 9564401 8735806	
610 687 9258675 3630162	
128 678 8045233 4550861	
207 984 3232684 3069598	
528 739 3870261 8722870	
763 588 5912447 6333752	
533 563 5094287 4763468	
905 525 1541479 6158282	
227 793 9753895 8040558	
669 274 1386381 2910863	
879 186 3841621 872468	
389 435 4456039 952982	
703 150 7410086 8928053	
3 16 409547 3792185	
73 764 758154 422159	
977 573 5055619 7030612	
389 725 7090325 7016538	
578 809 4294000 1959530	
542 985 921545 1375640	
504 651 4410938 7254143	
34 645 6623623 4551994	
50 291 3595944 8103098	
163 985 6471935 6773520	
757 131 5977357 9166838	
323 406 1796557 2123332	
271 90 9486233 7697249	
388 435 8622004 4604433	
457 283 6937404 8845498	
369 897 2781975 3471718	
138 623 7628185 3639811	
990 799 2689408 1240663	
746 539 9255044 8363417	
632 480 7265946 8286276	
25 596 7594440 9433239	
99 90 4562756 1834303	
411 509 6525800 9376763	
36 546 5448170 4876840	
161 698 3090288 5038168	
405 659 4361496 3274714	
309 297 2928518 6076651	
321 269 5986532 8928303	
545 259 1094374 1045795	
740 883 6971627 8775169	
727 999 6150810 6835581	
929 468 8964086 6630467	
236 865 3776672 5410708	
395 770 7009956 6980302	
638 506 9028649 9107623	
942 798 8300118 3241618	
133 195 3474248 4095343	
871 832 5600517 5061785	
88 981 5498344 1542827	
858 690 1968775 4418153	
578 558 700919 4143696	
953 765 7709772 7961893	
168 671 3753526 1793446	
260 739 452948 2193967	
396 928 6897469 8948874	
281 784 6312731 2981569	
319 893 6064292 2318317	
635 481 6785397 5520280	
196 429 8318087 8842897	
810 645 3102496 4838365	
920 350 5286416 8133772	
904 755 9354994 8543480	
53 572 3939664 5372315	
848 697 3622009 6190525	
396 147 6721744 9542102	
429 85 5424007 5689304	
904 708 9789065 8115291	
549 519 8977989 3519633	
307 139 5607681 3561381	
542 766 137051 185472	
276 487 1297425 3032945	
44 955 1447623 7142381	
151 481 1556583 8731042	
875 627 8524034 7581354	
153 288 4654778 8124697	
609 627 3277384 2394654	
854 523 3308796 8641629	
41 615 8311946 4940136	
129 914 8435190 7973329	
545 221 4960195 8902177	
158 415 4886720 5864792	
424 681 8373230 8638714	
163 26 7181908 5447811	
654 140 1624734 4665371	
388 60 9662025 9910743	
145 647 4660805 4208512	
542 79 8553741 5048390	
495 315 6634110 4340910	
325 295 4782858 6367374	
460 983 4217323 5087546	
896 775 4950831 2130130	
826 255 8706542 6684358	
145 417 3204005 497292	
151 705 7600512 9454422	
378 267 1612633 5260631	
877 645 1335668 1621626	
662 447 8047677 4093079	
667 821 5754313 6208923	
329 633 4179612 5999010	
384 70 4564308 4609140	
334 755 4054755 2355863	
86 25 9810671 6894037	
53 372 2365664 2614815	
528 657 2858416 1464836	
758 920 5582570 7048588	
144 574 4459512 4596122	
539 915 3031662 4287188	
207 742 9341584 9257291	
637 965 2474696 1434478	
895 546 473729 9364544	
219 422 2657310 2792490	
275 828 7889365 5997543	
427 332 7024944 3077248	
782 916 6360727 4836432	
125 352 7091947 893019	
690 443 8250695 8519769	
148 242 4858907 5008231	
131 138 9005065 8581262	
28 571 3211508 3788336	
703 691 1761592 1778583	
70 304 1988399 1479142	
394 184 4392587 440209	
423 5 5541648 8758312	
514 576 3989446 4645304	
259 513 4674030 6765702	
638 224 2303342 3058855	
445 68 5221914 8061519	
53 399 6599670 7999113	
205 7 598429 8463058	
91 392 9238708 9216200	
59 408 9237814 6154018	
790 807 4493160 7163553	
984 217 4838497 1118817	
758 326 8870599 5815282	
144 691 3025833 4660166	
744 319 2472001 1926638	
710 292 2425302 3286839	
421 424 3750084 853141	
295 436 6577861 7254729	
89 359 4953858 2085433	
223 919 3539775 7072173	
525 16 8467472 5129507	
455 170 4226043 9152893	
30 166 7711344 7885927	
243 928 7522358 4820890	
761 873 3926559 9122372	
716 385 5653645 4794339	
846 96 5129888 2168620	
472 293 2389198 7664452	
370 775 8558375 6449615	
892 65 5773762 7224126	
280 169 1943108 3213282	
353 433 8859461 3402593	
453 46 7556620 6317410	
713 784 5299354 7742735	
650 902 8188129 3271019	
468 923 1889142 561163	
828 270 6963803 5069009	
732 625 5254000 6653527	
392 773 4336165 7024950	
793 999 335168 8400456	
210 626 5262541 7458295	
297 427 7257864 5232384	
899 838 6281951 3880287	
284 486 6464287 4446821	
753 526 6180174 7075271	
178 119 8318318 9079304	
836 378 2173085 5372524	
517 28 5354264 4549360	
257 501 4365461 4265607	
716 128 1452806 6986246	
352 579 8267507 3443020	
357 751 5640689 1231839	
530 529 4346836 3659834	
568 141 7427433 4807800	
819 610 3486078 2842379	
868 741 5671313 5942260	
747 244 6056282 5270026	
407 695 1397061 4717322	
45 642 4745925 1356802	
960 948 1293232 289450	
794 718 608667 4570697	
174 382 5338735 5158189	
85 627 2043656 3811235	
462 420 2101440 3037977	
913 758 2993149 7874840	
738 635 9090877 8776108	
93 906 4859000 6246622	
623 976 8599223 7313522	
160 904 5680455 5875209	
43 385 8807759 7697401	
843 966 7115206 3128706	
255 712 8201331 9357458	
482 584 3958624 2946917	
99 71 8056551 4039813	
868 902 4707515 8158981	
978 955 2089192 641762	
438 93 1668325 1894718	
424 758 1676272 1538203	
328 417 4334296 5337359	
313 554 8414912 3244376	
842 363 6768165 8044341	
773 388 5638399 7769998	
65 401 8523606 6210280	
567 634 7436989 6910373	
879 707 4400978 619162	
251 376 2024959 3634450	
476 439 3396919 9603010	
764 186 3467867 5063723	
466 961 5383412 5724604	
161 107 2404170 4105081	
125 778 175559 2311907	
73 139 5852078 2478256	
899 745 5597989 6616734	
194 40 9612537 6695063	
248 605 914060 1367608	
450 764 280051 945980	
79 757 6209535 3932014	
788 464 2872358 3146828	
565 669 4455136 2480296	
502 575 8381642 6909887	
824 319 7133867 529027	
778 122 3869978 8143189	
68 590 3418417 3011329	
753 71 3239696 2590252	
96 584 1122689 8488829	
657 236 1327724 1521537	
667 408 4613483 2021984	
808 973 8933520 8932594	
130 126 5156241 5098109	
74 673 6020816 7604066	
896 186 2058039 4293836	
140 824 8037170 778503	
794 836 4588399 7087302	
393 264 4976464 4662136	
50 749 7474581 8374336	
452 83 9858592 7296143	
687 320 5288925 4350052	
436 513 8887450 9289578	
433 856 1609688 989268	
870 84 7856065 3792795	
761 238 8870126 7870549	
720 223 5859279 2126819	
628 381 2051662 2204824	
404 513 8235499 9887235	
522 291 2940707 9256689	
832 779 4558391 4749834	
941 325 4398177 6999807	
420 251 6659359 3630652	
74 765 5650406 5219597	
750 94 5158840 5792311	
438 713 3747452 763273	
95 727 3951383 3595137	
556 864 3111253 4016255	
226 465 6404993 7179230	
216 702 5331410 2331006	
74 173 2757389 7129080	
748 234 7354115 9176932	
585 869 5229730 4195273	
852 460 3072566 2611250	
797 376 5844466 7646433	
878 400 4397685 3698786	
520 416 5306601 8922476	
160 639 2851831 5941706	
231 843 5397882 3538720	
936 44 3391969 4527062	
742 986 4653017 1154411	
668 504 9094257 7707970	
960 483 1592838 3634940	
999 309 6230187 3859516	
581 310 2616488 2352708	
508 30 783600 1502938	
885 193 9125804 8901507	
381 588 3918873 1930609	
886 967 6741349 213496	
576 545 5840539 8383706	
972 978 2420786 3959537	
622 474 3337317 2560658	
818 99 4509619 5410213	
174 730 5750330 1305641	
804 488 473092 585266	
616 816 7949695 4573790	
388 793 6732569 7447571	
506 35 2617546 8592194	
878 81 7141629 6423742	
407 86 6457356 8319788	
835 435 4158387 686017	
717 834 3954382 3679033	
900 822 3041599 6191494	
430 465 6296492 2604846	
193 501 9226617 5565688	
357 896 8342682 1584246	
528 22 5556575 1413416	
253 388 9063825 3535513	
644 563 4385356 8655155	
454 964 3538481 3846453	
291 203 9063076 8318730	
79 440 3887001 7053132	
506 500 4797036 4919238	
597 531 1903217 2212792	
671 625 6530415 8314905	
570 829 7998287 4282348	
950 181 9389682 7100651	
684 115 6206450 6881474	
549 741 7137134 6712887	
754 865 4819613 3310939	
800 107 9989448 4352798	
255 606 9877969 3933810	
497 227 4388045 8881584	
67 130 8164999 2953434	
3 783 2250994 2310490	
557 511 3359338 2843755	
648 436 971843 462898	
803 292 6978846 6157362	
629 813 1334420 8881184	
774 131 6059712 9826237	
104 449 2290058 7191117	
528 753 4645330 6248346	
501 973 2604533 2280007	
55 27 8798865 3406578	
100 55 8322660 8357759	
206 562 3143182 4614033	
770 770 5687760 3528468	
264 315 2280022 4379229	
423 319 4037857 1840933	
113 295 4773725 1804190	
89 242 5096089 7452146	
618 616 5652369 5355963	
774 614 8660683 6572285	
800 838 211172 140251	
172 991 8854711 3775799	
612 719 2398359 4293902	
76 231 2775545 7261168	
645 274 4427622 4821562	
892 725 3741475 66723	
891 293 3611814 6572687	
923 959 9008739 7653334	
774 292 1589937 4163614	
223 786 5558184 7815493	
991 183 3175419 684252	
676 266 7470715 4408043	
409 841 5711805 5879888	
641 439 5805925 6298579	
99 141 7559285 9025609	
888 938 4256620 2337903	
891 946 2324371 2144220	
841 914 7362351 8384437	
235 36 9734549 5761706	
73 348 2821888 4154668	
953 890 3721511 4733441	
845 471 8537708 5062077	
549 858 2069682 2152201	
1 674 5186394 5206962	
991 192 3569474 676626	
871 959 1706560 3106653	
592 107 1942603 2555594	
30 758 5220995 2467858	
399 89 4683752 7081016	
545 666 6587771 4706565	
773 342 4404175 696198	
170 436 9159063 2399844	
231 447 5628399 1591669	
307 425 167571 2918119	
370 6 8380416 9416040	
858 490 760571 1872614	
741 307 5616488 5935841	
122 262 864740 5139792	
786 799 7999706 5354394	
676 607 5367975 4171515	
579 490 4922889 6088425	
818 60 3650854 3338711	
943 196 3195266 6589789	
476 952 5258822 772987	
669 969 5128223 2454908	
681 19 3864314 7205152	
978 903 6756128 4166992	
636 254 8964180 9768091	
78 946 2644661 1684374	
113 897 5304002 5523947	
653 348 7046591 8392400	
422 522 6583110 2029290	
382 809 4780408 6153290	
499 305 4017540 6928757	
138 478 5397736 7700957	
675 782 957953 3857457	
344 439 4548347 8011622	
592 526 8569752 6828972	
78 485 7913452 8455091	
302 446 7681248 4773784	
908 532 7007933 8227278	
33 664 440856 524438	
102 220 234206 434319	
282 208 2611650 2166641	
828 894 4827478 3473687	
843 74 4960956 2674987	
187 409 6327060 3776355	
178 588 3442005 4549799	
431 894 3232494 2254436	
3 356 4387223 994272	
533 954 9379067 6965123	
357 509 8922793 1969786	
333 512 7586064 5296891	
436 421 6389551 8678553	
868 909 5989826 7817598	
406 523 1257977 6703035	
119 688 5036169 2757131	
36 360 3194855 5067649	
330 927 2379424 2306911	
457 584 8984806 7265362	
281 894 5382338 6616089	
539 138 252869 2943649	
344 264 6394623 8380815	
405 479 8689038 7578224	
955 140 5607800 2313868	
380 363 5533967 8528708	
161 636 1708466 4552958	
224 308 4838651 6160619	
232 834 9208696 9905231	
852 634 1105655 1180699	
952 520 6462836 9052100	
874 632 2853444 2136020	
79 216 4920218 9148904	
182 215 1815871 5096161	
634 687 1079311 5780201	
508 181 3039230 4210898	
166 267 6789549 4609134	
359 47 8386215 5444051	
822 60 8456016 8565309	
949 238 2798605 6349645	
123 337 7252182 6678231	
829 354 3239562 4255532	
589 195 4681895 1023285	
683 82 7933874 5172707	
11 875 4845346 2108468	
388 335 5624193 6784153	
916 956 3703490 2142507	
800 125 4922348 4025311	
57 10 4544835 4543109	
869 710 3588995 4168663	
22 216 3859819 4425479	
653 611 3288985 4451988	
921 864 4273344 4792712	
499 112 2147820 3873883	
955 609 1362663 3137806	
169 22 5508940 6161294	
40 859 4696383 7967202	
978 580 3454526 928780	
136 714 8771627 6518943	
52 540 4568843 5105636	
825 387 7382033 3930764	
677 682 8456154 7938854	
726 167 9450998 9778907	
353 242 4388696 6175927	
768 583 3123660 7244238	
510 969 7636526 2793267	
25 569 4165040 2480974	
125 849 7006521 54416	
711 135 875677 1402501	
355 823 1651762 206378	
262 236 5930376 3543008	
127 212 3323682 6375119	
837 298 2949280 1464941	
108 911 3738386 2367828	
481 106 607360 8075225	
818 870 4466905 5565163	
171 589 3205373 1749396	
732 770 9567400 7137440	
405 374 4605420 2624686	
103 346 1936333 661685	
595 818 6655659 6424029	
877 265 1484414 2273909	
441 675 7863510 6226547	
545 26 7273810 3254958	
705 432 4274433 2562388	
937 933 3939294 5030070	
253 868 3392515 3858030	
41 774 8592937 8680780	
10 328 1398790 320478	
634 470 5413202 2605414	
543 758 2093375 2286609	
152 660 266470 6606565	
274 613 4169473 6179317	
481 838 6059980 1597667	
968 299 8344205 8038516	
590 410 7147600 8452671	
39 969 9296412 7699173	
711 792 3666620 1853962	
334 114 2053456 7270791	
567 479 694205 2181432	
603 584 7988199 8193276	
540 784 2381865 1781072	
491 387 4523452 2739303	
979 871 5709834 8179834	
997 840 8302934 7924682	
834 529 4636807 7581856	
589 452 1989839 1072839	
656 75 7768693 9617659	
747 187 4629701 5300856	
557 726 7241919 343389	
602 629 162050 3694014	
146 749 6155201 7476321	
439 906 4455084 2239312	
569 688 8795097 9820003	
271 152 2983362 5188928	
752 55 2682008 6250277	
404 704 7482346 8834271	
649 884 810445 6094837	
892 217 437768 1211567	
805 720 1900637 3033576	
29 316 8667061 8413416	
823 650 6040986 4216012	
608 509 4713293 651486	
386 272 2907050 5653562	
486 573 1072004 7273043	
343 572 7069998 7394180	
92 739 1008885 3054193	
966 10 5250760 3386477	
932 627 3757712 4163721	
928 290 5590061 7558473	
814 23 1212509 3450113	
708 645 4469480 816847	
439 254 916938 3126373	
114 742 5514811 8565555	
285 173 6652255 7043273	
378 703 4128205 5210144	
202 451 8992435 5690309	
780 79 2126048 4571613	
926 208 9568772 3778115	
99 83 9114595 8730864	
821 760 8344667 4208626	
256 770 8540972 3244407	
506 656 9378716 7989005	
430 401 1820684 7678384	
666 998 8081044 6835664	
544 657 5899103 3167049	
273 459 7959834 9093709	
472 997 7138963 2356719	
636 355 4381333 1931774	
556 942 1879688 2637803	
211 553 2611061 4288717	
989 728 3216460 5992001	
827 37 4067099 4338877	
432 381 6788496 4287486	
78 434 2189971 5343969	
768 929 675132 9194321	
914 897 6700740 5443627	
293 179 1375535 4084975	
128 288 1501741 2110873	
674 184 5848751 3778351	
260 761 5839404 7790269	
43 338 3259556 1558410	
686 479 7265584 8669489	
143 755 5991887 5175197	
54 358 6113056 5625603	
43 474 4784352 7143287	
986 486 6514447 8041246	
74 842 2445477 4743007	
11 78 6938928 5267760	
771 340 5394080 9046545	
921 591 5736291 7892728	
341 3 189086 1256212	
410 986 8560388 4152957	
814 565 5158560 1714361	
630 883 604403 1725990	
410 404 1385454 4288851	
513 784 7735130 8308736	
780 384 1996740 3360381	
73 411 2727712 2082876	
766 758 4406551 4003826	
647 650 364099 1601360	
991 314 1400975 4406664	
3 527 1636097 2126530	
141 87 4416334 4354023	
490 177 5446740 8153151	
44 92 6763511 8719693	
8 756 4903729 2953721	
744 677 2358780 5052158	
334 819 3385230 2613018	
591 320 5878587 7296361	
513 759 5077913 3931464	
998 876 8360993 6863455	
374 558 2919121 1960085	
946 616 3406301 6273122	
920 184 5873065 2222528	
468 588 9467254 4109702	
300 723 9526060 9829206	
345 251 7005502 5812496	
285 494 4772310 5028681	
980 611 2412703 8829553	
724 156 3978448 2058036	
967 524 4953744 2984710	
200 91 5983670 4536500	
148 193 5598935 6335878	
243 164 2594056 985461	
89 401 274727 1018176	
779 267 3511323 2881633	
770 426 4118403 7231205	
148 953 9125791 2803983	
912 147 2094243 1411252	
932 851 6428757 6131782	
838 371 7164526 6079601	
92 484 1481343 2443076	
978 967 890059 1266280	
299 575 3916883 4907964	
108 34 4896656 3002535	
229 931 7983984 7670174	
219 912 4201388 3974357	
538 490 5808525 9526613	
470 572 6352032 1200694	
623 206 6495330 2797329	
11 548 4749616 5386540	
869 10 6835172 8480205	
596 365 2974150 5764958	
958 217 3024715 4078876	
833 140 2540916 4595777	
21 382 6947891 7174985	
564 819 1404321 816832	
829 819 7512865 6046109	
370 368 2455325 8629041	
3 662 6309827 7675339	
455 48 3107105 3098059	
166 643 3475586 6561364	
150 813 9119976 8442704	
363 500 4515426 1971823	
139 794 9310102 8830290	
544 237 6679594 7400489	
88 726 6724813 6905408	
836 319 904390 1324458	
710 235 3718185 2028501	
460 224 8875777 9013266	
508 829 1630012 6622713	
543 686 3617228 3821466	
314 535 2019480 3198205	
816 408 9945482 8859287	
514 161 5879765 5866538	
155 950 4767768 3517219	
325 287 3637498 3377306	
174 29 8810869 8200867	
775 208 8888870 5170233	
679 467 7115811 1927056	
99 219 95940 1998419	
549 591 7994377 3638996	
116 840 8886693 3561911	
783 968 5393322 5316849	
778 789 1940140 5512542	
802 980 9040000 3462456	
474 788 6942152 7717279	
804 899 1552379 343760	
873 554 5505474 1107301	
878 788 2290282 4198617	
84 681 4786412 3183402	
869 784 2085723 1138394	
580 433 2139999 4608043	
462 51 1121153 2275502	
993 888 6869496 4240899	
774 949 4049775 4548582	
70 259 3651235 2488584	
815 835 1988490 6943591	
252 680 7861611 6292243	
538 145 279175 830916	
224 229 4332082 2478978	
838 373 8503296 8250032	
360 443 470663 7207428	
794 914 3828522 9605939	
526 147 2729740 6495535	
638 664 4714495 4399928	
848 976 5475173 7450683	
424 751 5084643 7100358	
93 578 2172614 5840662	
145 768 844854 3164116	
70 107 1883570 6828945	
89 372 3930956 8663015	
57 302 3699989 432464	
543 207 5145370 4681281	
547 131 7117974 7811046	
588 670 7322392 2472175	
793 686 1174205 1570535	
587 170 2427634 6855015	
495 839 4441768 5833494	
184 167 5098485 3426016	
688 861 5690675 2773279	
42 476 7258732 5069796	
342 132 3695110 2623424	
311 24 4816513 6179672	
441 830 4709151 3465628	
826 470 9511146 8207230	
357 458 2062324 7516328	
334 934 2783852 2971920	
110 885 1669196 7115607	
615 300 1594387 1009726	
740 622 817622 7790599	
260 468 5649976 5205501	
382 964 1968828 5196397	
948 271 4823471 7596291	
756 662 6017594 2404283	
565 661 7198086 7925477	
793 828 3372936 2147027	
128 212 4915323 3912352	
769 849 6731873 2631457	
545 955 9713495 5971495	
855 181 4857826 4059036	
440 46 8982685 5582353	
280 32 7548665 4310789	
857 770 7471149 1299610	
329 116 4987179 2162427	
487 10 8105952 3249226	
299 837 3498297 3211196	
148 285 734451 419098	
104 518 3279769 3840469	
662 211 6687865 5653019	
669 499 9234002 8917519	
946 258 1893831 8542336	
425 302 6129629 6898206	
59 467 1988206 3554634	
180 282 4276146 5979515	
224 930 5561904 3110509	
414 609 1527555 3346697	
336 611 7743654 8121894	
557 793 857610 3161882	
265 350 7509308 2631642	
127 345 7519280 9812096	
342 714 7070837 7351484	
705 665 9534388 6411631	
796 663 2774366 3025483	
612 691 5064036 4442027	
522 908 9888722 8464912	
767 357 5414461 7432938	
498 205 6009726 2819606	
702 462 4532880 2073714	
390 764 5571203 4972048	
878 103 8827637 4272083	
323 451 4167565 1300635	
489 446 3637318 3081276	
614 389 1535544 1453306	
684 234 3464847 4547751	
286 143 5795600 3410160	
736 94 855482 8547957	
490 717 2356393 5187018	
3 401 5021623 1221968	
633 153 7483748 4151444	
672 203 5667004 9155573	
833 669 782076 950473	
188 432 5364804 3791346	
539 917 387871 2677465	
909 460 1368690 4610568	
595 111 6666985 3026206	
89 844 2822512 6473562	
761 487 2244346 6957735	
443 980 7407172 4209236	
717 828 4259642 2202303	
656 257 2550825 4126220	
893 520 9503386 5862574	
968 220 8126101 6514863	
14 936 6362035 4063055	
578 206 8535590 7142831	
144 790 9299141 8564077	
981 881 8393311 8793420	
130 433 3329058 7848033	
528 122 9188027 8869116	
786 14 1660824 1157382	
386 718 425877 1091836	
844 816 3324410 2487259	
874 473 5474921 8233170	
702 67 3524348 3491846	
575 327 4315910 4653303	
261 986 2279254 3146665	
945 322 2498767 3930900	
670 913 7322596 6720262	
221 344 9097825 1621002	
673 839 9885130 8704341	
208 807 4472956 3450632	
308 810 748300 5849025	
242 650 6227876 5529499	
135 279 2088203 3666967	
946 295 789461 848486	
844 593 6220814 5811919	
656 475 9536433 6156695	
23 555 1355666 1449750	
298 216 4684465 3971323	
113 127 3365474 2159192	
319 528 7632239 8976713	
125 152 5763253 9583357	
735 836 7974929 9761307	
428 227 1152369 309396	
739 525 87208 5137233	
50 633 7084015 975442	
347 455 6849020 6739990	
277 623 7330169 6000723	
477 763 1297179 9020668	
969 174 9829741 1848278	
515 805 4767506 1490313	
950 772 2188625 3006056	
812 588 7952524 3470350	
8 678 9421342 7509910	
838 645 481567 303072	
561 602 6254943 6745435	
686 917 5540038 4011890	
790 720 4663696 7140352	
389 793 2695566 4285822	
78 485 1180792 6999936	
125 179 8420304 5771965	
950 705 3871821 6473587	
665 124 4965439 3071766	
306 26 6661508 6188117	
612 289 6496343 5081549	
619 974 4542784 2972210	
824 264 8141763 7426596	
966 465 1929720 1791889	
151 574 5357701 6825056	
197 779 1203948 6222602	
57 5 6820306 3296989	
284 773 8099561 6332299	
965 735 5173200 3696890	
924 323 83578 7331275	
185 671 6397579 7238051	
744 747 1075484 4610585	
89 251 1294708 922541	
53 308 3972929 6082727	
841 970 3920731 6055697	
935 680 9152926 9703777	
286 848 4321705 6097627	
642 678 7238583 4511758	
831 49 1768502 2112574	
623 416 7089308 4029936	
56 915 2945639 5296655	
276 504 7386495 7957938	
509 786 7191390 6198454	
482 861 6433358 8333399	
668 979 3654140 5266813	
217 198 1052763 649823	
287 567 5168142 6021175	
136 264 6080085 7184825	
470 643 2724238 8166791	
807 499 1140593 2811582	
602 33 9028433 8575201	
418 826 6390323 7598390	
928 599 4296967 6371560	
135 923 8882226 6170489	
966 573 3173576 4105314	
11 480 8281740 6170012	
132 601 7006681 2564280	
247 620 6046399 5123975	
914 563 5521334 5045018	
880 870 8309914 9580077	
720 523 4971693 7342657	
470 821 7115967 5205792	
978 591 7374515 9565530	
163 880 6434173 5731232	
486 882 6493508 8653803	
588 331 3767413 6443324	
13 187 6877371 5944225	
402 257 9627970 9761696	
80 468 7210768 7317791	
937 741 4585244 9232530	
485 806 9286365 8303002	
326 160 2035809 1681235	
586 928 4499371 6425979	
702 325 7127407 7462674	
568 69 7100885 238195	
536 684 6362390 277119	
917 472 4121997 550820	
934 780 8549532 1269108	
136 511 5486785 3427963	
805 697 1882699 3929230	
244 49 4650880 1577172	
86 288 314528 4777529	
13 354 5224208 4091388	
864 534 2608738 9286904	
958 642 5231515 6505887	
104 556 1639742 2001693	
67 36 7999787 9530654	
862 382 4629524 7010234	
868 548 7274839 3993567	
349 810 482642 5233431	
5 522 7095446 5372424	
887 411 3145044 4217768	
612 775 541110 3050381	
892 898 1841631 5806348	
958 640 8503979 9454129	
231 978 8048728 5807273	
503 941 1061338 4170856	
966 973 4338670 3705435	
212 949 4436041 7142373	
287 459 8481589 5890507	
290 300 4482969 4955655	
609 437 5519374 7214583	
672 886 8055570 8797303	
256 532 4534721 1393429	
547 767 9559756 7119432	
782 80 3251779 6800570	
917 210 3414016 4894805	
68 975 4726506 6082623	
666 87 2064713 3823480	
500 615 8983958 7937515	
942 979 4253634 3141536	
166 303 5041170 5777979	
677 506 4007973 1056317	
762 54 4228187 1788465	
928 588 731170 4622099	
87 794 2695752 144361	
373 596 5374080 5795261	
312 598 3738359 6142197	
643 585 3957039 2795210	
974 739 5597253 6753948	
448 90 6330236 4903861	
511 5 3250391 2606201	
321 317 1032977 4499073	
452 968 3586598 5204779	
644 874 7409614 2435247	
872 607 7312388 4876391	
115 612 7181620 5390944	
507 979 1052052 4986030	
99 509 7345370 7263070	
27 440 6411384 5760631	
477 41 9940549 9703120	
302 230 95541 5345261	
399 900 883574 1764929	
165 150 3705792 6715396	
58 478 6020720 7906354	
64 403 503568 461637	
37 21 18184 3436164	
231 646 3774884 4973776	
964 999 8876949 1298144	
470 736 391573 3021979	
261 779 4558347 4378005	
417 669 6890251 9078901	
502 340 6578184 6360365	
198 699 5493885 3411133	
525 454 3496459 1425690	
731 729 8640141 7285647	
710 436 7936765 7124669	
519 606 9584469 1983004	
29 282 4279062 7266799	
680 100 5063755 4937917	
328 799 1034639 5707924	
140 981 4894148 3933387	
52 110 6403161 9721916	
352 811 3756873 7055534	
4 722 338571 330606	
661 731 5881116 8669194	
77 230 4816047 4789356	
427 835 3250669 2418531	
866 580 8269371 7320127	
339 441 3997904 5846013	
897 762 6063998 6823925	
914 893 3090740 5388511	
809 716 9913610 9300519	
53 383 8087033 6262429	
210 240 7723085 7430929	
639 604 9474725 9805423	
58 682 5427780 7129770	
634 20 4352167 7272382	
390 253 7405680 8552989	
769 872 3900229 3589789	
904 831 6296376 6818079	
973 99 3547564 2371001	
445 298 5498682 5437300	
912 757 5282099 2760415	
679 504 1846538 3262952	
561 635 4895191 3753275	
351 190 6484179 7500057	
584 220 3277942 5364084	
322 339 1867868 6364835	
378 357 3046721 975107	
250 696 1711677 2416623	
54 468 8064043 7193314	
142 435 2774831 4491808	
282 430 3781652 4837287	
238 237 627904 4645271	
887 826 3378950 3909119	
619 385 5069401 6585121	
328 530 3993180 2892997	
707 810 1787433 2855030	
691 333 6658456 7786129	
347 429 4610421 5293879	
644 564 2441103 8621150	
471 504 3988818 7005282	
863 495 6930253 7659051	
455 233 5259506 258292	
809 634 3914093 3705518	
136 226 3517859 2834046	
380 897 4482653 3768573	
119 46 5582222 7227014	
870 32 5943587 787061	
458 537 1193908 3166013	
899 609 7958694 4784064	
993 233 5843400 5162770	
419 352 5995712 6240415	
640 712 1528044 2699024	
721 576 4337571 6074398	
691 461 7222944 2955530	
379 26 4587401 7793332	
804 403 3817661 8357957	
392 445 8342477 5822950	
614 4 8123689 8953261	
435 849 7651703 2798562	
108 545 7412034 2952908	
977 499 6260934 4749641	
775 958 7291564 6451805	
229 326 451933 1470828	
222 371 2370650 4657769	
305 660 7263653 4653871	
440 348 4028829 7186855	
770 872 5792994 5100044	
151 674 4067751 2573549	
694 749 8524433 7312817	
677 385 7932254 7246114	
694 233 528188 4228065	
618 693 9788004 4844326	
977 427 8818573 6048142	
190 384 4851681 4429278	
294 633 7500636 5928909	
479 244 3560785 4451511	
826 531 4115528 3648994	
998 86 4380283 4134353	
473 529 1612341 8486212	
892 986 6689406 7240418	
691 737 6843992 5885545	
841 401 7502309 7300793	
44 977 2591084 2852558	
225 952 1719626 3413219	
866 733 6604257 8867729	
389 808 3540807 5138428	
17 978 2404276 6563857	
906 706 6152893 4995380	
489 363 698574 1015303	
605 939 4589721 8700155	
807 337 9256904 8447992	
705 772 1194281 1717429	
482 408 2636720 1227753	
875 78 5959524 5964115	
498 860 8753050 529748	
160 219 1343312 1474759	
750 975 1493142 5405665	
727 591 4574311 5903573	
591 972 846978 481802	
123 503 6731398 5242202	
148 659 2896334 6507396	
256 549 1902214 2296068	
895 39 4855487 4087658	
650 976 2230650 908868	
14 930 5033944 3876951	
598 24 7098289 7139439	
460 995 8195243 8610732	
710 680 2693690 3981621	
293 444 5291708 3575001	
51 832 2011852 4517209	
720 68 1515776 5360066	
425 284 6764878 2084290	
560 205 2293788 2920816	
682 727 8600624 7561373	
263 679 8371970 7763883	
822 335 2585383 2679427	
440 779 4787039 4366944	
534 282 7232117 7294911	
864 830 5431637 8936858	
327 164 6607094 7233393	
249 2 5978338 1746888	
764 982 4792208 8295622	
731 552 6721375 5521983	
454 94 7382321 6940172	
860 861 7017286 6708194	
323 271 5189969 7590045	
76 214 4361318 6800883	
430 825 9432925 3392506	
105 511 7865724 8310909	
13 554 3652173 1925545	
461 780 7950498 1987628	
719 130 7463508 2769067	
222 596 6936484 8901876	
33 427 1276451 672216	
566 319 5284260 6178536	
667 223 9840319 8138289	
159 332 3464979 31331	
351 606 5416928 3711351	
274 328 2714877 6235775	
753 459 2162422 1119547	
749 38 4560565 4424374	
503 348 6388223 4969483	
254 705 5326872 7535784	
148 215 4579398 8212122	
50 53 5654668 2614158	
662 335 5801426 3505967	
449 413 7807083 6518606	
572 93 8770196 9199742	
385 238 4727567 2354721	
88 290 7818840 6818724	
118 174 2755206 5601070	
667 827 7198189 8684061	
869 496 7354398 5725106	
291 834 1674678 4039074	
347 739 2840965 103953	
357 523 6169117 3885747	
453 7 995851 146194	
513 322 4580255 8365590	
200 578 637220 8320063	
910 100 7928685 8831134	
769 119 5578365 7884086	
377 674 3572915 4180773	
901 17 6105172 1240650	
698 72 4763203 7604041	
326 84 8173549 9130580	
795 459 2657238 7884227	
725 179 6624696 8963522	
843 47 4643391 3072081	
817 78 2913452 8729932	
495 710 1191863 4525254	
495 269 4834679 4476356	
263 571 8501597 3611245	
601 213 5689794 2396578	
739 267 9038806 6509126	
853 28 3625323 1201536	
797 200 3376692 3893518	
614 449 4483850 2067764	
119 606 483194 2159348	
714 422 8217461 8569502	
420 910 4114745 559651	
276 639 2319235 8879455	
486 440 4874586 4971174	
559 887 2405337 8367437	
743 263 3467449 2770025	
154 112 5694086 6283497	
394 586 3392814 6546541	
480 684 6571036 5951674	
292 910 4215921 4078933	
427 506 1594622 3609617	
638 846 7407374 7552580	
142 192 8216122 4178864	
264 353 2073823 2058953	
444 792 5491581 3110726	
734 913 6248483 3064830	
60 203 6413271 4563467	
761 63 2631274 3709774	
894 665 8794660 5409387	
450 554 3013376 2493023	
865 532 4069088 4551236	
705 348 4641974 6643875	
387 765 9808332 9679995	
726 576 2079584 1177652	
460 511 1046820 7937583	
907 605 3370489 1636163	
473 400 9643454 6105496	
582 323 2054655 2280538	
225 185 8602107 3470765	
32 820 1914723 4603321	
397 721 432639 5128595	
863 714 2179284 2535736	
691 264 6769941 7932346	
394 452 2878368 1734241	
102 551 4315379 5202609	
921 75 7731061 8858766	
340 175 5336123 4513786	
864 84 6201399 4740248	
289 283 6427884 5056833	
579 258 7850572 7699985	
422 748 4400149 4052981	
290 466 1759159 5223869	
558 565 2409049 3600603	
969 828 8493818 7930633	
984 374 4239921 4921371	
216 825 4638836 6898934	
912 697 2714509 4830918	
112 289 5823343 4762463	
499 690 7441382 6967846	
835 582 5706348 7996815	
166 939 3314624 3112765	
299 620 6096723 3920758	
740 125 6162282 2876659	
414 838 8465347 4332807	
41 172 4518571 1168851	
676 631 5327734 7361935	
860 840 4268478 1140301	
652 279 4654911 2159895	
987 588 5184181 6261227	
572 880 6293099 9160023	
775 918 4100268 867413	
715 357 6697105 9855931	
12 383 6787252 6713068	
459 158 7443867 8204101	
315 842 2759446 430965	
890 895 6978258 8515571	
43 607 4875988 4167741	
628 798 4776549 6774084	
760 587 4731385 1180337	
114 484 2093902 5699741	
631 639 3594540 2285212	
922 321 3574999 8465413	
709 896 2897561 5237689	
817 297 6682159 3299234	
13 964 7333135 9535480	
139 148 2633827 1081893	
408 548 4206067 7076267	
839 218 1767479 892778	
817 206 9534101 8737075	
930 410 2568850 5451637	
970 696 7451580 4235903	
352 388 7788950 6027479	
960 586 2857868 7970608	
326 94 3909772 3970360	
144 573 4628517 3667447	
48 575 7298325 5310451	
510 286 4065155 6398623	
190 28 8534854 7917885	
525 160 2033916 4942572	
37 971 4223909 4087236	
548 358 6038603 1576961	
249 467 2902186 3920132	
400 597 4500854 4669970	
199 317 4272838 5074881	
329 171 4004245 3612070	
506 286 5562585 7932605	
601 442 1552779 4838060	
947 462 9860947 7979111	
258 542 4407339 5705585	
159 13 2181193 7326379	
53 59 2049288 7810203	
633 766 3743589 7206888	
484 39 3176715 2477724	
359 235 5582286 6194054	
910 729 1482189 255957	
59 938 5294257 3062056	
127 95 3768472 6233035	
415 112 3313651 5320631	
466 283 5866151 6371967	
833 225 4137599 9455285	
447 924 3968588 6760442	
289 4 2415194 1633935	
203 328 5380563 7385944	
532 47 1258641 2330439	
469 400 7154201 8049303	
473 474 2332314 4427916	
688 389 7570166 8464094	
881 489 4317388 4334711	
866 342 8482103 3223130	
609 166 6026918 4593962	
204 527 3777419 3758217	
457 254 4987948 3772682	
119 915 5391709 7135196	
435 305 2079362 4661950	
260 243 2866952 1570167	
601 964 6503982 3345373	
249 71 4483831 3297795	
920 836 5371495 8435713	
434 754 6419631 5892370	
535 947 3407005 2275282	
663 220 9652337 8768865	
669 447 1192660 3306492	
159 937 2423810 5051349	
902 873 4087969 4803498	
880 597 1928015 3916595	
957 979 4673837 5870804	
401 517 2183586 1915232	
196 879 818071 89243	
189 980 4587267 3730234	
993 988 9973778 8745625	
371 315 4877472 6359423	
807 65 2606379 3852702	
513 728 614715 3309228	
242 447 1953031 3374933	
676 621 3460951 4406236	
661 465 7917911 1503324	
28 323 5276095 9696272	
928 850 5492251 9044794	
593 14 6572027 7761322	
669 919 9241948 7474733	
302 849 6755347 7276351	
53 234 9182417 2084305	
345 181 6520691 4585656	
453 419 1767546 2575802	
9 117 4592767 9261569	
515 840 5941782 4842157	
563 566 525014 3683330	
90 853 6693136 6430178	
491 352 8679960 7508378	
215 461 9193677 4108275	
338 915 5613734 5284246	
831 252 7903033 8178899	
710 666 1708630 3438535	
196 686 1598529 1302983	
515 18 8790052 8609831	
21 921 777657 3728127	
364 724 9934279 1608510	
208 581 2377966 2318669	
148 228 4862327 4345623	
690 102 6949278 4813754	
221 319 3129442 4071294	
269 537 3864873 6925553	
272 583 4594530 5352420	
556 11 274578 933826	
935 790 4742225 5107630	
82 301 3289601 5568728	
410 566 7708589 6589177	
379 423 8879527 7163905	
900 473 2228272 7364817	
401 438 7612940 7945344	
458 849 2170197 3204646	
924 142 4059307 9023317	
906 621 7808682 9590168	
698 731 5437713 6239225	
878 575 2741418 7654832	
977 18 4103193 6688459	
648 504 7174263 8186085	
717 276 7433625 5077477	
347 996 6852209 6897867	
162 361 2880449 6392559	
371 600 4173323 6710770	
782 261 4899728 4533511	
270 531 5267995 1417604	
502 915 1940794 5711750	
172 101 5550818 5715140	
941 706 28348 5690815	
834 567 7022466 4154623	
984 731 6994237 4054766	
771 149 5782127 4188813	
296 648 8860604 6819574	
490 560 3001752 5671545	
562 603 4511778 8258976	
759 507 8209537 1230445	
122 538 4755996 2319578	
42 265 7577157 6198570	
349 924 5695852 1139006	
620 612 9174520 9946862	
621 839 9024421 7397047	
739 144 5561256 9277571	
953 101 1424216 1603547	
64 177 3955424 4741456	
406 105 7965230 5890147	
51 290 1455167 4696329	
201 903 4227793 7793817	
457 811 262462 1354160	
64 8 4067591 4084812	
999 411 2310303 3136154	
690 381 7915681 2692472	
376 338 8901625 2333673	
395 104 5381153 9200574	
260 710 4340009 1200333	
925 214 4245891 1884173	
579 743 3401264 5716878	
177 316 1363792 4413940	
391 710 4057520 2914235	
988 644 4679648 1532890	
921 966 619273 4749927	
554 402 4746070 3569529	
880 362 3171578 1851395	
976 358 6681866 1939667	
13 952 9851247 6687179	
392 900 4557808 8271410	
920 971 3801733 6083609	
677 937 5811598 7674790	
638 674 2569737 4344454	
200 324 6962077 1882825	
50 797 8305996 9784430	
205 782 3029668 2767725	
241 59 8546926 8881122	
473 581 5510524 2007828	
100 352 255806 702191	
564 615 8402793 8114168	
982 3 2632094 6796949	
543 907 3282642 3706203	
82 752 2655421 1735055	
377 951 4575804 6630838	
191 939 4023345 2809934	
289 787 3200823 8598073	
943 665 360776 998707	
232 163 3418609 2399117	
215 623 2508499 7664044	
307 632 9095104 4207826	
343 666 6118650 5337350	
383 23 8500494 9513661	
968 87 5321467 2570401	
391 216 6297841 5822984	
852 99 3321925 4207360	
782 847 4670519 5612419	
713 961 1672955 7538786	
407 121 9554470 9211393	
259 718 7424221 2127577	
639 621 4132176 5285288	
849 604 8673506 8918521	
923 701 2843273 5212227	
865 715 7246592 8794197	
22 736 8776276 6281730	
767 713 8377793 9419249	
195 314 1262692 2486652	
950 916 4639566 4542565	
179 212 4570932 5315503	
23 383 4668066 3947067	
334 819 5443311 4412591	
802 238 3694895 8671444	
586 548 3350767 9503778	
396 787 8389114 8255133	
780 617 8571525 9079134	
991 708 5901446 4202598	
932 562 8357695 5306144	
594 927 3035314 3838628	
413 704 9300518 7663348	
773 620 5660084 5360822	
504 860 4367617 2855173	
657 148 9902829 9581212	
902 522 9131059 4215690	
806 636 4724095 4342288	
710 812 3784799 866159	
333 344 8058260 9067171	
143 592 6919868 4913350	
576 906 8474956 7896497	
709 161 3521599 5896644	
965 71 4605544 5875375	
881 194 2101126 5885720	
192 521 4709334 3779539	
362 641 7461889 8933865	
683 984 4538219 6284202	
864 588 2570493 701468	
470 867 9731460 2245183	
986 248 7308330 5390517	
913 309 1373944 1446538	
130 542 7172701 7113499	
461 687 4798779 1261494	
636 20 5830882 2301591	
522 266 253215 2798180	
262 158 3212016 4436545	
825 933 960392 1739370	
867 476 6703385 3012412	
97 671 3708244 4726111	
733 256 9313224 6097663	
729 714 4455909 6969885	
232 78 5615659 6462711	
176 128 2261672 7205494	
663 832 4823074 9487527	
159 903 2539745 2844585	
956 354 4020998 5734796	
442 506 6739495 6723883	
595 314 8811859 9258769	
819 235 3943920 1037482	
536 556 4052794 2873577	
185 666 8434656 7190959	
154 648 2957062 8151974	
37 940 1888996 2521122	
211 986 2308794 3592254	
541 598 6667764 5229692	
648 465 8369389 1839310	
299 257 880566 5101234	
555 363 5946058 3873770	
330 425 5472578 1080868	
13 804 8129295 4922657	
372 357 6478077 8547196	
649 865 5355073 1550299	
487 975 40319 4005568	
635 190 6098983 3399590	
143 531 4381774 1107951	
543 724 2855026 6848782	
406 840 3235270 6444593	
961 34 470290 1286878	
585 681 7316050 8365521	
14 505 7389255 5209818	
713 130 4130807 7196951	
949 624 1696044 1685361	
534 443 406827 3132585	
808 434 3556739 3861586	
254 354 2843959 1570590	
727 216 5161734 4018695	
155 507 4681683 2157458	
865 432 7903826 853145	
342 136 3186587 3773139	
54 961 6185293 5026620	
284 949 1483970 2619872	
229 701 7047091 2188811	
542 678 5856515 4024775	
428 695 5462992 2934655	
42 638 7970229 5628364	
625 18 8929498 5106640	
528 196 6424278 6226174	
950 824 4922563 7896680	
383 44 1622145 102422	
941 96 8469025 8421325	
804 732 8768663 6663395	
270 828 1090745 312164	
492 3 3351162 3851667	
52 657 3952372 2402927	
315 83 5992771 8918841	
232 117 3316383 3671358	
185 262 1621083 4297587	
737 88 3999121 3198636	
237 726 7089311 7720782	
61 259 7497601 4226262	
724 867 1299237 5780557	
665 800 8094541 8866886	
489 999 2120582 2723995	
185 834 8021622 5684901	
717 716 8814179 7522401	
639 693 9796948 4737131	
737 914 7892124 4381004	
43 404 1948148 944871	
989 830 1923622 1784559	
612 327 6832301 4591967	
938 346 5981097 8363635	
474 363 2483296 7690273	
618 175 3016850 3819083	
172 705 7799906 1732468	
705 503 5719590 7452362	
541 674 6572742 5327499	
511 95 2526536 8999884	
469 773 6746110 3083317	
22 895 5364083 101044	
880 740 5915846 8285140	
208 663 9023614 8108112	
827 36 9363986 7678390	
103 224 4185411 2286246	
926 910 2244291 6622877	
807 538 3474392 3392051	
487 900 2703144 1638468	
431 886 1611900 4727658	
613 391 925300 4064454	
182 113 6627742 2983243	
221 644 4027701 3686518	
252 60 861727 1620844	
396 543 9389161 8562847	
888 57 3859358 5337890	
783 117 2705208 1288247	
66 516 9300598 5510168	
688 840 772491 2147316	
440 536 3774318 1596674	
432 571 2724552 8813146	
901 643 3448628 8979051	
72 977 1740666 5580898	
837 701 7506070 7695222	
968 243 5702367 3987091	
408 350 3275703 7051747	
865 891 3250435 9585649	
539 244 8735447 8945004	
49 564 447913 6225465	
44 797 5426743 3349885	
910 697 3344303 2788241	
263 98 5064372 3021928	
716 129 7505829 8279821	
904 144 2539712 3749540	
662 785 4708187 7653453	
281 594 2497162 7158255	
390 805 7423383 7000034	
978 755 3025147 9029845	
938 597 4085734 1210830	
137 646 7999969 7707769	
776 611 8002400 9519564	
847 566 1068873 1013603	
927 823 938930 647558	
917 771 2303821 860270	
429 236 6124741 2619456	
142 526 5648590 2792130	
293 30 1103822 7934776	
510 16 6231871 1024233	
928 333 6853077 5797053	
262 341 9324473 7818637	
483 969 4323113 7851456	
499 112 5511195 5961833	
904 975 5085107 4980891	
176 929 1680359 4463594	
587 82 202300 4951405	
606 416 2992190 2490296	
376 889 1156267 2346003	
299 298 7803186 4384486	
333 926 8828538 6586367	
844 456 456713 8746674	
124 345 2662540 3133566	
768 782 8979645 5413049	
88 572 4220903 7301181	
789 156 4385308 5891203	
83 844 1484336 310369	
630 826 5675207 7778627	
937 175 1471436 5431579	
634 38 7442886 2434818	
956 977 697909 2627407	
730 758 7861200 9720588	
215 267 5224396 4633867	
922 991 8061373 5477953	
551 75 653270 4880766	
346 248 6104430 6322694	
55 494 9703440 7972649	
146 408 5820348 1710131	
522 537 2086915 3676614	
837 390 8953052 7675324	
845 824 8573756 7396981	
590 753 1643665 281012	
540 976 9534303 8382801	
860 596 8811242 5680317	
647 457 6084898 2285213	
109 897 6432410 5628846	
65 532 6549852 4740685	
922 749 5755576 1350226	
949 961 8136033 5539574	
716 763 881858 4302649	
226 11 5873511 4237117	
317 304 5616631 4068572	
356 385 4131080 3762340	
188 111 4948515 3118166	
521 717 712644 2746609	
723 275 5004163 1935094	
32 335 1718766 2854936	
45 532 932863 8289153	
305 102 7974771 6156035	
1 305 4537503 4216894	
42 293 4951070 5104959	
604 955 6937549 7236936	
288 612 7247091 7708116	
978 264 5118890 4254703	
890 658 663042 3769806	
8 248 3196694 6279507	
535 377 8863237 9057627	
251 43 1159252 6089087	
892 290 8910983 7399655	
371 709 2573134 3601365	
662 595 4326026 4539896	
288 527 7894393 2643894	
199 528 1489904 1906455	
477 545 3221350 6875511	
222 762 3998354 1410932	
381 890 3047794 4253715	
593 968 5407031 4675923	
674 619 3392590 2443987	
492 115 4808128 5787546	
216 700 2796981 1514162	
394 485 8880833 8003718	
882 61 2897886 2805682	
144 919 6132869 4662373	
104 481 2975845 1612410	
68 253 8670625 7072242	
870 538 2524962 2868376	
509 485 1729625 6262542	
157 716 4378612 4963934	
394 785 4240375 1520717	
218 273 8727153 8559217	
422 31 7703969 6532509	
951 448 3269277 17051	
286 225 3576193 3051884	
616 97 5296519 7094121	
854 784 7988423 8831943	
448 938 2160366 3372122	
617 406 5549773 8009286	
423 133 7637693 5320422	
824 938 4396712 9020703	
215 75 951987 6242299	
634 430 8683015 5557381	
630 907 5688093 1725229	
292 353 6457884 6888997	
242 454 2022116 4546280	
829 769 5188563 9839144	
649 967 5326310 2922301	
20 120 5610719 4198775	
868 356 4923931 6104481	
352 144 2370614 2638749	
583 307 7392477 8020451	
622 383 3027474 3360260	
627 27 2763914 2777236	
305 682 2112875 2337927	
893 183 5069540 4940439	
269 25 2051375 295089	
18 970 5323350 6137232	
543 116 1082661 400844	
611 132 2650462 1913628	
779 114 3026665 3746199	
513 208 481156 8499931	
797 10 4185642 1488437	
521 244 1959110 2011280	
58 244 4219985 7866223	
332 657 9623174 8746792	
241 292 2820275 6205850	
961 31 1800303 1109559	
123 117 7908935 3158653	
750 116 3030347 3117396	
834 567 7986578 4667266	
164 437 7343241 6878463	
171 42 6234403 6773236	
999 510 6382065 2405914	
51 999 5227003 5113247	
275 813 4203537 524145	
421 183 3469074 4318166	
28 363 3122716 489518	
829 730 5216378 6783989	
497 928 2699158 953664	
705 725 2379865 5571510	
671 677 7676023 2796213	
852 115 8587475 9111108	
980 326 1046375 9203785	
23 307 7121909 5554589	
4 655 7906420 4104318	
501 271 707353 5023754	
395 596 7099672 3647448	
535 365 9326921 3945816	
916 974 8612778 5273765	
72 691 6870985 8401616	
336 376 8941485 6114018	
727 269 6659683 3927516	
203 539 4010427 2155037	
120 922 8641414 8589358	
967 153 1686738 1256242	
702 363 2100365 2426284	
683 905 7794356 5073895	
15 575 4488258 1660579	
584 178 6254131 4006565	
835 312 4201729 5641650	
164 824 5399433 8265639	
61 156 3192052 5046707	
970 57 2085056 2926696	
260 366 9973130 5533647	
255 592 9012157 1130540	
775 481 2552244 6206736	
749 845 5726176 5549548	
903 423 9284663 9015979	
339 150 1858624 4083318	
183 683 5077997 8420398	
103 699 6050730 3265157	
56 33 6087086 9028411	
220 120 4318170 3964312	
205 47 6888566 3849849	
550 410 5275247 7860873	
680 702 6845552 7911139	
249 226 4357379 6304679	
517 193 1255686 1345782	
672 384 940667 1036592	
951 143 4802256 6391339	
940 785 2982079 3778557	
446 360 3596634 3521423	
955 881 350098 716415	
736 339 7964252 7664116	
394 220 5482424 8724603	
774 788 3687518 1862337	
155 591 5211200 3790598	
988 556 7848224 7746982	
25 763 4499768 1052743	
536 455 4154374 4460812	
855 840 6500502 6747713	
291 680 5375843 6369503	
415 821 5247370 7558984	
167 669 7895550 9144947	
116 25 5913372 8736316	
996 515 4652447 7659050	
304 673 3507640 4496194	
579 285 4844804 4401902	
374 63 6447049 6264049	
722 899 4057323 2055092	
10 446 6772420 5435760	
51 522 8765091 4138141	
22 944 7162937 7851452	
135 804 7204740 1960440	
816 567 8481022 8432490	
978 667 6254285 3300329	
298 688 7889557 1386023	
275 758 8600139 8057949	
107 121 1530695 1617473	
882 140 1824779 1430097	
428 284 8965737 8869754	
885 249 6992312 2792859	
289 819 4057588 2345938	
239 696 8537547 9643171	
147 415 2885822 3634000	
457 973 6257129 4590524	
785 512 5239940 9474132	
990 759 7036057 7376949	
44 57 8074328 5622979	
982 65 2216573 4940501	
630 431 5582498 3318466	
838 137 286076 3900875	
361 234 5734913 3984164	
624 675 5269901 3473595	
459 623 3742413 5811946	
661 628 7372634 7435096	
179 540 8513296 8589633	
781 551 6257451 3135862	
919 240 7766936 496462	
657 282 5431904 5071651	
130 197 1148342 2989662	
266 465 8174376 5041539	
801 650 5547513 3240517	
52 290 7669952 6883803	
66 754 2191412 3635150	
575 644 3770156 8411067	
405 547 184754 3319229	
485 792 3515474 4931655	
334 722 4323749 3901602	
470 573 5900639 3403606	
941 499 5566596 7191241	
406 88 5537433 6911962	
563 717 1677701 674393	
344 799 5995004 3088317	
6 646 7499397 6705889	
87 998 9103624 9936823	
136 930 3222687 5031158	
89 611 6936462 7749097	
395 459 3682279 1750581	
95 402 6810922 7988361	
740 988 2829914 2069644	
454 736 5480726 5349222	
815 773 5765567 2713925	
333 183 1789469 1956335	
679 521 9454635 294640	
94 421 69170 8861779	
263 537 6509540 5313231	
971 100 3643710 4051345	
831 2 934770 1538777	
796 527 5555273 5157202	
110 952 2351608 2298617	
905 333 5136860 7086975	
431 681 2087020 2199135	
614 528 7766165 4070936	
181 959 4968390 7466604	
542 710 4503240 8203450	
82 676 4664507 5426108	
858 527 6298122 666777	
362 265 6294762 3281861	
61 865 5189805 6942279	
650 530 2056637 5236934	
185 683 3847519 8667710	
518 325 5844745 4353476	
453 829 7549264 7507220	
964 817 4812209 8474782	
252 663 3863133 695820	
757 21 6214384 6210617	
967 822 2779749 2601321	
476 597 2936307 1512470	
662 11 4377900 2374718	
333 918 6728015 6111455	
795 234 1664130 2742007	
277 799 1306810 171664	
168 557 6822832 5157117	
710 345 5899375 6504906	
99 48 5062778 2754158	
161 838 5459927 8073824	
353 247 6254018 7859095	
586 692 1915115 2822558	
724 231 4417790 8703611	
615 39 7597771 4282588	
282 13 729585 3879418	
896 668 1341291 179021	
206 821 2732614 4417242	
917 683 5163168 7741831	
818 581 9429470 4972923	
102 402 7099531 5500590	
898 724 1444713 2546953	
734 745 5516960 5581884	
599 332 6404089 8685891	
274 634 974271 2874552	
347 482 2402716 3891211	
903 626 4773228 7292844	
881 592 7496256 9219853	
784 399 8931032 9375695	
230 501 6774571 4717408	
279 466 8392443 3238648	
737 995 9932431 7227631	
615 912 6121266 681477	
485 513 7159320 7004060	
833 838 9631915 8532262	
318 783 6604189 6557795	
591 595 4885293 4558087	
456 248 8045273 414617	
396 905 1322197 832721	
156 181 4248001 3974418	
51 425 5469245 7363741	
159 603 4967785 6816314	
715 330 7103476 7475729	
741 216 3461160 2044607	
761 72 3845106 6409765	
25 782 4436594 4791949	
729 541 3452066 3495373	
822 630 8327787 162055	
99 478 5908630 8006960	
705 183 5446425 4229581	
225 136 2622601 1584583	
180 736 4004100 5468551	
786 863 6577667 2922053	
796 14 8384392 2192619	
288 515 7532103 8581207	
821 370 4930994 7653318	
715 310 711705 613191	
568 924 8000972 9125550	
199 45 1397494 6231740	
844 305 7422872 3333080	
651 393 7766102 6609712	
64 119 9556586 6756552	
697 320 8214556 6925409	
411 769 8764911 7697314	
841 542 1125947 8859730	
152 730 3208912 2538685	
762 356 5043952 7541669	
589 924 3772958 4225317	
820 68 1317896 6631464	
386 450 2148593 725296	
328 755 5199395 1187752	
7 459 2047321 6144462	
950 52 3381532 1841330	
763 675 7847000 7725843	
588 181 1320988 2030626	
558 658 5887053 7012326	
473 540 9219554 4633834	
741 658 6183878 1276107	
803 690 4066591 4004892	
623 585 3017062 2282210	
111 738 2554892 1223761	
100 438 9217588 7271692	
775 767 5898537 6449355	
533 254 6030639 7477817	
506 125 7248945 8188151	
496 538 3503008 5544540	
384 91 5333324 4856918	
245 918 5548912 4535679	
38 715 1827661 8780794	
818 694 4517570 5828722	
867 374 8740527 3983251	
461 860 5237821 2644944	
777 875 3402090 3979368	
684 107 9041857 5218939	
736 844 4631113 1118380	
645 306 715800 2606762	
660 406 1541216 2856753	
665 987 6481145 4353111	
495 163 7541538 8078080	
683 343 4244748 6487107	
109 824 2429738 3952342	
116 387 3432320 7237080	
574 866 8130993 5238154	
141 978 9009783 3999217	
689 45 4169298 8016236	
670 571 5567565 8290085	
142 642 3610428 6876422	
350 701 348043 3590751	
546 881 3038112 961315	
786 434 2712889 1473435	
685 993 2401205 2410165	
796 198 8565677 7546959	
686 95 1983966 1988932	
910 724 6731109 4611321	
551 136 3025412 3581037	
529 76 2629021 8566891	
367 890 9804597 7658502	
119 66 3901084 4534219	
828 157 2935299 3502431	
563 751 2495664 3437950	
142 80 1856542 3671020	
342 39 4900332 1322468	
251 790 8191419 4135001	
504 856 945299 3586590	
345 350 9207585 2688063	
505 827 3719922 2418205	
19 345 4810233 2755614	
858 804 6349191 3747923	
48 312 4291233 6511583	
193 178 8981222 9792241	
712 617 6187512 5888786	
763 395 8179644 5363584	
770 293 4676609 294250	
679 678 4397107 4115373	
688 852 9635533 6712603	
95 584 4996925 2909388	
488 45 9108290 7094459	
426 613 321647 7879578	
639 70 2383052 1226176	
187 801 434396 1640825	
719 823 6582126 909809	
395 894 453520 5430736	
219 313 2197588 3241376	
639 430 4277182 6147527	
720 524 7703327 8488210	
769 825 6650178 5880307	
881 655 2898761 843753	
913 353 6481045 4433434	
84 816 6062136 2225242	
932 699 2751918 4996927	
367 13 5049680 804805	
724 672 2669455 5143112	
267 463 3120800 3220600	
808 487 1636012 4858089	
478 85 5010871 9735093	
412 989 2163393 2604942	
845 279 5487443 4359440	
904 118 4431074 3115013	
57 996 4537656 5646217	
796 875 4044431 5351711	
512 409 1380038 560231	
650 109 6785762 515805	
335 450 583581 2223034	
229 411 8175938 1835380	
119 868 326683 1286104	
895 547 7850912 6965294	
55 454 2697813 6654648	
799 917 4505804 757443	
298 541 8082461 2776838	
648 669 3100197 7050639	
26 949 3522654 5784228	
945 273 3390354 8433499	
431 73 8901123 8882225	
409 559 6908760 5179923	
27 894 7291999 7594823	
912 423 6593974 7279452	
26 357 5759550 5735672	
699 703 5919820 4721051	
221 633 5512326 7272564	
809 981 6105027 3428391	
764 547 1457866 5273614	
629 415 4878959 2682209	
471 601 6120594 3612723	
217 42 2771821 2476388	
767 790 8320793 8209633	
602 378 6679522 3682169	
252 696 9605840 9780035	
570 578 5651623 5107290	
859 121 4950718 1566723	
507 814 6171895 7684980	
29 877 7259823 2685319	
810 73 7438399 4322702	
869 220 4924385 5809840	
987 31 9404329 9314888	
298 800 2491528 1028984	
995 232 3295313 4772163	
255 951 7224763 7471253	
652 352 9206071 7310698	
675 574 5777447 5394831	
868 942 1670782 4783047	
571 903 4315115 8480461	
306 683 5528595 7474775	
704 932 3905499 3395617	
591 824 8615179 8390996	
597 346 7357682 7146646	
555 216 321647 2084153	
292 404 6669832 5808673	
130 26 5821491 8269544	
120 313 2882957 2414251	
395 30 1890589 370828	
930 296 5036790 8286227	
997 130 4160413 4104526	
696 745 6382388 6680076	
609 589 9000162 9003038	
117 540 2053647 7224585	
343 310 4908155 110457	
895 882 4056363 1143869	
99 395 4213914 3534692	
626 745 3482890 5465141	
594 100 4990586 6292181	
836 359 360418 3175278	
464 289 9004813 8494694	
565 997 6349976 2342371	
143 421 8074325 4081497	
33 668 2555218 6759097	
464 169 5574185 8992556	
334 243 3884265 4305693	
780 739 7501730 4853632	
841 971 2706176 4454272	
183 119 7058305 6832231	
944 304 76307 4419355	
869 481 5128463 5329706	
54 414 7883128 1934637	
1 208 2904193 2922723	
326 862 6747793 1548249	
458 85 5661955 4535435	
397 401 4707793 3684140	
730 452 6594529 4447221	
538 956 2035600 3698273	
831 323 3463940 4764901	
4 531 7350955 6352448	
503 715 2788270 3139866	
63 824 7604703 4505008	
199 772 973717 1762015	
118 118 6716116 3674292	
261 528 8499854 3789988	
564 156 4026916 4963928	
510 552 866168 4307193	
580 491 3614813 4080791	
944 92 2673038 7234433	
790 60 7072967 7599081	
608 719 4599629 3453328	
877 531 3890573 4936977	
735 977 3991184 457509	
528 332 3605505 5437808	
204 952 8260761 6861057	
784 116 6653559 2813076	
936 254 7547843 3756746	
757 819 5567375 5286805	
379 384 4113457 1412231	
892 425 3702762 628383	
350 71 3983829 3846952	
437 959 5056569 2535114	
612 740 326808 5146339	
558 296 8952432 4793716	
249 934 1884187 5855657	
562 813 1738561 2437633	
531 136 7328893 5736590	
51 65 9059128 6542930	
280 187 4199614 4780144	
409 145 9905440 8805116	
868 174 7258722 8476107	
940 602 1714631 1415381	
907 447 6461705 6480374	
137 382 2889654 2642144	
354 221 3241910 6079262	
7 455 2303057 8883383	
242 4 5413392 2290460	
144 509 1901859 1926318	
502 993 7734105 6436796	
213 321 153563 4960364	
346 430 9108454 6594613	
848 212 7707514 3848867	
527 821 8176686 524237	
518 264 7363018 3119519	
373 913 1864766 1819731	
791 852 8602019 8304839	
854 231 5932711 5339531	
565 389 3287800 2359974	
133 57 1409931 1773463	
240 75 2064735 896823	
946 719 5267079 8749155	
545 902 1721785 74436	
926 160 3098793 5225821	
683 110 418513 440031	
429 848 1156562 856795	
747 747 3396216 4870383	
761 225 9490810 9293724	
893 112 5128645 3705738	
726 48 4668104 4275951	
602 271 3235466 3543013	
279 200 5043096 1952212	
454 75 4294905 5893834	
684 734 6397650 5424651	
242 597 5978179 6957280	
5 211 6259131 7745920	
922 149 61267 4148707	
905 652 8773210 8147399	
860 657 7785296 8458651	
760 782 109403 3354360	
34 432 9579939 3338454	
767 544 8405322 8876375	
426 71 4571924 8531435	
340 306 4562807 3213891	
598 545 7977039 700503	
340 540 487580 2372958	
505 303 4742074 9624707	
798 257 1332356 281014	
24 556 5345466 4839253	
691 891 5618780 9270388	
253 813 5351423 9221421	
940 916 5345029 2442649	
597 81 7221220 5477729	
285 930 1563240 6521777	
849 121 7001891 9370892	
877 599 5259954 3932727	
952 605 3057478 1169894	
454 381 2261494 5804598	
917 973 1445972 899557	
726 643 3432755 784459	
385 376 1491676 4551638	
174 403 759365 160879	
699 85 4506781 4862706	
815 663 3830653 3058054	
906 394 8135295 2105592	
595 996 5769705 9456102	
45 101 1643351 34778	
989 828 8028014 6709462	
226 350 2089587 5797675	
82 645 3574263 2269895	
475 766 5163162 2777211	
857 156 6678153 7172635	
41 558 7717516 7559593	
696 330 8370110 6319850	
873 458 6699718 5455442	
86 82 5337515 7742558	
319 209 6819251 6770001	
386 292 6313530 6628264	
583 542 6409528 1335837	
84 825 5281229 6970049	
469 499 1845613 2539623	
322 164 3926604 6137126	
940 242 407948 2817021	
682 270 7705813 9385587	
566 473 7986907 8080672	
117 370 4591774 7386600	
544 955 4549958 8536218	
639 392 1594650 4815559	
37 617 4281717 3665016	
906 895 9463789 8349119	
776 215 4336448 6619523	
89 485 2933628 872683	
471 543 7420562 3466838	
496 834 674923 1437060	
376 738 3649316 5756769	
270 676 9513034 7204111	
466 324 4692245 2749691	
73 315 8608534 7960291	
98 245 8809189 6563405	
136 490 7655444 6676131	
662 288 1821897 8743689	
173 706 646629 1862413	
728 997 6198383 1619506	
687 472 2950735 1492943	
384 350 8630116 6458532	
905 224 1761543 9664482	
14 255 7957317 5112371	
136 123 828356 1163754	
545 186 2457054 6842015	
643 306 6537187 7492989	
272 60 3946335 3131277	
239 630 1891711 6634420	
727 826 3600346 3607781	
650 410 4027254 9220954	
723 89 1332243 3722824	
402 188 8296663 8120916	
589 482 8300695 8051129	
372 85 6538858 7964388	
840 469 6511753 8370246	
404 865 8686969 7109704	
28 660 3875591 3459369	
368 463 9063900 8872942	
227 779 4411607 1357260	
834 313 4546112 8324507	
736 901 9115875 1285590	
94 552 6611411 8975554	
833 659 4109703 3795265	
597 790 2214735 7152790	
80 692 7354390 5700115	
24 938 6880060 5677341	
536 732 840341 5003435	
75 278 669035 5313043	
444 377 6485952 6962075	
815 806 2104423 5435650	
360 771 2916925 1880766	
797 671 6769501 5260891	
476 135 8914842 7978141	
516 375 6979936 7320033	
889 314 1346795 4660692	
726 319 6425873 7231654	
855 327 5758952 8556450	
3 158 3735182 3390506	
648 143 7597503 2497459	
484 400 2000897 3460431	
535 803 7337817 5947168	
155 651 6971587 4762547	
475 358 6153682 3673235	
141 903 9140334 8352936	
593 960 4650267 7571523	
464 348 2781211 2570417	
203 947 3408541 1329581	
397 202 5946433 4231040	
102 631 9463126 9261969	
70 196 9602168 8071150	
149 75 4646483 3830912	
268 483 3944510 1931604	
694 123 7881403 6815057	
422 875 2216573 5927302	
221 506 2181642 4931195	
608 547 5568117 6931504	
720 960 522684 495632	
69 544 470287 1736708	
666 876 3414404 2069343	
81 707 1980141 5262514	
160 169 2701897 8642355	
274 906 5752627 7228407	
752 744 3215442 3873388	
415 808 6865577 2921854	
701 132 2586000 6208119	
438 743 1224855 810759	
910 604 8567173 7589970	
55 624 3014426 998866	
645 382 4552627 3021291	
555 295 873466 3049361	
129 324 7253014 9603537	
540 119 7894041 5474689	
552 849 8657678 7815939	
174 100 8656943 5273596	
631 677 5677854 5522036	
224 344 4500087 900854	
772 418 3922531 4830421	
578 194 7010105 7849751	
130 925 6240414 7246657	
163 965 1152735 1173421	
298 832 5920627 3105201	
170 782 4041606 4830864	
178 640 3438377 4932790	
298 677 6184664 2251510	
571 290 436342 6066179	
273 766 7952637 6574532	
417 193 5723672 2867175	
250 5 8043361 8145689	
174 261 6975239 5765627	
832 765 3066671 2198975	
748 628 9655700 3755438	
348 250 1836746 102963	
554 387 1794698 1214370	
720 492 5790539 4507433	
716 838 3428610 6301457	
718 593 3886984 3877440	
200 489 2999809 835136	
647 628 5899572 5388613	
634 243 6153625 6990657	
556 584 428172 2132609	
917 28 6316670 3324432	
867 574 5785783 6898905	
250 412 4494626 2566400	
901 551 1573691 5783475	
133 563 6421081 8610362	
183 693 7071922 6721424	
969 329 6948623 8557222	
536 659 5701759 2057612	
368 50 5236570 4050864	
943 943 7602899 9778616	
932 222 670248 1050623	
840 640 3567754 4577527	
302 12 764279 3939684	
35 16 4753878 5066207	
486 174 6937624 2518911	
712 437 9175580 7354032	
87 932 2674655 902742	
62 359 9242660 9052402	
811 927 3366899 2868766	
887 269 4518520 7843270	
814 421 7645239 6823392	
213 724 7743324 5812891	
775 608 4167135 5041264	
275 869 3134528 1976018	
310 958 1776323 7273830	
516 105 7681720 4373397	
263 276 5130644 3168832	
130 914 8801967 7526094	
647 309 9637574 8583633	
471 202 4949423 1382178	
545 519 4318707 8244398	
195 868 6415825 4222463	
54 903 6205534 5574156	
269 790 3067222 1944024	
451 518 37963 5524470	
124 780 5816006 6214904	
118 762 1615587 1638200	
78 622 7052487 7860700	
392 278 221130 4683529	
808 759 5662131 1839734	
452 772 2366142 2687143	
124 740 4441613 760414	
525 969 7402960 9104163	
450 158 6911945 2002753	
227 384 6496755 5660642	
522 330 3502769 2921472	
568 569 1867735 3812234	
465 694 4326044 6677615	
235 58 7347514 7997442	
101 490 8394675 2724612	
86 238 2625044 5972022	
586 29 7014728 5174609	
390 2 4456788 759383	
672 563 3363222 8612238	
254 136 6745579 2186958	
743 552 8020781 4677094	
832 44 4481674 6803593	
494 873 2582542 9948227	
397 608 6135376 5119210	
588 378 3442072 6135730	
39 680 9371558 8845239	
868 38 1740524 1878571	
840 936 7937678 3637903	
736 801 7964109 7929083	
605 639 7031901 6195573	
127 207 8447641 6137252	
850 96 9436488 8911589	
101 732 5014098 4597405	
607 507 8395526 6027959	
455 864 5829320 2793614	
709 210 5929592 8872475	
897 838 2266278 5479967	
704 249 8277224 1680166	
291 80 1632574 5404946	
193 646 8370880 6382001	
172 427 3651135 5558762	
393 672 8248555 9085281	
261 322 9407102 9020245	
17 942 1799675 550348	
956 297 648541 4453623	
67 177 8027086 5670818	
884 234 3273851 5470247	
995 6 6819317 8369292	
389 85 6962745 3796828	
801 323 7839487 7694741	
515 975 5962293 2864122	
987 265 8855471 4470432	
403 836 5226646 7152530	
26 69 5547538 6935064	
239 42 1993011 4416360	
887 747 6654822 7101496	
833 830 2563357 1819947	
466 714 2157338 208294	
708 644 7322047 2273125	
206 236 7686063 4982690	
34 892 7308821 6778657	
67 888 3150974 7604871	
134 87 7343761 9922605	
36 963 3858885 5476130	
350 713 2243642 1902448	
747 136 2001614 3845307	
895 712 3053193 3196592	
413 553 8348842 5482843	
63 912 4229118 8334477	
200 924 1942060 5974833	
512 339 5020332 5346944	
386 106 2259323 358965	
627 867 472666 317334	
110 132 9715289 7889411	
932 294 4809454 6149940	
308 668 6290719 8825317	
312 550 1808217 2053428	
467 341 2315028 1771880	
372 426 8250225 8158582	
151 496 945169 2495347	
604 880 8627127 9378168	
884 498 2558169 7946852	
166 739 6583734 4623507	
858 811 8032459 9144798	
948 346 6734125 8248032	
76 756 2788350 7532941	
367 504 3623399 4314059	
55 998 7483881 9465712	
689 897 7662948 5997504	
902 570 824054 3928802	
56 995 2238047 8785481	
602 427 7879335 7180237	
305 370 6728039 7256456	
661 358 8952415 9143325	
585 227 8804399 5391568	
834 342 5074176 2658181	
287 937 6592256 5876806	
508 294 2484798 6493468	
241 309 5271278 874886	
466 517 5303007 3759407	
256 346 216414 1926223	
183 57 7678055 7187325	
26 313 416006 4462123	
491 610 2875592 6056158	
159 941 7745331 9138099	
457 585 6498971 8837821	
552 774 7332980 7957838	
581 403 3262291 1147147	
665 737 7647554 4167103	
942 173 4566703 8895582	
265 205 7641466 7770813	
795 392 5365822 1504254	
83 33 7897567 6340620	
190 464 4715118 6586634	
456 243 3453226 3602468	
604 386 4981978 4913438	
404 319 6401066 7295092	
233 155 6428550 6320011	
811 336 7839149 4868755	
550 89 6282424 8551105	
340 510 1623445 2829091	
979 489 2681255 4698409	
446 63 6669242 9578718	
42 824 4004998 7667780	
420 710 8852692 5730103	
122 841 5017423 4753774	
660 486 4782495 3642730	
104 880 5271776 8132786	
516 59 5000478 3811306	
467 968 2652438 4012594	
881 174 9484806 9774288	
81 123 379023 3332185	
392 385 3681614 6226204	
855 746 5719450 7970959	
528 738 2127401 5645202	
618 861 5763218 5723855	
116 683 3576030 3119100	
69 450 7478796 4928531	
752 59 5921235 2123887	
419 126 6941102 8879859	
440 660 3649585 5801901	
397 894 6694561 596503	
291 534 689939 1429465	
592 820 8294795 9587778	
496 864 8712601 8742288	
766 13 1991994 2443365	
900 24 6268092 2567409	
604 425 3194183 7782661	
401 144 7116889 7240500	
593 675 5450831 6939080	
100 324 2032157 7764767	
138 200 285841 5345285	
616 439 8257632 3546068	
775 827 6541839 6974187	
176 342 1600240 5168973	
374 78 2502042 4219969	
176 168 2885653 3696537	
470 248 5027991 7515295	
704 318 911287 7733142	
507 694 7753910 7329019	
103 702 8602433 7110498	
589 514 807222 9334788	
30 741 4147701 4276072	
498 231 7164494 6142860	
641 689 7836552 7298084	
151 968 7948308 3863945	
450 833 3699131 6734599	
381 30 7939132 5390433	
131 232 2671384 4887816	
907 775 3798497 4075955	
59 731 3338513 7365238	
630 162 7771604 8152197	
628 162 172780 2028093	
915 360 904278 4603091	
484 739 8408107 5815360	
403 389 8392440 8814142	
626 935 4739014 4033863	
940 822 8095402 7537854	
984 291 5496786 6158499	
659 222 6834840 6354921	
463 882 7821410 8762419	
878 116 3818832 4544281	
637 496 8656036 9626976	
474 1 1498699 1760550	
275 823 3708795 1148544	
588 82 9108974 4979045	
575 393 6788237 5195156	
63 198 4886183 4406769	
581 311 3453803 4018812	
799 636 1042813 6290616	
510 301 466402 812284	
297 389 2430717 1208898	
859 994 4059767 2711333	
9 689 5564903 4563627	
9 884 6353531 7884190	
771 574 8204910 9305078	
702 861 9300736 3107599	
522 603 3909673 4094726	
241 822 5021514 3668485	
675 789 5569127 5688914	
404 360 6126978 5875933	
56 267 5788211 1503024	
178 205 2638562 1992635	
31 217 2609781 1336157	
76 665 5294951 5962236	
545 89 4364163 8596366	
467 35 8853398 112901	
67 213 5326491 4891901	
638 576 5528618 5261794	
99 489 4214349 8776733	
439 465 6676802 7106105	
769 958 5870530 3771023	
287 811 2865991 8896489	
216 696 4475865 6061258	
987 655 1850203 2641332	
893 676 7727761 3967055	
280 704 6423447 834754	
723 926 7724465 7419256	
295 363 8093582 286806	
970 593 3710994 1776695	
139 549 2166424 5002503	
56 243 3699732 4944358	
601 670 5042376 2358519	
98 99 6066044 7873047	
628 99 5208874 3784602	
809 686 7219015 4374271	
529 450 6367776 5860665	
547 790 6115227 9253972	
88 978 3356093 2133552	
720 470 6071252 6927126	
647 468 8793615 9207394	
465 346 7468317 8683731	
982 10 1906945 3704088	
486 325 8430479 6266307	
274 246 8474402 5945502	
225 411 5561306 6707508	
760 700 7051763 9515708	
78 295 2624163 6664451	
732 60 2903008 2430165	
186 947 4811727 36871	
367 412 3874379 4689915	
468 557 2406247 2712116	
523 705 966470 1923922	
921 734 2911408 2428577	
22 943 4100606 1935810	
922 92 8557827 9898080	
154 909 3514461 3595229	
182 961 2083240 5701877	
81 555 896682 1403635	
272 243 3001351 4672010	
583 521 3690624 1694709	
138 100 5532922 6058835	
122 665 2454869 3798430	
820 516 9115041 8726339	
508 850 2007514 4313594	
683 509 7724217 8669295	
556 741 3264218 9919945	
807 160 4709022 4351585	
971 789 4288427 7217487	
844 452 3885401 1280449	
403 127 6632204 7332034	
574 354 359124 366899	
997 605 1156253 2455535	
560 469 4928569 2286820	
43 818 8124899 8068349	
851 69 1055937 2105386	
252 509 7836823 6979405	
385 304 8297522 6371217	
73 436 4862711 9684441	
826 915 8096044 6711122	
920 406 5250612 5073238	
902 822 9492272 6871423	
597 901 5308398 1850661	
898 552 1766310 2046255	
308 438 1663065 3046056	
865 603 6337603 829562	
548 566 8107411 6974137	
286 458 4467649 6434141	
857 204 2394718 8737064	
367 169 8279137 1461398	
900 811 2773983 1024934	
891 148 344444 471182	
570 790 6623355 762056	
565 13 9068537 7301071	
859 347 5848134 2837846	
87 144 4440030 9653961	
54 983 1630882 2224910	
761 898 3708504 3086789	
383 743 1047397 2254733	
331 263 3201480 3182679	
668 292 4496431 3235053	
840 99 5042504 3909192	
628 927 3540731 2006725	
772 42 5111360 4184709	
482 672 2114403 3218333	
396 523 9864797 8461726	
170 653 6723646 4470854	
262 373 5074970 5454953	
37 69 3749963 1430473	
36 932 5582068 6645696	
102 212 7973972 1710167	
412 650 5703130 3004218	
105 151 4571465 2880018	
683 667 1572262 3324773	
342 864 4379690 1137533	
642 10 1658467 3949653	
958 892 3927860 2899778	
897 598 5382288 7639239	
767 770 2168643 1070553	
344 467 9888788 2981142	
826 850 7829721 6654974	
491 223 4043897 4093553	
11 404 3124973 2008809	
589 30 810796 1460139	
549 277 5321532 9274523	
996 116 6568280 7870381	
19 718 1818161 4228492	
48 90 5472812 4827312	
633 463 790626 1675072	
751 160 6598269 8810710	
719 557 1315514 830148	
3 672 1824842 2403891	
183 910 4455977 5751166	
646 266 2096616 3894114	
401 71 5207944 8691857	
648 349 8384484 3726732	
433 240 8787949 8753129	
820 500 5903553 3862329	
644 142 4643230 9509660	
67 895 5081132 7582587	
857 945 713254 564974	
832 835 4317288 6895824	
910 69 6736555 3017365	
543 982 8386133 7364075	
74 386 5679847 721374	
100 949 7548568 5862497	
127 16 4909905 3964001	
138 508 2209453 1629768	
9 632 5569937 6100900	
641 766 8935300 7018051	
873 980 6224359 2076780	
666 339 2680908 3461393	
68 60 5606946 7962337	
400 691 4835673 754211	
17 291 3053754 3456861	
503 576 4178939 3773344	
256 803 1118455 2588497	
695 713 5729755 7098497	
881 871 9127412 1800523	
871 620 6857778 8731253	
495 465 8528478 5104595	
570 838 8170113 8158696	
327 789 1103416 8500071	
519 624 9106298 8816511	
594 697 3203401 2361388	
92 520 761324 7330336	
296 848 3811823 5563967	
953 156 1170224 2439586	
604 541 8839233 8903489	
870 50 4474058 3838719	
715 204 3128252 4524142	
635 111 6328960 7549428	
529 644 2644393 2804286	
344 93 4824677 4165764	
820 281 4747532 5324395	
795 220 2977188 4264425	
607 752 4652568 4017743	
608 799 3525027 2391184	
273 491 6119862 1469507	
787 699 1924542 4397133	
651 83 2042285 2559446	
827 199 1218604 7499057	
642 486 4753790 6604343	
137 870 7795099 6370950	
156 474 6462680 6577604	
519 812 3597852 3306741	
134 986 8911622 2904057	
680 807 6844656 5014346	
151 437 6230506 8010455	
231 665 1856150 1494990	
628 395 6978260 2457266	
486 336 2417481 3414673	
22 477 1375228 5318853	
411 160 7908725 4663025	
401 741 8175997 8083851	
437 946 4284515 7591653	
774 336 5584171 5649379	
507 485 8445637 7858400	
107 684 5258792 8419307	
649 434 6345119 7715244	
459 9 5480830 3672339	
555 510 6371371 5060146	
887 580 5482993 4303014	
140 342 4192156 4064745	
728 682 6841565 4648395	
834 348 3705381 1084400	
693 887 3424071 6518705	
393 517 4026875 4313918	
760 969 7589505 7275441	
332 45 8662006 8411340	
172 384 8133644 4477466	
742 341 9446123 8513164	
11 65 7996403 8067344	
80 64 3818278 5228736	
705 976 2595328 5313934	
733 465 7279665 7517021	
509 697 3222063 7993388	
635 532 7642472 6225907	
476 92 6571416 1969885	
861 105 2288677 2045200	
699 25 9232064 7017017	
255 410 4283992 5014645	
621 909 5027784 6432509	
360 208 5113108 4616411	
14 832 5309109 710237	
525 62 5521600 5170939	
854 932 1951735 1969835	
946 85 2422030 2772529	
674 668 4272192 4621385	
500 879 6108968 8733886	
127 661 8094552 2363646	
678 280 5045252 9297118	
443 798 7865390 6351522	
636 939 5789319 7573883	
201 369 7141799 5199403	
336 789 3190206 2703918	
280 117 6280043 5659890	
43 846 5103629 4244828	
211 222 1312625 390325	
992 913 8039316 7055956	
148 366 4976633 6100553	
844 242 8060360 4174815	
572 276 8338826 7511686	
681 327 2878425 6610156	
429 325 1885894 678762	
688 635 2224146 3883465	
837 66 9398962 8709139	
312 171 6088584 4462903	
674 823 719597 1559233	
680 529 1971069 2681789	
330 830 3601681 1596601	
260 244 5091364 6481566	
656 723 3037339 3591206	
290 6 2769471 2666126	
681 595 3140420 5618770	
281 602 9713251 9939537	
967 239 7028239 5779959	
999 226 4530782 7132702	
592 634 6520794 5702965	
658 137 5178602 4548314	
600 228 1702709 967776	
742 543 4999261 7119972	
431 61 7278250 7304777	
750 945 5386012 1819611	
273 329 7205510 3750761	
409 148 7882520 8080755	
512 549 4085638 1552152	
341 562 5270661 3117062	
437 85 857474 2422344	
964 463 1165811 1776848	
154 445 6614196 8597187	
463 363 8850691 7228120	
220 413 661722 3987730	
946 705 8133344 3460734	
861 763 7548593 5536359	
593 719 2363635 1113858	
750 69 7957081 7711908	
399 325 1333344 3737587	
234 829 6256588 2763393	
383 704 1901429 3555166	
605 972 5422209 6402592	
510 254 5131384 5670298	
442 575 6582527 5700501	
347 428 3550187 6134641	
344 528 5353314 7149060	
501 153 9237845 8160752	
373 726 6881507 6181657	
144 314 3515319 3747608	
358 312 1175542 1626290	
545 110 774284 3801282	
800 405 3522594 1810503	
385 885 1372954 964992	
498 774 3096086 4952551	
747 467 2118933 3906317	
157 885 7136208 3270122	
124 871 8724962 9897475	
212 805 3968437 3683556	
486 729 7880951 9184875	
775 520 4698130 7246821	
420 711 7481190 7923176	
162 325 286063 320758	
634 735 4185226 5785235	
689 76 612636 1574097	
664 761 4293189 9166124	
547 252 5423069 8677880	
451 543 6974566 6355412	
343 994 6844436 6863982	
555 776 7895229 9324988	
592 490 9623827 8885777	
190 716 3307386 1659414	
795 335 5161181 5301797	
898 484 4855856 5879318	
945 821 4054844 7267614	
686 949 4709233 5417240	
295 382 4241320 3382285	
627 314 7881555 7243137	
933 806 4467709 1937564	
486 231 5947821 9490010	
285 200 4766107 2599295	
721 601 7285912 4046716	
921 105 4117219 4466638	
272 975 7205959 7064728	
223 615 9841900 7343145	
919 826 9034915 8758143	
233 819 3607700 5629820	
653 832 7547174 7615476	
785 397 58850 57665	
388 715 4843783 8658688	
353 754 993618 1490893	
575 91 7225796 4075713	
323 627 4543227 3044404	
765 262 2684144 6869907	
406 716 4584512 6172435	
904 891 5873864 6386300	
648 520 8567438 6341173	
233 982 4033987 5490607	
99 229 3489735 4380429	
962 681 4428556 2911015	
518 199 6607602 8353085	
521 988 8073564 9410472	
638 303 4587020 2104878	
54 591 9260930 4239752	
405 170 2086337 8561702	
27 665 9160225 332433	
311 129 6121424 5700557	
260 694 6205776 8108374	
391 519 1762393 8096510	
422 50 2219115 4353102	
727 828 9286013 9469474	
50 328 2180137 5624058	
307 66 7956266 5333649	
456 212 2465449 4062632	
933 638 3739550 4400433	
475 924 1344313 2035392	
440 982 4000943 3061542	
816 201 952900 54028	
871 161 4578607 2132784	
4 33 9257307 7416640	
424 643 4150556 2620166	
239 385 3872111 2562870	
903 555 2001486 3599936	
263 483 83079 707938	
150 695 3692474 6465206	
276 239 5214541 7121643	
393 803 6494068 7620311	
230 886 4412362 9046308	
803 609 7181385 4391132	
360 908 5706463 1908690	
529 426 2698457 4750641	
658 901 6824261 5493733	
372 214 2563720 2057740	
96 108 7828114 1493440	
908 272 9514536 8377056	
779 964 3237721 2215293	
211 974 5168975 4321145	
939 166 479165 445053	
566 276 1954477 2995241	
549 422 5157323 6487509	
