265 909 5479810 5218330 5887482 5081019 4006122	
409 10 4258703 2318283 4564715 6506623 3748876	
819 488 4857347 9339575 6569806 5859762 9771836	
510 630 1494711 3410683 2268448 2691201 6355109	
843 225 8288015 7112437 5215771 6980481 6155171	
958 509 932523 2891113 1952417 1678191 621904	
486 913 3073547 4636733 4664652 6486549 2051824	
885 224 6232687 1787046 5659467 1657732 3403933	
990 404 1320969 3946688 5713325 7452643 7268355	
733 320 4398092 4240928 2588298 4284493 2359491	
49 637 4055245 729085 5285474 2629515 3844521	
123 825 7103828 6821469 6819594 6968417 7069067	
653 243 3089973 680288 2061281 595785 1356032	
447 769 5791380 1968066 3161661 8122913 859357	
509 186 6333135 5973807 3830317 8189340 2974931	
811 158 5053442 3557290 3669284 4522048 6324133	
986 958 6618078 8001718 5795942 7128879 7161632	
641 228 7283623 9923113 7592861 7514714 7529782	
339 925 6273070 4838869 92249 8156962 5688816	
257 837 6123797 4434144 2997502 6777646 4443323	
399 489 8423615 7949104 7412817 7715315 7461079	
979 274 7680180 9326479 6568717 7927762 7589167	
240 908 4544124 6831483 5497245 6391364 5463069	
905 845 9860577 7052157 7293713 9362312 8608065	
371 754 4545331 4401728 7564494 5223446 3338640	
273 124 3013121 6910489 2349473 8024071 3662439	
874 192 6734487 7848661 9708610 7650238 8172342	
492 841 3764215 5264757 4486115 7270704 5827109	
498 484 8418439 8992681 8169688 8725226 8735482	
283 26 9253310 8606455 8949809 9824823 8208780	
166 405 4917543 3424685 3877543 6660422 3254038	
54 128 8416157 7703791 6416123 8735570 6436613	
506 511 4696645 6540075 2932883 8021027 8079113	
571 565 6008110 4703032 6535606 6936526 6412349	
14 551 5233336 5699214 8465368 6929600 6425523	
259 333 1626142 6099048 1827921 5400983 2120397	
188 653 8030424 5876953 8523096 8613277 7559991	
941 53 3339193 1794195 1531005 1232934 889318	
516 306 4920094 2371331 6132677 2229842 5906947	
660 130 4996014 8302429 2363250 1653606 8483595	
508 558 7515648 3138534 6752289 5549664 6876499	
262 467 868328 4191079 1120148 2837487 4436031	
62 323 6234153 3545712 6129526 3161061 3988825	
835 558 6446719 3221589 8450429 4018200 1448023	
324 143 3282440 4794533 6935456 5107051 6993468	
691 609 2523867 821419 2775612 730285 1586836	
871 277 6793538 7303923 9420156 7217737 8952754	
526 766 3691213 5681130 2084249 2411752 2363618	
464 513 8483145 6858943 9485867 6050848 7029147	
598 445 1664564 3247996 5182282 1177948 5868057	
853 685 6181123 7759755 4043757 6813488 5288845	
228 232 2265197 2512216 1942351 539819 1165608	
128 478 4396836 4645236 267840 4730422 4580459	
723 793 764487 1337933 920626 503496 2556378	
852 720 6864374 8492031 7847876 8728871 6278240	
855 792 7107458 8654750 9589716 8009273 8073667	
830 55 1629744 34086 3315857 1421693 563784	
343 828 6551873 4737515 7436679 5373168 5181766	
658 552 1609427 1523484 1165806 2658243 2762220	
426 36 6561664 8559274 6543152 8825715 8087440	
368 575 4502908 3982155 5781389 4266645 7308179	
492 71 3923266 2695402 2916713 2310988 2774146	
360 950 6247994 5238228 5105416 5809903 6072337	
889 880 641771 4236530 2621182 1248859 4620442	
522 294 3716693 6284601 7379134 6017710 5288515	
520 820 5927135 6331096 5555386 6030916 8552014	
894 168 4461769 7560908 729022 5853062 7316258	
542 405 8435271 7810258 8945096 7133264 9165264	
483 599 3116984 7531223 5971010 2519355 4270821	
519 212 4293255 3598238 2432841 4159749 2156882	
892 342 2574576 3052669 1568433 1481758 4628446	
668 241 6360846 5058247 5446579 6807762 5257690	
201 240 563219 3580426 1620596 2099406 2124167	
410 337 7395451 4770810 8566004 3617625 2734704	
164 932 2637697 6582198 3162951 2866883 4596144	
324 103 8590868 8030773 7721099 3604039 6249125	
154 164 7124276 6990691 7893027 7933247 9741501	
712 136 9566582 9412056 7804572 9532704 7668891	
425 944 2289869 4123452 4112434 5465443 6722355	
426 269 4745317 4292039 3814999 4918841 2761156	
244 868 2704416 2864595 4002377 4150504 3669898	
303 983 2829406 8152981 2065003 4256764 6238277	
107 938 5519625 5173979 2386496 6157223 4154894	
551 73 4391279 6108950 5531280 4127626 4231385	
804 388 6985455 4951352 5539284 7472074 5780976	
677 169 2669172 4588325 3350129 3585825 7360717	
357 82 3860568 4018334 4937433 8896388 1947667	
111 734 9086571 7788133 9524335 9688628 7980412	
918 285 2855834 8255000 2228242 4213269 6365632	
508 712 8485033 653586 4420835 6467394 4042317	
565 746 3868219 3506940 7025655 1861951 5296728	
807 83 7613737 3757949 8034691 6175842 8538994	
558 295 854553 1020912 2039355 1509870 2588798	
542 207 7021403 8042495 6969693 8391432 5873510	
25 410 6232841 7776786 6612727 6520608 7603399	
535 1 9006015 9083551 9333239 9748121 8488257	
231 484 8120580 8856208 7056157 9025732 5489487	
109 627 1886307 1783477 3896033 5249563 2844239	
567 862 7410035 8177818 9932908 9108251 7340643	
133 649 6892288 8322812 9333695 7528890 8560893	
126 61 7859379 7148398 7164356 6618758 6922215	
782 297 4668842 2048576 6766252 5159257 5591126	
278 961 1889531 7512507 2150241 5441593 1900340	
654 786 9408719 9032540 7031874 7989633 9179387	
981 212 6552864 5474440 4497316 3635081 3250649	
982 454 1788788 4946994 811190 3777016 4995393	
628 462 5760936 2444514 1197178 6463906 1765419	
55 755 8151892 9068584 9227603 8832477 9914270	
137 605 7481394 4946052 8732695 5079146 2172617	
549 116 1438874 3448560 5225473 2445904 2415506	
631 651 1019873 568512 1026589 675951 700055	
474 951 5890458 5992808 9365836 3548901 7540923	
504 418 1829661 2026427 3302259 717376 5228318	
567 166 6632908 9600043 3522585 5824629 4057648	
867 812 2730777 1693207 4226281 4808140 3136956	
498 839 6839956 1715676 1111937 7531113 2904724	
416 41 7083261 6118993 6597468 6995122 3992166	
999 874 1006915 1367145 385700 905357 1783819	
472 758 6813657 6085225 5223052 9609785 364876	
90 828 8387854 5793585 8633467 3523812 9772113	
595 815 1432367 1273069 2464207 107200 3302463	
881 278 6417169 6129287 3347460 7768070 3019150	
439 938 4365132 3272754 1805452 3767716 2577052	
74 584 6122428 1740241 5705721 6042924 3142839	
693 457 6793651 4830568 4580310 6096807 6086328	
139 120 3726965 3287333 2931974 3250987 2549925	
837 887 385493 3085738 526853 3580136 1530230	
351 583 5443246 2963992 3770467 4432890 4397661	
140 25 2918344 2419031 3077261 1525546 5576046	
302 291 6071239 8431279 6480017 6766695 4750190	
783 996 6104269 9008207 2940298 7597258 5378188	
247 980 7137481 8100803 9087196 6367563 7924900	
267 566 2586783 8757644 1188827 2116564 6017782	
655 953 5512729 3829529 4987937 7701216 2285401	
267 890 5935948 8140326 6993018 8995976 4642887	
654 112 2064176 5487502 479257 3935607 5313421	
928 833 8132353 5062245 4793529 5477243 6491531	
597 805 2787798 4815116 2104277 1102384 2694415	
191 878 2149351 2875672 1599207 1949548 2340983	
882 182 8725732 9314645 8403328 8155162 9804628	
98 680 956172 599083 1569049 1420740 3632346	
268 158 3751644 3018051 2543181 5075514 2229759	
205 273 6384326 6900875 6947138 8518227 6219968	
369 975 4519735 1873721 5001316 3828248 3140527	
156 34 7527292 2367100 3728417 4935101 4209271	
705 787 4544927 4986172 6068472 5535362 5630658	
188 537 1686043 507650 831376 1268744 425347	
672 640 3730092 3846032 2458095 5840222 6862614	
847 552 2783764 6047662 4529385 1741436 5111703	
76 734 8294398 7198787 8399583 6636667 7474604	
484 563 7125805 2776550 5154978 6954665 2075786	
391 866 1139816 2961261 3697462 2622140 276228	
127 374 5130198 6421458 4802860 8237190 5432539	
775 503 6597767 3778503 5202937 7576582 5482043	
229 533 5240734 8261069 6880221 3811623 7876888	
939 31 9943309 9680245 9217570 9969912 8750846	
363 553 6043273 6668748 5187345 8623130 4905457	
407 350 8646807 7679774 6029672 7952728 7067350	
368 162 4020062 4280902 5953969 7287349 3228622	
321 112 8959595 9000963 9026722 9370125 9075028	
638 98 2582007 6758641 6811232 2615779 7087608	
958 601 5626192 6015243 8553634 5490840 9152567	
218 302 7852663 8749874 5629289 8925149 7303641	
321 458 2162712 9168475 4614075 3672675 6657180	
96 702 5363731 9166636 5651113 6067860 6846348	
677 193 116729 857294 460306 1325863 1471455	
661 160 8323484 8655818 8793599 7914465 9041864	
775 710 4490185 5292869 6365497 7066310 3276728	
567 585 7428509 4414249 6649797 6490432 8215720	
456 870 1790629 4446505 1410671 3881179 5230218	
335 652 4391563 2552907 495132 4648615 2896427	
827 452 1976880 4505252 1929907 3001880 1872985	
963 42 1894724 3625862 331140 3767669 5277824	
749 744 3098129 6929630 2498111 4725235 3624706	
389 628 205449 8079206 3768256 2536357 7798127	
328 407 1253840 6077492 3626801 1431435 6412594	
133 592 4736091 7673537 4367487 5640366 8061030	
314 145 4773532 7322794 8182798 4518585 594258	
687 978 2282195 3915838 2095298 3010362 2926639	
791 243 5810212 9602837 5970588 2410852 6722773	
163 864 8698965 6574133 6254926 6129652 7278076	
298 954 1288845 1818760 1376898 717360 2773493	
534 883 4465287 1419438 4115580 1423420 2470340	
576 302 5732908 4969810 1444901 1385331 5024985	
368 581 5053295 7950408 2999333 7834843 4670878	
480 877 1443839 2188956 2965720 2653949 2719936	
272 697 5908389 7213255 6190675 8494308 5074649	
181 827 6057911 3215471 5531847 6427664 4654359	
407 282 4386467 9966337 4118409 7515022 5717969	
676 327 7719805 8604081 8117417 9656015 8877997	
356 227 2597862 204416 2237624 2481435 3215475	
837 493 7114239 6483143 5292763 8791999 4400420	
272 659 6981464 3069909 5378994 5886576 2908176	
612 867 1742823 4064022 4177781 2934111 7343094	
754 410 3008584 2212972 2741297 3054737 4041819	
798 316 5462773 6534193 6048337 5489128 7317253	
118 645 5027975 6125167 7548542 622134 6356125	
788 421 3493104 3681215 4011728 4492623 4142875	
759 648 4346396 3616861 1385738 4270420 2120289	
977 254 3569195 7055525 1169031 6614920 3932335	
151 609 5036836 6890898 6219677 6419409 5915998	
135 655 7007831 2849522 6555867 4909295 4458457	
570 286 4410890 5452975 3487428 1880310 5018051	
865 67 1038436 5956029 6019018 6429662 8260840	
55 316 2750223 2855876 3742146 4242709 5216013	
466 262 4642441 6238236 568137 3503814 4586912	
240 14 8456137 4379474 4457929 9099292 4839135	
863 249 3322504 4998821 6572895 5299350 5283962	
664 512 3747378 4952173 4914501 5955149 3459840	
59 67 8451916 1757326 6390467 6700352 2440730	
833 169 6460465 5813397 9316219 5105661 6541078	
470 106 1053805 2077507 3332357 3569195 4375126	
883 272 5377416 6167055 7010351 3263706 5622800	
846 150 684343 1979889 829772 1749812 2055682	
895 218 5731725 5760861 7185348 7370919 5474983	
948 284 8949379 6666131 7790646 8775605 6219320	
45 479 984949 2828112 4190982 3744689 3384320	
51 431 4661367 5376659 6148320 2859129 5736829	
571 902 8876590 8258691 7704593 7098917 9066231	
412 329 781662 2734642 321516 2988881 822049	
193 79 6306372 8724985 9031680 6581705 9432752	
258 400 1209508 1894016 6848680 3300212 6608053	
994 812 5775355 6811812 4368910 8921842 8908783	
482 86 4639097 3160716 2252366 2322696 5558056	
25 973 8904538 8250097 9235731 7544937 6838497	
251 947 2600756 2914425 1790436 3089357 27233	
764 387 4188280 7989400 7827750 6472492 6513737	
910 994 1500908 4598162 4412084 1197401 2608246	
441 696 6889506 3241180 1976362 4396958 2018438	
106 473 7386291 7070480 7711310 7154986 5749712	
628 603 4828857 2936411 6361413 2631770 1924184	
855 626 4068277 1843551 4014949 6034634 1813869	
945 233 1888232 3412200 3616296 467778 52067	
357 720 8829408 7370465 7462722 9406625 8900353	
715 848 3817701 2039762 3018226 5308156 3093692	
698 992 4601690 3587075 3346439 5369479 3668951	
357 633 4342188 3409021 5940852 6210504 4080693	
264 29 5016218 9020397 3200800 3236858 6293402	
910 729 1316257 1093138 253852 2077891 357941	
570 474 9245868 4969209 6963682 6810530 6861362	
560 284 7324074 4633143 6593153 4359175 5812741	
449 944 2408472 4291033 1297877 3247299 2640996	
224 837 3958938 3236131 2085868 2434506 1246454	
998 410 7166799 9571132 6926636 5700133 4795560	
271 959 2721060 9729792 4564014 6652003 6668500	
470 380 5701130 1558225 4993611 3264103 5023299	
253 700 6308453 2018134 6419870 3426735 2653831	
336 686 3357090 8962407 3982392 6541896 7897935	
29 65 6142552 6951057 2922242 6999474 4567901	
79 763 7985291 6398478 6114252 4974828 6119332	
82 448 5377155 3594313 6354633 4626458 7642009	
873 872 2606576 3169853 2271883 1413358 3911728	
898 653 6318777 234320 9983132 2483391 4954975	
228 869 4644653 5076156 4062718 1845622 4044479	
213 921 9215555 4349064 5167980 6559235 6347059	
803 732 7556352 4671513 6305362 6184352 6503379	
603 139 4890115 7104622 4979309 790423 8734623	
104 277 5464166 5760608 8146484 4729696 8338853	
390 260 875415 3178184 1812867 1337077 1286988	
452 174 7386951 2956075 3422973 7815421 2200387	
54 804 9682164 7320955 9216854 8691496 6911946	
705 640 4592579 1608071 5077844 2592396 2920804	
395 182 6431342 6619016 3275377 6176242 512367	
416 951 6596261 4001770 5820329 3410192 3182254	
505 502 2150398 2054557 2884671 3155552 1872443	
783 215 3032033 2150040 7812799 4837582 5889997	
180 503 7472055 3999544 7019773 8391436 2575576	
544 692 4728748 7889687 6126493 5250791 5162397	
810 162 3287017 5891912 2247283 5068410 4569435	
144 333 4333664 3770991 8733362 2197686 5839223	
923 614 3149611 3863666 6442386 2635240 9126592	
899 54 3282919 3809267 4757558 6562025 3277912	
494 997 4847881 34360 2036913 2071508 1915192	
625 767 4980463 6676962 8390380 3912523 8486909	
862 943 6832812 4186700 4931523 6653201 2600548	
126 92 5929722 2504612 4177388 2903603 3644996	
610 530 9792207 8793644 7544539 8727903 9217745	
270 179 3852624 6065643 4449802 3444413 4249461	
990 638 9406231 5930676 7400649 8423675 5121268	
874 144 8792204 9244109 6565543 9194868 7531841	
628 819 2953248 5430577 712151 4615103 3309277	
483 80 5190358 6696232 4482416 6020884 8542743	
987 994 9444545 6204700 8523758 9810237 6935902	
205 803 7250446 2926142 5097729 3788870 955914	
795 514 2268260 3758083 2871282 5960216 5046671	
209 17 1112769 295081 1336098 11627 1923015	
954 364 8240079 4976326 7292942 6146252 3125652	
106 791 3047439 6823205 2284898 5444022 5945810	
715 621 5440058 6605323 3826135 3341550 4066795	
414 903 3822452 6257772 308095 3751181 5268479	
822 552 3817218 6731587 206130 5346225 1696522	
570 801 7169209 8234552 7985235 5005531 5073914	
104 108 3710526 4594037 4937336 7940615 2446918	
406 705 1579740 1335461 1517878 2395824 975077	
517 972 958864 7593812 8613288 1305638 8388959	
865 629 9048963 4634687 8070122 1922758 2928049	
956 716 8832147 7713386 9100878 8332242 7201965	
784 906 7286717 9784565 5194473 6650869 5914666	
243 42 8472491 6450827 9055007 6268992 5672530	
914 154 7951433 6786337 6667903 6463223 5077101	
588 634 2911828 1965139 2789910 3029535 4723945	
45 459 2136120 3332407 579307 1341834 2181931	
464 577 4328543 4535845 3291794 4117398 8399655	
947 989 6847898 5900125 2232758 6968311 9524142	
278 878 5140912 4248313 5025204 4788365 4349680	
133 151 3375044 3893896 8288825 2051495 7568477	
449 207 7577198 9676346 5410630 6814638 8094310	
838 867 6127021 4145970 3983359 7894837 3342026	
485 535 3352129 4535685 2185793 5753033 656509	
476 585 6632765 2228617 3501802 6960249 5587289	
467 40 5681246 4229550 7903759 3880672 7611374	
784 76 2489538 4799607 3819018 3581206 3532906	
860 240 7128492 5007365 2149359 4339730 2291840	
286 220 3167805 2245864 247601 3134032 93439	
983 100 4029614 5186370 6000006 3954210 6887433	
233 510 5304372 4692558 8240673 7481745 7471829	
527 501 4912015 1727789 4118311 3277781 4301984	
151 137 3659936 5361786 5346136 3528644 5420276	
459 278 3595728 34161 2959662 1954332 2804340	
220 167 7577965 5389500 5837216 3136308 5463238	
352 786 2132757 5460474 2113383 3458883 2127253	
229 516 6051282 6059089 5040848 6783751 6892260	
585 812 2125204 2163823 1617838 1983037 1282555	
540 125 7500610 6340796 5493787 7120974 8426239	
187 456 3850071 7450321 6691169 9096002 6538296	
549 971 7281091 2905105 5206349 2454047 4868764	
75 536 4797838 6774774 4975383 2087876 6725398	
387 360 4334210 7832794 304680 6709730 7137595	
281 954 1206340 1989305 1027453 4064723 965276	
228 213 8620055 7212420 6138145 9644727 5593100	
338 417 5266163 5140978 6950849 6275884 5111568	
396 924 967165 1846787 2790568 2748274 3406693	
374 883 4039973 7194755 5055263 3833298 5387525	
622 720 4172167 3135205 6182202 8694377 1590409	
649 125 3394468 7084873 3002788 8783958 6781002	
232 346 7998086 8417473 8406533 9458964 8709134	
153 815 1613388 5254020 2886990 2271329 4063534	
710 365 7760314 6059717 4959581 7104226 4911820	
653 638 4146200 7018868 8998875 5322803 8405730	
147 275 2234106 4120237 301232 3110652 3718592	
69 9 4801967 5871019 6667318 5191689 8658215	
236 175 5804716 6667767 7551751 4103223 6018455	
298 145 717361 9196007 3974935 4775567 6589697	
156 723 2417831 1615007 931996 1821917 1746460	
739 370 2052273 5544736 2489413 4987104 1351718	
394 685 2254015 1001655 5141510 3599228 3494013	
560 740 7479525 6015453 5874968 4418728 4640890	
749 457 3736265 199181 3922000 2932005 3336286	
390 321 7931544 7541284 5434186 7060530 6296960	
111 570 8967967 7203889 7581092 7045672 8758403	
546 673 8247156 7423813 8954178 8273846 7570137	
295 341 3386193 4110582 4172497 1805907 2476173	
70 431 5899997 2678913 9526385 3390027 9815992	
174 479 1812515 2556919 1420070 1284650 1560556	
816 147 4888469 6604436 9015394 3970539 7504915	
548 725 6861218 4145835 9293205 6092636 3052543	
619 947 4485323 8556479 2712226 4870355 8013340	
778 294 9420759 5190931 8844691 7654375 3531508	
42 926 3591070 1061806 2604714 2607629 5475192	
921 182 2868765 5969941 925434 4859975 5144590	
595 609 6009071 5573184 7227275 8720569 4233515	
259 233 2753321 6233282 6261226 5527821 4078563	
330 268 9083803 9704916 9244571 9112366 9405812	
430 142 6157031 377481 3092607 2711884 1824939	
650 369 6430842 4241205 6507630 5783085 4269829	
33 491 4319697 4755171 5818597 847674 2829051	
819 897 6866710 6601305 7383502 7496052 7854108	
474 282 4268331 1076871 4288351 1620988 3725615	
60 894 7153086 6156255 8863135 6554144 3476649	
70 373 8061886 3807447 7889702 7010065 5610441	
400 72 3097643 2504435 1848127 1247222 3735158	
859 694 5068194 2163848 5815789 5204337 3688265	
395 994 6278924 7367126 8341442 5202939 4951785	
387 90 4145602 4300258 4410720 3594994 4687038	
639 959 6403132 3181882 6370834 6059889 3345492	
727 180 1738208 2063859 1628627 2470936 174339	
555 334 7075647 6509547 3451842 9469484 6207251	
385 680 7276157 5903108 7503206 7538784 7291387	
281 853 6678097 3937331 7495196 6339714 5452677	
294 211 3343482 3381176 5428599 3821016 3875847	
619 74 1966176 4178736 6423106 6071622 4926534	
37 731 6372297 8870210 6034751 8214723 7933359	
894 953 7463076 4102824 5182104 6629831 3857696	
573 404 4778601 2509690 9732884 1884593 8739051	
270 311 3452023 3474223 9530332 3594341 6926084	
238 858 5191043 3509959 5261543 3917455 7708820	
549 749 5099145 2971899 4107829 8481631 5121664	
474 546 1424860 3217886 3101707 2417679 2501738	
724 458 7502674 7255669 9221915 7509622 8977259	
824 113 4740313 8989 3090229 2927678 2316189	
576 233 1896591 3676005 3458315 2103553 4391211	
950 499 4079920 6235395 1325694 3539678 4833894	
430 917 7434526 4378682 5613343 3556811 5230575	
77 776 5137955 4972591 3021317 2063348 1646386	
799 458 4394048 4804156 7428423 4829405 6966591	
99 561 2188550 4846859 4516734 2941345 3812933	
972 714 4654052 4673942 4318737 3441804 3231357	
711 236 6161190 4450912 8844820 5697269 5076018	
811 197 3067807 2067528 5484771 2170001 2593442	
383 78 2615527 2095899 2093749 1332714 2643230	
929 927 5310666 341146 3434867 2539191 2584366	
672 856 9185785 865714 5221654 4503368 4838667	
150 694 3684617 3375703 393251 4958865 620500	
372 389 5707101 6733578 2948330 4571473 6163006	
647 84 5771953 2598428 8572868 5048961 2847237	
246 75 4007401 6087767 4793391 6544589 3656544	
468 785 4678224 2312924 4304420 4954514 4770600	
668 418 3328193 3215394 3137678 2181365 3738958	
151 865 6786853 7316912 7830085 6879236 9270196	
279 131 4346335 3272311 3853164 7830999 4377503	
63 859 6525363 3292304 4717043 4581916 4421403	
934 476 9208307 7646838 5582732 9883634 2618716	
665 785 2337980 1690264 4650559 2106090 3081414	
548 144 2150211 1502000 2449008 3269644 2808320	
323 450 4738343 9460542 4232799 7980140 8345517	
173 89 5843751 5863604 8474314 4466615 6319003	
480 678 1719185 1881338 2992619 4667492 935340	
553 459 7991349 7794065 9066200 7768355 8336377	
989 434 5367896 2422050 5235455 4550654 1779750	
671 921 6597457 2309303 6447354 4023654 3161042	
116 173 1495566 3496626 4759755 4475018 4103444	
284 481 1983605 1025084 2313390 921839 2172531	
293 101 3665955 4731079 5406596 2060928 2761681	
277 115 2402107 4926825 4598605 5018507 5008591	
16 492 7166541 7552974 4382884 7172239 7849814	
724 400 5554116 4877336 6389849 3355518 4417973	
325 601 2802620 6241348 4117083 1560304 6117013	
901 593 8742974 4955375 7328976 2308123 4815749	
255 233 4842678 5007549 5498997 6553019 817998	
155 542 6775847 2343331 5804902 612776 2035776	
247 519 9710205 9955375 9147167 9655589 8398782	
432 173 6066129 5805991 4077969 4728183 5732462	
960 984 5678312 3029836 3403939 4189348 1831622	
516 248 6733240 6408789 6101375 7357190 6334268	
178 581 913253 4147056 1494719 2875022 3643497	
440 528 8600202 5638475 6451888 7558200 7026191	
436 937 4659839 3242479 1630726 5531424 2212816	
385 501 4744580 303054 3142780 2252772 1295257	
862 748 3615378 7795942 6541752 7102016 9507935	
360 328 3570627 5151776 5274927 1625606 6826607	
211 839 6767857 5457445 6960845 6244556 9036979	
332 727 2556773 5119478 4510683 3751042 2915147	
462 199 7154799 8696520 9281228 8765089 8566991	
47 125 3022111 1746375 2420994 3214166 1173253	
475 939 93977 219183 33968 1285796 708655	
715 466 8720480 6409366 7876937 6178242 3771318	
71 956 7884062 4828028 7972226 6506098 5057620	
868 797 6419019 3207079 6565121 4471794 6475945	
638 804 9374364 831204 7381377 1861432 6369349	
179 851 2681424 2335141 6485656 4286081 4059209	
803 167 4200701 6446007 950382 5533748 5191025	
747 617 2119848 1677042 4800493 1195909 4546302	
970 117 6788289 6446402 5985024 5073173 7821870	
398 99 3233017 5839346 2728524 4784900 2711958	
552 272 2199213 891132 3958572 2863908 1540445	
806 260 1902370 2146297 1644057 3142812 2525798	
559 852 6149407 8468017 5946813 7686759 8597820	
860 433 9316049 6112541 6894722 5979496 5677444	
759 594 4073689 2272629 5163590 1470748 6224875	
538 329 5924894 3724886 6801871 5580010 5215067	
52 462 7873095 6684896 7297071 4953131 7493574	
702 151 789378 1146060 281213 2599748 964872	
805 85 4234987 1855996 3956832 1821437 3656303	
644 192 6313268 9154179 8567767 6589757 9607936	
897 926 8058952 9397398 7010027 9123891 9170168	
913 763 7735356 6404626 6993684 7113380 4834735	
858 220 8824837 8439698 8280368 9093750 8681415	
968 223 5290078 5404667 4567607 6258523 7347316	
79 827 6759628 9508259 7533194 8840122 7305020	
413 405 3887546 6595434 5844640 3072507 4703069	
282 334 6087896 5161812 3808712 6497856 6920377	
179 740 5722825 3349429 4901219 5871667 1633297	
537 801 3403540 404816 3235966 1043675 3230038	
805 948 7087812 9541859 6533113 7132656 5381771	
953 860 4629339 4122586 1462352 6082060 3048186	
100 227 3331289 5795787 2805485 2263936 1531073	
778 11 2349017 975248 1922570 1539146 1100219	
841 530 2569078 2392357 1350390 1927323 1147150	
85 256 922487 7391364 5763937 6337056 9799441	
874 634 5456856 5282782 1715885 4098101 5242503	
370 521 3192532 3635998 2532092 7854185 2629088	
876 404 4605365 3161278 2865541 2532959 2758128	
395 594 458076 3945877 4911005 4433066 3914505	
345 848 3156537 3247111 5954403 3486752 7424971	
319 686 4309050 1215373 8151393 4721465 3259587	
841 344 8976716 3436783 5058367 4544870 2675793	
737 108 7571138 8967132 7443768 8939921 7929643	
329 627 5637452 2611765 5784361 3624229 1970846	
529 954 7087599 7249696 6129698 8483053 6964013	
547 11 6149346 4832526 5969604 6209077 6281817	
518 153 3969795 2919726 2963779 2482398 1645578	
690 575 9500449 8593777 5220298 5994855 7303731	
834 693 3855728 5043525 1317638 3816787 4003237	
320 988 7083837 8630317 7037801 5991922 8668673	
516 372 6259137 6392165 6536978 2122746 2535899	
369 978 4190219 6122132 3754417 4632363 8582675	
318 934 3406492 6992430 3456393 2958146 6187773	
274 433 5241122 6788672 6694785 7706121 8895324	
945 49 1251371 8065423 8430739 6975523 5984828	
786 559 4283585 8808954 8028289 5808185 8851924	
886 161 6303059 7685637 6461234 6514256 5943717	
760 513 5394929 3769699 4997732 7142501 4597659	
851 917 7634177 6740267 5518352 6711500 5924411	
273 467 6457268 6430696 8452462 5404819 7747178	
334 502 1184095 775656 1581004 2298346 2282517	
755 96 4288845 2166451 1545768 5126192 2014632	
209 915 1712364 2345919 1495097 2406500 2327175	
433 84 6170994 7867745 4893813 5947705 2787924	
362 991 1378866 1230417 1078311 1529457 1601451	
248 366 2337850 1957161 4182078 3203407 1595791	
291 651 3503872 2952828 4900988 2161474 1654746	
624 440 3566193 8895737 6186746 5172194 7503908	
272 742 6813983 4999066 3341087 5476646 5465915	
896 316 515424 4218376 1156341 2493381 1170427	
186 577 2455970 3899730 4197686 3582226 2924629	
927 325 4494604 8820795 4444434 6719366 8218718	
320 183 139227 5921637 1689561 6584790 4466868	
495 303 765840 7224508 3694436 5176822 5917700	
533 130 7966718 6266591 3796248 9522400 4400216	
299 401 3100039 2668075 3315203 1237840 3396969	
932 726 6695784 2606895 4572123 2331630 4910465	
31 108 2147299 6924200 4743340 6351696 3958175	
851 336 2734315 1564566 1876238 2528119 1044101	
801 885 7691087 5702734 7165253 8092332 3531658	
279 504 7458762 5314481 8671526 7405290 6994551	
375 200 3087819 4405438 7093492 775945 5182584	
29 645 3539782 2923932 2685062 1409132 6210942	
70 626 6263852 4594835 7933263 7667612 6456172	
910 42 5383955 6462378 6339808 7219272 5212004	
885 133 3645380 669567 4689608 946468 5322727	
850 984 8886992 5494058 5865835 5108017 6196291	
433 622 3440646 5211387 2567949 4139147 3927820	
440 12 7260588 6522101 4548874 7118862 7120095	
458 278 567252 2638866 1683101 652772 1753754	
642 294 4412529 2545815 8298874 3292455 6771789	
347 323 4658303 5969553 1388300 6389932 4507314	
485 428 3098583 2739536 885547 3244006 2519769	
811 322 2085954 1093552 898482 983031 1801138	
382 46 8408363 7910457 9547324 8597637 8344350	
42 257 2403004 2086451 3269525 3910598 4262491	
357 925 5556326 6083034 4008223 6477978 6220910	
49 236 5595258 2630185 3731092 4398686 2533766	
884 503 8144545 6255856 8223669 8207695 7741702	
554 818 8572570 6899491 7465656 6964280 7020215	
195 3 5091322 3999931 536626 6650051 2727534	
760 647 1165047 2742884 1963474 6069120 3084513	
899 721 4145542 7434432 5465268 4907961 1464757	
554 272 7072095 5919682 7024027 8045238 4239949	
547 340 4246279 6272001 8208453 7470489 5435505	
233 800 6596659 7973240 5414336 9020094 4776880	
216 539 1466000 3416588 2108803 3622089 1677855	
617 287 5970721 212417 6842778 1435464 1362377	
601 595 3528632 4110091 9114734 3752985 7626842	
519 566 3101687 2627554 3552854 2648580 7562900	
135 80 5110043 4972919 8157176 3755985 3391189	
860 588 5333391 9597585 7969902 5187809 9186799	
540 288 1609805 5386706 3799993 6620678 6745929	
425 174 4364446 9638690 5578492 3734242 5657804	
900 490 9062818 8139226 8969483 7293519 9392107	
98 507 2089791 6289770 6151416 3475390 6473004	
754 664 4161026 3732692 6024731 4961973 7619202	
694 614 3350176 4361775 3245799 4547053 1988471	
929 954 7180208 7317416 6759317 7928883 5518259	
935 535 8249949 6484181 7237079 8785564 6486213	
871 656 7270684 7656620 4289693 6011245 5574160	
916 906 7703739 5116702 5764542 4620374 1190449	
949 211 7118222 3903551 5457510 8168414 3113844	
445 164 8386292 5612568 6503935 6539670 3928995	
839 330 4435914 6490082 5631567 2182429 9061948	
957 665 2465199 6135632 2138107 1224456 2798932	
388 75 8204811 9139854 4353880 7574657 5013773	
352 600 9238541 7463588 8649443 8893285 9553560	
517 441 1604659 961538 2278151 135123 1907527	
935 667 4095653 1554215 5540601 3344241 4995760	
608 753 5813026 2689387 5773607 4645688 6213091	
879 171 6090761 6055343 6698029 6156642 6640325	
519 984 2445518 4856879 1637303 1803077 5737811	
37 349 9716884 8271099 8573784 7402086 7855926	
843 907 9006233 7934733 9197183 8753303 9056931	
666 464 1686535 4866074 276811 3076645 4940726	
266 856 8882185 9163831 9040170 8336713 7865915	
701 433 8473258 8001975 8465794 7472812 6870606	
923 760 1519357 4800334 1495197 4101905 4987330	
413 547 4777869 4564680 5519921 5881635 2328186	
470 19 1529785 7436339 1189545 5930782 5285152	
965 128 4417331 3827198 1197820 3813225 4739580	
146 729 8965824 6187590 6859195 8215812 5962977	
181 820 3836039 3039051 3494569 2622890 3663250	
540 788 8367235 6144116 9482090 7142916 8023495	
992 580 5403039 4647917 6520257 4454718 2775345	
877 339 8671416 5152707 8473775 3223620 7190266	
482 310 401738 2003917 1959827 3328014 2928066	
604 134 9813689 6039914 7139184 4410922 7072591	
88 536 2742978 3753732 2508856 4657404 3958061	
760 427 9324976 8920723 8035480 7901836 8067639	
591 486 8170817 7270737 7912800 7924494 7659163	
151 101 7102008 2889570 7324421 5371252 3074777	
713 393 6782005 6143459 5352140 6111399 6165188	
579 895 5671576 4867729 6524920 4697149 7425291	
725 913 3645568 6036889 6084242 6157526 5728229	
486 757 4976657 2298784 3107717 2888985 3319398	
312 82 4232193 3569154 4615100 2119574 4436166	
185 503 8016660 7089583 6635393 7316075 8827830	
10 293 3409832 3263630 687681 3195327 1093174	
499 278 3054134 4068449 5153828 4112213 1755852	
958 480 7254861 7575528 2150561 7248140 6514046	
29 459 6712408 1186109 7595238 4038127 4111629	
383 726 5373071 123947 4778615 4410966 4330727	
443 50 3671684 4034616 3237482 3739315 2957616	
125 297 7793547 7917142 6170380 7246939 7683259	
185 823 1543538 3180239 1687670 3918083 2366262	
863 260 3097739 5834382 2613775 6470335 2059212	
715 928 2445422 3939966 3224693 3648732 527109	
100 601 6318711 6572569 7579152 8415314 7330981	
947 963 8021572 4830008 6137783 8947631 4990222	
822 29 4430390 8095266 8470014 9380867 6861082	
858 20 2262549 3015608 3659065 5072856 4287739	
850 466 4284739 6645443 1327143 1385206 2291366	
343 573 4009312 3784001 742166 5575197 2978181	
182 559 8591873 4543335 7273351 5006631 4135339	
243 628 4323818 6284186 4448750 5250110 7511599	
352 398 2703039 6755514 4159489 4965859 3897431	
174 9 4499302 1219039 5380696 1892172 1216993	
700 61 7261632 3901389 5651734 9654118 3237217	
170 228 7053994 8906412 9131004 6819572 9120838	
674 498 9236731 6270179 8416558 6038376 6750979	
422 942 3170800 5371985 1620282 6372948 4710633	
750 760 8359552 7692448 6334327 7636783 7128090	
360 613 4633549 2777993 9592720 3984235 4667190	
366 549 1805106 3273713 3522082 4063314 4227482	
125 595 5791126 7760318 1929065 7321790 7208246	
249 600 4898663 6521443 6570969 2592173 8732041	
46 587 4799145 3971224 5036085 1762391 4062986	
912 469 921768 2954121 3547487 8079072 3582058	
56 37 1250414 1515724 3630436 661210 1576852	
654 867 5959984 3815184 3070169 6734989 2354599	
148 821 3351078 4420269 9235520 3065382 5830826	
310 821 6632495 4394629 5704674 5185325 4757118	
826 329 7963927 5196856 3367321 5133707 236381	
188 571 3469368 2970575 2446479 3303169 2691803	
258 773 9389905 6830769 5880005 9229735 4749130	
39 321 4065319 6869254 4248197 7875310 3243909	
240 498 8978132 8173290 9186126 8971989 7542561	
690 631 4690571 3415191 1185706 3901954 1684693	
393 779 7722573 6407192 8388083 8902917 6542574	
962 536 3457638 6254940 3170051 3653685 2130116	
5 598 3880962 6802686 3744565 7548718 6690207	
773 194 5549115 6441627 3711985 5626109 7407624	
752 715 6748341 3165087 4536490 4585065 4019214	
962 217 7608118 9373080 6552242 7313498 7308303	
152 366 4358042 3044293 1294099 5328517 3602612	
172 652 7896664 5496353 5370473 7361895 4595026	
940 837 5110477 7421542 7154891 5882175 7201194	
305 948 6643678 3788216 3032815 5172542 1880872	
752 227 5303224 5829641 5265189 5752409 5706005	
471 166 9857865 7983891 9478458 8417296 7971149	
398 699 8619011 299111 8023369 8288835 1533835	
67 69 3676256 3953443 4579933 1779155 5361487	
783 648 2666485 2068426 3543511 2543760 3360504	
597 772 4632339 935505 2583598 1397821 1965012	
978 257 5091134 3244125 8264986 1023851 5636600	
122 37 2274241 9409481 6375153 4511937 5773929	
251 97 4314232 954356 307725 3941812 2379052	
755 382 7904501 5545286 7080957 7039263 8553811	
939 559 1412484 4835108 2966541 5119785 3363971	
493 709 7468160 2447528 9481097 3038803 9125838	
888 115 6511798 1903795 8061000 3540926 5455608	
706 244 7994355 5054308 7483585 5085926 4321816	
772 636 6808959 1795305 2032897 5186039 1426833	
101 193 4734139 6243885 6405983 2848961 7900919	
71 244 4131866 2790405 4375303 3514549 1894037	
546 684 4173385 3713566 3318928 4457339 2920046	
634 472 4378719 3237630 6744944 6183261 5792093	
184 236 3776625 7302745 7289378 5713326 6043682	
746 826 5398314 6153756 7267752 6592925 8329766	
415 191 9493089 4968707 6160963 7070191 6951412	
332 194 5312642 4284048 703119 5250039 2230418	
942 336 5125508 7720941 4939852 6666055 5384494	
526 925 6557858 6837558 2848465 5214014 5023933	
765 155 6612410 7885798 4039524 7978686 5432860	
83 846 7104938 3862320 5706581 6585444 427327	
178 11 3680738 3421085 3107160 3272350 5170877	
245 868 6157682 8860787 2568043 6463903 5174364	
128 848 3553956 2554416 2426697 3026050 3444714	
533 393 3922114 6046373 7648401 4646941 9431531	
966 926 3171536 1444071 2405939 1763919 2400747	
608 167 6540013 3095104 3506494 2625761 3911810	
524 434 7856305 3684432 7478647 6574620 6920967	
750 811 1524882 2269033 1096807 2909883 1198884	
660 818 2816916 4711608 4768362 3182993 2933392	
777 822 5731687 8304387 8928119 6807338 9571750	
927 94 9790117 6240707 3964969 8456234 5281958	
165 417 9213779 9228677 9610246 8173564 9364633	
731 397 3344423 3610472 5519784 2253583 2883606	
972 269 8975155 4576201 6870488 7190651 6066353	
448 580 7943439 1903341 2964476 9065037 1631163	
681 800 3237779 913513 1768804 880529 2179228	
268 688 6548272 3273474 6947610 5478818 2897349	
458 450 7717136 6756342 8272436 6792693 8032940	
145 759 2149998 6308542 3807280 6187467 1908172	
431 989 2621394 5437832 2562506 3446619 3794501	
143 487 3401075 5749858 4226673 3009619 1819529	
502 798 5473828 8763257 5945325 9063953 8387052	
618 965 3510010 6419481 6190854 6266908 5868484	
900 736 9893563 3585479 7842030 7633607 6786316	
142 875 7812809 6948659 7618432 7335580 4332606	
152 107 3333788 5046078 4471674 4318152 3097945	
809 230 2421611 7070893 5605991 6177096 6867448	
384 44 2066781 2407627 3491194 5708784 876165	
586 993 8018668 5870736 7058309 7816658 7511806	
933 551 4660417 4563355 1548569 5636988 5284533	
648 703 4034758 3829790 4716308 2065972 4564753	
14 312 3575417 5538082 6253551 7253612 4539699	
244 501 1867873 5734877 1534180 4518208 6544624	
819 374 7936488 1767475 2020451 5567048 5407511	
476 830 5486814 7264741 7629491 6068446 7078072	
807 742 5443385 3996258 9195267 4801561 2024970	
546 427 5301329 7733558 2935393 8009675 2031617	
50 974 6748944 6141345 7804408 5268156 9680619	
392 112 6686675 6740561 6718530 6606368 6442462	
491 866 7063013 8035068 9948006 5754054 7820633	
418 350 4938518 5253051 6250460 4523979 6372360	
683 414 4607309 4997998 4953372 4370933 4641717	
934 490 4977497 4928010 6169650 6668119 8771672	
36 338 8791346 8538834 8441545 8053338 8352636	
236 83 9010123 8680405 8775753 8919694 8528351	
938 583 653553 1341606 1944332 2462427 782949	
772 712 4275275 9227266 7963918 6542110 7714991	
151 363 6951600 1953154 6891699 6271547 771030	
712 336 4726320 3657526 3236958 3835762 528085	
707 550 5903837 3961192 5562313 2097485 2430359	
290 199 7410087 8347189 7924590 7215065 8743640	
213 392 3564807 6348097 2613846 3068905 7930104	
735 15 4404708 4988415 4059707 2925259 3556709	
815 827 695106 6282385 5548551 4841525 6006006	
250 265 5634449 3435159 6352751 1330877 8704149	
323 963 7776591 8128149 9000290 6783806 7023878	
450 122 9241233 7995779 7440219 6811916 7294400	
890 568 6248213 1266982 3208500 4341584 5413204	
931 745 3843271 2980146 5673460 3542565 4983203	
501 825 9999765 4471541 9386424 4877272 8594084	
123 431 1255387 5628494 870240 3202974 3434592	
922 950 2847855 1134775 2507890 2272515 1786734	
409 339 1428446 3752151 68249 5394470 640981	
214 699 412415 4419485 1026975 4601482 2369992	
558 399 9478666 6932467 7117240 5572749 6493391	
882 240 3472652 2897379 7224466 9032840 3803007	
876 247 7540290 6270699 9005022 8351355 5189809	
722 337 8844314 8822879 9789851 8362807 7940443	
123 984 2585933 4665064 2611670 2509386 4312750	
979 305 2677647 2309124 247918 1790344 4795865	
183 913 2234654 6544977 2823077 3543971 6019742	
962 737 5812879 1655585 5298807 4492971 2804310	
647 330 7016773 6807562 4680285 7364268 4648911	
411 567 5206463 6924816 7033014 3847626 7511158	
988 948 4771700 6473492 3964447 4280200 6194180	
945 650 5570460 5056369 6848543 5443585 3934735	
745 490 1599656 2740657 466423 3435626 2303407	
711 654 8708269 8560161 9518581 9213383 8818655	
198 521 3791571 428522 715351 1193632 3196692	
881 751 1945993 1006259 1517672 956233 566068	
344 652 5563524 5399892 2802072 3981909 6384867	
28 256 7731356 1050414 5751316 6625716 1416245	
584 828 4662062 8506599 5593790 8938564 6489299	
514 121 2073942 3193683 5747298 3357786 9672887	
438 538 6819582 6590399 4272122 7425835 2894978	
940 936 2213558 7236821 4189970 6856102 6199925	
758 420 6961217 7571374 8918257 7109439 8126799	
390 885 5733421 6525673 7061064 7293151 5886734	
384 934 1914411 2734633 2094652 2109981 3353305	
668 905 3508829 4790152 2187361 3992206 4010940	
908 472 5582283 4898023 2197847 7289225 3835160	
15 186 5283227 1752813 5585673 4947022 4085261	
240 526 8063898 3612964 7075343 5812286 7219674	
743 7 6674940 4580670 3585872 6702700 1410041	
947 306 7929683 7409101 8429441 5607327 7643238	
148 813 5026807 1938411 7978708 2757513 5671635	
953 503 4844083 3290448 1481363 5675980 3942195	
533 421 5347564 7735440 6655944 8414813 8440214	
997 737 2782346 4080175 2845804 1923528 2268644	
686 165 3026263 7824936 3241458 5375206 2317482	
436 597 9056319 6419843 7672084 4396450 2386690	
173 849 8182293 8421265 6976926 6838402 7156154	
367 56 7412740 6481880 9327783 5156080 8228260	
868 399 5607358 2757407 5963755 3228698 9280957	
784 523 3418657 1255006 5014428 5800454 3022380	
782 157 4490849 9559212 2731408 9029134 5100193	
416 708 4029750 2853715 2557720 3311736 20563	
775 900 7136192 7476514 6030338 7451763 7657099	
220 990 4878518 8402439 5197698 5723250 8966727	
51 766 4517856 3289849 5597419 2918051 5087470	
2 9 2948446 357094 1495171 1191835 864014	
335 456 7402023 5521834 4488834 6955316 7205138	
502 741 4622214 5535190 5434045 6132195 6029567	
542 270 7998299 7810335 7632554 9373236 7491434	
372 426 3497846 2702008 1747487 8055764 5255972	
327 756 5586607 3295234 3225815 3586438 4013575	
860 301 3121636 4055090 4812150 2653910 1566312	
322 35 4227569 3924430 3456638 6821791 4351199	
712 282 8671498 6493425 7259681 5589150 7904808	
92 103 1083126 1817643 1207581 1671509 2556800	
736 385 4810102 3709744 4100846 3959234 6049525	
739 804 4068415 3064233 1957379 5611254 3527484	
714 912 6023044 6043654 5843117 5414304 6426892	
919 458 5187565 4536045 4369851 3887114 4691757	
864 150 6834359 6043808 2445304 4031255 1644427	
483 537 6542604 5328379 3786143 5389640 3394897	
859 620 6797730 5931404 6192902 8242727 6669578	
348 211 8237012 6388040 9852129 6153890 6202280	
474 729 7075242 3050114 2743283 4174352 3568574	
239 1 4172269 3826157 3555035 4474729 286164	
308 974 5593596 5826715 1591637 7067196 3096577	
840 282 3362767 6737478 3445179 1930985 6112585	
657 761 4519764 9014095 5961214 6749106 8627417	
563 867 2705020 2584635 5010793 2200551 6312394	
556 283 8415377 6231889 9353793 3592997 8331718	
556 460 2564424 4068602 1497040 2142957 1764317	
175 817 6531290 7268701 9569058 6211277 8663654	
806 317 7748975 8635829 7788702 7667230 6294447	
286 295 6059054 5766792 4282573 7558087 3307269	
205 89 4138623 9713077 5883054 6034291 5988822	
252 958 1865199 3712355 3137249 4147735 3625471	
190 405 4184872 9602140 7816345 7553820 7970907	
45 463 4353654 8928736 2079653 6985792 7373586	
188 483 6680883 2681673 5909283 6614989 3102211	
133 840 6554169 6031323 5184664 8930887 7066081	
386 685 2384614 2185364 3435205 3520760 1138723	
685 311 7712418 3955054 9314000 4879018 5996629	
513 712 3341319 2318236 3108146 1422675 5175863	
436 60 8659306 5925105 7436091 6088990 4547254	
201 866 5423657 3438205 5022893 6155948 4954178	
711 747 4568044 1635213 2015158 1101692 1967390	
202 614 6143590 7439408 3731466 9339891 7601098	
600 689 9080904 8067980 9104749 9736831 9611942	
193 480 5670253 5571237 3853290 7549877 973744	
954 371 3713812 2680554 5103174 2722825 6086140	
154 190 1513192 3449303 3383095 3676178 3883148	
949 190 7956495 1201301 5903321 5613265 4232978	
344 829 8189193 7910146 6344141 9457151 4013704	
221 102 2513703 4618412 599113 4388377 5986527	
704 730 4652564 5967737 1595600 4907811 6039892	
161 147 790949 2415781 1412218 2559004 1026041	
121 718 7431920 3286637 4303557 3623143 3711142	
845 684 2606832 2406840 3247353 3083015 4185970	
341 340 2274248 4776432 2605226 4945231 677520	
180 502 916512 2855137 981616 4312519 3242696	
522 719 1653809 2662349 142491 1820991 2577820	
285 901 4844106 7207022 1969560 4576471 2472638	
295 693 5761643 8259278 6743976 6589855 9256140	
855 259 3676990 7185151 2979554 5730183 2450083	
968 974 5077182 4978240 936942 2695545 2162189	
185 550 6634205 7245678 4944883 6228259 2869453	
999 193 5561333 1616300 8454983 5151989 2710870	
847 807 6528843 4235832 4335992 1677053 4365904	
122 787 4081522 4218748 6019256 2817968 5844595	
560 494 5855689 3168083 6363079 8057928 2487863	
611 885 3888794 1282001 2657736 3519761 1365112	
566 355 7138852 5300797 5865017 7468248 3342736	
986 523 4556271 4058901 5308988 3768909 5426349	
19 377 8576163 7872002 8434805 8915525 8443066	
92 763 3156140 5735035 5018602 1794445 6939255	
209 117 6754597 4941597 6011579 6425395 6442718	
897 542 4910410 5572910 2693088 4560569 7324403	
171 791 3144679 3136030 4007115 3600673 3280635	
559 350 2654602 3721046 2270477 4617841 1299584	
151 233 7316778 7097001 4721306 5444388 5551905	
229 204 5340448 7464804 8267148 6619240 8604736	
643 983 5965597 3861744 5181839 4223230 2114523	
880 673 6111561 2799128 8809259 4436405 5279296	
249 591 9896445 8814582 8517301 9336035 7626218	
928 166 3515373 5918503 2781895 7999533 766145	
364 406 5159623 3759685 3402488 388169 4817280	
739 25 6320753 192918 3779670 4556318 2329337	
829 2 7159975 9462331 6957547 9305831 9046803	
232 505 7102874 3759557 5543709 3415117 2726584	
9 683 2560313 3386423 3591459 953640 5020207	
637 123 8455391 3901645 6731143 8736487 4014100	
393 406 6789707 6046671 7713533 1316170 7911401	
138 399 7276142 9143018 8219884 9891443 8884521	
792 814 9272911 8251902 9561727 7768074 9229298	
561 568 7103935 5745933 3829567 5726360 6962582	
334 84 9939732 6455613 6729898 8926092 6675361	
507 377 2852078 8177161 3515013 2460635 7543721	
2 660 512326 1358226 494726 1442166 842484	
290 707 6015572 2055299 3114296 4340490 3972217	
206 18 4582111 7077096 5782607 6089263 7403020	
878 398 7416595 4212123 9792824 3184832 8069565	
927 62 4492650 7035391 4704900 4142754 8990988	
550 295 4494642 7465500 4143292 6460798 8194018	
301 883 8813143 7563992 8923727 7058242 5923645	
345 258 4184823 1957127 3171526 2269084 1852306	
117 123 4689510 1680698 3762071 4717580 772803	
515 583 803676 3146419 719168 1063583 644782	
611 349 470915 1615270 1739777 1861508 5726848	
91 68 6093864 4001016 3686521 4394016 3303408	
98 500 6464904 5160133 6211978 4497891 6787708	
346 701 9042575 6294840 9726015 7235356 8818360	
423 609 5231373 6318096 2609073 4596088 4383579	
443 833 8568180 8731924 9132673 7702638 7723194	
991 748 9091712 8592889 7431927 9798118 9307886	
768 483 731196 2688617 1766407 1117474 3838504	
104 379 5651828 3681898 8833305 4604367 5797739	
519 362 6617426 5595744 6315214 6335457 1605494	
661 56 9328036 9297951 7650616 8997234 9130662	
892 88 3532840 4048907 1989499 5739429 2299805	
854 754 9194183 2949982 7814036 6852617 7576406	
843 14 6352170 6505954 8851705 8563473 7331736	
331 911 4910578 5467397 7904734 6875228 9143296	
756 73 7769940 9309643 7762412 7613300 5479911	
468 649 8397917 7105549 8452754 7946342 8748124	
500 59 5857087 3815442 6544725 2547346 5026241	
802 545 6322275 7620090 1642888 7098843 6842398	
317 780 5708083 6273591 3177540 7523713 5086424	
372 748 7579803 8447380 9679974 7719779 8599974	
694 627 7897727 8318582 9518071 6743819 8738943	
710 193 8706938 8008190 8754525 8252443 8077570	
853 165 6981781 9129715 8546044 5743480 8984523	
502 168 452607 2805386 6578158 1256471 4721766	
812 515 2723360 7232089 2829954 8674818 7839441	
458 509 7540986 7208027 5394319 6492157 6419943	
9 455 6375815 4025429 9566421 4466466 5914438	
783 256 3706663 2086655 3888248 4801899 4144426	
318 351 4870467 6356712 2909599 4904148 6144388	
750 683 7888657 7139845 8038175 8743343 8734543	
953 268 8332393 6937517 8679371 7557738 6830492	
249 240 6027845 2695659 5171905 1828193 3341728	
101 878 4489260 2197415 3526978 3885284 3740463	
878 96 4584836 1582051 6697965 4204967 6091627	
374 53 8362173 7836389 8354015 7165264 7308451	
99 645 3136266 6011753 5227331 3814778 4840110	
106 350 1559812 1379936 1063090 1786323 800812	
179 559 2086918 1525888 2356384 2103756 1419848	
273 998 6786816 5943432 8206550 7129764 7653143	
220 694 8255646 7642775 8316453 6486730 4327295	
359 292 2651687 4360669 6293296 7808045 5319726	
309 473 5728064 8585524 5360461 6243666 6870567	
798 791 5463784 8266515 5246774 6497854 7588621	
950 111 6004589 5529909 3285425 2739492 7658863	
720 148 4595201 6981559 4457804 2454081 2475516	
268 457 4804985 5347556 2536049 5190651 4003888	
582 826 5382078 5898381 7906364 4646222 8176141	
138 31 5697022 6353468 7556245 5104499 8506981	
979 549 5163986 7977905 8148662 5823079 6807294	
305 276 8896994 8173964 8447267 5475584 7497785	
293 784 5271229 6094164 9799377 4693500 8273265	
762 960 7639750 5372054 4686878 5627291 2910324	
121 215 2488442 1389015 2622273 2291336 2780049	
147 125 1972661 3236407 2492890 1813822 2722316	
394 676 7105657 4141361 5423850 6240458 1312652	
670 968 4325046 670339 6970726 7087559 5893752	
876 742 6347404 7433519 4087831 7475234 5549407	
176 591 6928368 5083058 7658590 8943448 8856657	
326 748 5882720 9995892 5633515 6155896 8432565	
188 559 6868447 2333161 5836739 2533644 2825583	
901 783 6499476 6293080 7147781 8013569 5173707	
500 859 7162312 8520656 8801808 8087657 9280078	
575 874 5552362 5768150 7653815 4754429 9428694	
676 912 9861123 8881344 6982484 7375706 7650899	
170 370 1202648 6714928 5419764 5760994 5401687	
55 974 8459671 7776176 5912531 5740563 4721280	
362 310 5145094 2676182 4144697 2861137 4023659	
283 436 8423521 8154346 5548449 7753515 7510707	
447 383 2037235 4608901 2871608 765360 3389267	
144 232 4127920 3297076 5634847 1814789 2267069	
917 942 1096478 3820485 3608998 677984 3492444	
451 823 7223609 5502121 8333719 5039000 9371727	
931 423 6126832 6810645 8267890 7974371 6050255	
104 6 4360387 4341020 3921166 5587555 2118624	
575 414 4880894 5796406 3521805 6015704 2271530	
948 50 6138600 3046062 4344375 5456609 2318843	
405 596 5920066 5560473 3444582 6202674 450283	
971 593 8483837 8329116 9658709 7869842 7531718	
139 741 1382638 3128626 5758829 2672731 3115541	
477 5 1970976 3010814 1574170 1704815 2251656	
509 941 9172887 9176505 9568937 9719303 9529490	
340 874 225362 1708884 2420123 38338 1917395	
266 325 4145738 8744220 6818684 5706510 9285616	
119 710 1159208 3336006 4388518 3328062 2876975	
973 543 8125254 8022259 9547229 7315542 7940208	
793 872 7413554 3838798 3481751 6242349 3268983	
825 458 5878920 5391292 6445081 890409 7486456	
180 292 9761595 7660173 7127827 8858841 7007533	
908 543 6976728 3652797 5031814 2775819 1570374	
596 511 5920645 4429714 3046177 4667883 3694018	
462 730 6545676 4940404 7395827 6259921 8505826	
203 173 8635705 6463657 6866446 9032094 8191477	
506 584 4972407 4836123 4249736 4740795 4909877	
540 155 3982205 3597113 2462748 2845636 1928952	
827 945 2858676 6581763 5570197 7733932 7076696	
184 160 3195284 4978317 4752741 5012759 8053568	
741 427 3103631 4280568 2419655 7676680 2252628	
107 736 9187072 8132153 3962870 6871465 6909039	
218 437 5873332 8350138 5083752 4126422 7945835	
287 377 6198413 6029782 6610364 5585102 4762295	
933 743 5989752 6967157 8924494 4680891 7332607	
359 542 2391704 5307027 1640046 3606716 1821736	
577 907 4931835 6122908 3790597 7458849 1049217	
580 232 5379627 5927556 6353874 4803758 5623054	
246 349 292403 1562603 3305169 812539 3434396	
226 964 5663027 4853511 5746647 4896302 5229369	
