586 855 3057389 9643313	
500 362 4501632 6536631	
80 807 6816479 7256885	
866 430 4588314 1736976	
685 709 8739229 7199367	
867 68 1719378 5302995	
774 928 4062701 697399	
345 965 6581341 8848953	
645 302 4491201 3781107	
320 466 5211309 162864	
559 326 1164968 1761448	
554 363 3551973 3987438	
820 203 9410815 2776115	
908 770 8926711 9991630	
510 944 1005238 1581772	
278 660 1697948 4923780	
804 795 1594323 2141452	
244 363 1911701 330229	
413 798 8822284 6474581	
719 47 4684788 7055870	
576 473 6544931 2765661	
747 956 5010028 9425848	
235 213 5137552 976992	
322 984 3926444 4758623	
409 189 4782982 8923116	
550 958 7410907 446418	
615 252 5057737 4450930	
756 890 9802938 2457374	
99 591 8549591 5978346	
117 312 9593672 6832364	
23 653 3270151 8790741	
275 748 7746479 2820841	
279 153 5347013 309713	
945 295 2258607 8723643	
489 831 5323875 5235436	
910 292 2184386 4264748	
868 999 2626087 8754960	
955 46 5057671 5295313	
88 773 3892704 8294212	
252 624 8901313 9681884	
929 386 4712071 7342888	
385 814 1324245 2724334	
562 878 4185334 4696456	
752 413 2304161 7956855	
483 988 3059261 1458499	
323 196 5255872 639569	
765 78 900 551179	
815 33 7029139 8019999	
47 483 6008829 8973686	
207 842 831328 993797	
816 784 2585946 54164	
100 293 8101574 9870163	
953 78 3128177 2522011	
881 420 2622703 4591403	
140 502 6581827 1463757	
804 619 1039687 4706955	
717 956 4160915 7602499	
86 798 4045067 4794832	
801 143 4236535 932498	
872 820 4963905 9183679	
992 814 8901823 2957791	
442 747 6095734 4844978	
786 395 7859321 9061571	
353 832 8488422 4849803	
909 931 4916310 9234833	
306 622 1357672 2943137	
142 677 5130326 1142005	
398 43 6144676 8676868	
815 478 1685340 8805912	
82 810 4949960 9132324	
148 526 6544160 9171951	
597 102 6225920 7135516	
715 987 8293185 5496427	
838 930 6462505 4230255	
908 457 4177928 8809238	
652 330 9910552 684670	
940 195 4106843 8388975	
325 45 8047205 9203661	
46 632 2913051 2473198	
578 109 4352795 7792549	
835 670 8756512 1349983	
747 387 3269122 1243791	
383 897 2723850 3805326	
942 883 215520 7869538	
493 961 2414295 3650378	
885 362 9813676 806790	
807 996 2272828 3719771	
830 656 3594618 4065641	
827 157 8547019 5697191	
410 809 7597747 108752	
687 48 2141784 7518589	
534 94 9822001 8160409	
517 86 9702947 3867790	
489 803 7065613 6836831	
536 570 9587524 1912630	
172 640 762645 9657305	
605 585 8265202 8234036	
45 480 8590717 4364373	
806 662 6593522 1447357	
717 245 839810 2616394	
788 526 5324362 588871	
244 650 5905128 336616	
999 116 702030 45270	
170 612 3286477 8659094	
688 542 2149617 3143334	
70 197 5579747 6344826	
476 555 2185908 3597496	
813 66 3494050 3963579	
628 651 6352602 9217067	
94 523 9743263 8577704	
651 902 5238263 6086140	
816 445 6697495 8791872	
712 213 8431592 8408435	
764 537 4454018 1862571	
461 745 9788328 3421290	
625 629 9324930 6113483	
231 907 816852 2234683	
831 944 2909221 8629989	
283 421 9286354 972354	
879 593 5785363 6491589	
689 688 8046413 5968274	
753 844 2540926 6237982	
703 878 6316598 6563550	
828 104 7782087 43426	
982 890 4537264 9552927	
172 877 7728829 4142184	
801 643 8689834 247018	
456 453 1409719 6360888	
517 934 8346599 8981756	
811 443 197828 8978751	
856 443 1916167 6693235	
805 843 1915964 5329869	
293 334 4760121 5773965	
404 732 1237138 372387	
638 316 4667173 2226966	
210 316 2957442 9425920	
254 921 8250863 1289111	
475 571 6311027 5217501	
693 266 9609562 2749489	
415 336 5382282 529222	
427 508 3279480 3108922	
101 354 7653188 4860885	
285 783 4726250 1662522	
804 429 618803 2972932	
637 410 7055529 660410	
976 536 2290139 8471633	
896 793 8099253 4750533	
210 488 3370887 3219325	
843 523 2890048 4892513	
397 476 3980727 8145809	
460 854 5513259 6343435	
26 638 152983 6179236	
362 906 5826595 7850925	
994 596 5128447 1092463	
722 662 6354881 6105711	
595 769 6598155 8054630	
534 48 368365 1589673	
336 148 4562577 8501902	
403 197 6353005 6776068	
101 146 1440026 3348011	
607 267 9908106 1766012	
719 60 1591285 9805647	
55 49 5578074 634265	
423 691 57978 9584421	
868 935 7000108 6848263	
779 637 7528137 9678760	
798 771 2423622 2229548	
696 852 1427791 4303064	
323 469 4540021 841874	
734 114 5926609 4477398	
323 306 2395487 43302	
531 149 3178572 1990130	
441 263 9766396 6580319	
386 304 8203762 8533606	
828 800 2393444 5502963	
123 806 4551004 6856785	
768 41 320871 8640104	
213 867 3250762 5795736	
811 391 7988738 6214193	
728 94 4136342 1036246	
427 275 716850 1845413	
155 941 6228972 716457	
855 767 9006924 2846885	
222 241 7185981 4749935	
801 651 3274403 7499178	
937 126 491846 7313238	
840 569 9896907 5342544	
713 70 6556671 1887527	
933 743 8445756 7889249	
38 104 1131105 2737992	
229 959 7559036 855053	
444 718 8394438 2887270	
425 360 5101172 3580215	
629 379 188927 669682	
330 908 7877543 5389817	
438 85 1241845 9121345	
865 237 9001091 9616575	
116 891 2360299 1228629	
727 37 1515320 5377416	
624 867 3086014 5523065	
90 30 5242066 3155159	
93 520 9937515 1947379	
240 57 2006178 9997364	
414 337 178404 2034646	
784 794 2654289 2945049	
839 715 8638954 4885642	
126 145 484731 7483237	
941 216 9735467 8968360	
242 391 9837975 3551218	
684 781 3725949 3942250	
390 806 455000 739685	
457 287 1423302 1581070	
280 515 8398705 3457279	
845 538 2925690 1578808	
395 54 2515110 2639174	
577 627 6818425 9769884	
635 279 5122873 2123644	
591 397 7021475 845143	
160 945 6394402 7048881	
379 576 8981537 4581439	
340 557 9712695 2320547	
824 77 3242079 4459821	
23 840 9834920 5775952	
556 830 5151660 8129516	
891 519 2632032 4941170	
426 484 5197837 1413227	
565 886 8757756 7279490	
110 293 2659551 5284306	
227 47 7836441 893098	
970 493 5090298 1135868	
971 601 2192456 3577508	
290 546 6538373 4132724	
812 981 3876697 6550487	
645 651 8223586 4441329	
218 587 659080 9291151	
775 91 1729821 6980378	
357 392 1314103 7064753	
488 43 2027793 3196809	
764 701 263668 2229236	
300 716 1836524 5471773	
955 291 6727844 9607735	
274 825 2963359 40182	
657 257 4133101 5862017	
205 648 7757130 90075	
685 516 5121668 374358	
664 202 3818325 9875838	
193 57 3360553 446213	
641 327 6134389 8955191	
949 695 4372659 9934406	
454 802 5541143 8082286	
568 343 1356645 4848332	
388 977 9350146 5572877	
91 496 8451093 1069445	
18 771 3440247 3255472	
162 959 2250533 8382469	
515 325 7530965 9821369	
76 603 3415080 581264	
308 24 7861732 752926	
373 309 943172 641772	
364 89 2845824 4261756	
270 109 8810533 226628	
998 450 4231988 8412403	
160 923 4601110 2632214	
566 146 5174050 5107252	
599 266 7386890 7564959	
616 70 8273207 6134046	
704 689 7690097 2039637	
66 485 1252294 6017311	
630 788 2821236 5238496	
769 374 5495641 6859411	
856 82 3615984 5034723	
384 323 2338811 8095856	
350 139 6873293 1130229	
811 382 7855053 8524424	
258 936 4145200 1853604	
589 26 4453300 1138335	
690 503 2536130 1612461	
543 141 9149100 1759506	
333 608 2278207 992669	
685 705 2607537 6301038	
67 388 3484360 6095258	
795 702 2183058 6802226	
520 552 4007453 1048529	
417 621 8031671 7848954	
484 28 2686333 4929941	
993 798 4277019 9634074	
438 677 3167770 5252464	
689 769 7990165 6473049	
983 60 5024440 5786559	
60 742 2194966 1528409	
877 2 6902881 299545	
82 282 9330023 1046883	
466 134 3988743 6927341	
226 305 4166400 4767702	
776 460 3476534 8497195	
191 526 4186170 4294622	
183 420 9257845 2142643	
637 562 4884220 2379428	
607 910 2894771 3874543	
758 17 1891756 3036341	
423 193 7465261 2586029	
817 972 2681766 6649734	
818 654 6679666 1551171	
817 534 8210443 4888509	
189 939 4977448 8235673	
359 191 4905886 4479569	
243 56 1483223 7992588	
319 74 8931543 3407265	
887 681 8665139 1064282	
427 369 7222335 5213082	
649 50 7779066 538515	
980 498 8162927 8518348	
328 450 3185708 6363633	
932 949 904025 6261883	
819 632 6206732 3952198	
308 34 284656 9609165	
559 107 8249133 9019293	
465 202 9132429 6899807	
840 628 5156029 5728101	
22 976 8402884 2465406	
333 956 5342764 7317043	
338 12 7941743 4882414	
498 312 7914630 3773192	
372 249 7364281 1091480	
226 831 9410875 2811778	
337 671 8372960 6320411	
950 701 6451043 4984690	
42 678 4109919 6061000	
707 606 7038138 1959789	
34 680 2905173 6454116	
73 579 2634266 6431265	
630 129 9107643 6078941	
689 316 8783243 3118439	
743 801 6308193 6735552	
155 577 474523 1374134	
931 863 4686695 3113403	
340 329 7633855 1022735	
488 888 2955678 9035247	
846 863 7694700 1378252	
478 773 3095862 5756176	
198 270 1233387 569378	
557 232 6468280 5536608	
509 274 9576702 5486037	
84 338 7885059 651969	
874 622 8429947 4393731	
518 421 4519947 7965129	
401 943 1401341 5115419	
340 459 9334806 9968177	
877 212 6336721 8875857	
762 995 5672088 1700748	
334 751 6410820 227801	
308 545 6518576 565177	
336 9 7280911 5413553	
952 363 369022 2146588	
731 151 6428033 2131667	
861 464 5527263 1912065	
674 938 1403795 666604	
953 762 8409837 4146464	
233 196 9035393 3651333	
423 260 5718980 2550529	
506 647 192397 5485285	
104 264 2178340 2114980	
266 844 3774691 9434460	
41 747 7426496 281123	
295 408 6344282 3131702	
916 56 452201 6522217	
239 827 8445114 7878577	
55 375 4497929 7319464	
555 611 3840501 9850093	
565 534 6230024 8354150	
268 684 5869136 7788493	
804 974 5634734 2502221	
648 532 8040167 5753080	
756 941 1892939 2565192	
593 747 2527286 9000549	
115 288 274784 5968066	
428 315 7722597 3145671	
815 555 7438755 7988151	
109 176 3050317 7158277	
524 388 4485100 9304595	
304 371 3932261 2482838	
112 692 8113427 3726450	
643 320 4817078 5788297	
477 385 6551483 5783480	
483 613 6014801 9341489	
146 17 7973460 204302	
925 14 7224523 7107377	
969 31 845764 8492082	
439 252 6673368 2464583	
916 922 1009427 2744623	
378 590 6033073 2461845	
341 123 3697476 75922	
886 53 9886966 1481498	
399 977 8248540 2061855	
157 698 7293338 9802901	
215 811 7261795 3569136	
799 287 6891153 9506029	
243 696 7394521 2058469	
94 234 3442025 7618003	
790 208 4297272 5983515	
258 785 5363314 2916036	
32 143 3782211 8653210	
455 947 6833685 5876785	
970 918 4960336 2245610	
160 806 9589664 7412816	
704 108 512386 5447762	
677 550 3276574 1413832	
40 373 6853059 772933	
74 646 6946529 716395	
984 875 5543336 4768682	
480 385 985046 9757370	
870 89 2941701 1486758	
789 198 3056712 8233775	
921 832 5928468 2444625	
34 975 8870591 5786492	
876 250 4610873 9431870	
321 882 722475 2687658	
875 416 8016728 1800201	
72 21 6710575 7327600	
193 215 5073130 5171555	
425 661 3154096 6376078	
565 159 1719046 7008489	
129 651 4823067 9706252	
791 847 6383772 370149	
905 53 6991026 5693768	
6 837 3823026 1467535	
297 14 240402 2704237	
524 800 8607663 5131451	
239 369 8168007 2613967	
452 979 4258979 5790647	
171 507 3317370 1694802	
298 115 4569304 3613628	
316 580 2174098 141540	
682 217 5442715 9174285	
884 219 4952305 4746715	
865 775 8877105 3938319	
319 539 8651429 8280897	
221 268 9883831 4755177	
412 397 4161561 5670274	
951 111 736767 3818915	
40 467 7123814 4070369	
360 525 6721585 7448632	
528 18 5649370 9181082	
681 140 3692092 6739868	
151 919 2793630 5872598	
62 520 354968 7991971	
92 756 3526401 7257536	
550 272 2632801 2519103	
236 668 1139304 6756429	
97 754 4768365 7508880	
577 941 5578227 5446461	
384 971 9281077 27926	
601 177 7932562 3028360	
22 671 6809344 9747587	
991 303 9689865 5925984	
35 273 4192432 4489949	
157 630 2981321 5603026	
827 749 7314870 5783234	
602 573 8493829 6823518	
768 274 8422673 5571547	
906 700 6859170 5194489	
374 986 6389983 7321262	
135 271 6872920 425122	
575 985 843903 4017233	
827 483 1026475 3695699	
949 275 143217 3991511	
340 231 9920625 6115017	
878 172 4688357 7458612	
170 316 805939 8683580	
549 419 4224927 7742197	
107 678 3626647 6415274	
351 43 9627347 4948401	
479 397 3576606 7148258	
733 801 661656 4324976	
516 948 7272758 9630925	
825 957 5657313 7668627	
852 412 7935571 7135593	
142 949 3165343 5164708	
505 130 7112218 6617414	
519 486 1151684 6506787	
235 600 2465241 4904794	
41 511 1978297 6442739	
50 231 8077954 5083394	
37 481 895931 423679	
777 964 4322377 2690335	
470 388 782910 8762879	
21 658 5346409 2205321	
883 25 2532625 921692	
548 549 2235761 1111721	
864 32 5818014 9407347	
134 98 4043449 7434817	
456 391 9625761 1816368	
134 989 8535369 3880017	
220 159 5783010 4421922	
644 96 5222890 136654	
740 387 6708451 5753527	
902 771 5029109 677284	
184 388 5537191 7208792	
699 915 5943765 7906760	
176 722 4724984 161290	
986 890 1612121 2775458	
637 550 6196340 8800352	
508 486 6126009 7986671	
429 266 3140250 2460469	
251 855 7640314 3517623	
634 679 4932545 1229418	
748 507 389644 2520216	
21 332 5953800 4481139	
786 224 6050007 1447116	
796 939 9435792 7567664	
847 26 9068257 819669	
67 368 794646 7730081	
724 113 7150637 1825460	
496 978 1539872 4596232	
79 55 9150056 5696090	
563 677 2730040 8740040	
388 375 4868516 3103988	
440 490 7175768 5287435	
601 46 5959573 3493335	
977 54 2172030 8425505	
87 389 6357386 6008415	
497 952 8236300 2896043	
880 285 6241599 2700661	
87 453 9738012 7672245	
70 639 6883330 6001339	
868 826 716195 6612933	
133 527 8430105 193018	
309 87 8087366 1384947	
442 544 8402892 6601723	
935 706 8317879 365462	
709 435 7602404 4267890	
986 564 8847633 8829685	
59 216 5658584 6521039	
413 171 2310839 8815543	
583 645 6283470 1081010	
347 964 7540319 8104949	
700 89 7089493 4353943	
614 352 3717786 8141175	
343 512 3167148 9666866	
118 955 5726131 6949034	
57 616 4771759 8819885	
966 463 3515943 8311544	
357 863 7164381 9695007	
15 361 1427291 8691984	
295 478 6218560 966827	
95 797 4091405 1251737	
18 329 9828713 6892599	
577 781 4869542 1869302	
274 974 7894027 7123029	
83 948 4332364 171793	
229 46 6000722 9183353	
69 160 9114892 9075655	
653 573 3677258 4643181	
766 258 298788 5854660	
539 832 6362518 3428569	
429 428 387147 9963289	
466 773 4061790 2200475	
140 738 1383567 3549153	
587 117 2260787 4255601	
481 587 8681926 1610319	
921 755 5326038 4034969	
236 989 2851939 2511894	
773 213 8101714 6415676	
879 884 9253562 5837856	
472 480 7946284 4335040	
74 843 4341982 1652367	
301 747 3987232 7652856	
519 938 4926062 9587615	
445 205 1710649 8999875	
523 752 2118242 8376211	
20 300 2326075 8324113	
378 955 7941423 5676804	
756 588 2917208 4284708	
176 181 8530735 2025618	
716 587 5858500 9298365	
10 411 2766338 6317853	
502 837 9026040 5651931	
586 484 2777805 3072683	
762 742 7653835 5228573	
174 828 3273252 3937987	
462 578 9835650 3188105	
459 53 7181457 8995752	
290 518 9539757 7299639	
303 528 6686416 5134660	
791 403 4215018 6359925	
653 705 3555104 9450032	
294 473 9233051 6594902	
808 483 3311067 6478045	
456 276 998346 6513887	
84 597 2829774 9626163	
334 456 4414270 5511055	
419 657 8596905 9791322	
169 242 2084844 4732946	
875 146 5432616 4447620	
726 964 2516772 3384762	
48 451 1373857 6587934	
889 133 9829665 1066456	
363 717 5158817 5938045	
410 179 8589815 1203976	
891 138 8601168 8834566	
148 206 6195463 7479286	
793 94 6166794 1051445	
877 758 4813697 1205308	
755 423 2897833 677117	
753 911 3604161 3106269	
817 969 4023186 3235155	
838 693 3112609 6173750	
800 495 3578275 7759276	
645 232 2066730 6493497	
125 964 3584673 8101172	
535 794 8940701 2545482	
214 205 1123330 8848420	
945 278 7471810 7505203	
814 940 9687672 5522370	
842 635 9062453 5101964	
500 256 7660433 6527624	
484 86 6599994 2117832	
362 593 7954729 7726834	
602 8 8757879 6294852	
381 517 2106476 7865196	
335 811 8719705 9020775	
257 588 2868325 4721881	
815 209 7982971 718482	
529 864 8977891 6837744	
151 756 890415 6922992	
689 753 988250 249079	
621 729 9161331 5733528	
588 148 6691247 6876774	
332 918 1334533 7204396	
850 55 252133 3157597	
226 156 3199156 2950922	
226 194 2289508 6767038	
307 15 5334772 808754	
721 395 6169610 5405935	
174 358 2551306 451694	
181 947 2218027 6481701	
468 158 1358238 2306474	
433 454 2064724 6208570	
644 265 1408498 8469334	
521 151 6369706 2087782	
549 634 4629792 2758549	
547 105 7701336 917701	
662 822 1586664 8743585	
602 175 3336780 6189330	
469 479 4312003 7826547	
866 135 7703155 2363783	
401 911 9035177 1304840	
432 888 1859710 8200801	
935 771 3944012 5624424	
600 293 9799855 5962501	
972 331 1827135 5901262	
420 692 1566249 5218473	
343 868 8309560 1210329	
6 910 7313195 239501	
375 135 3296537 5219575	
743 104 1285867 1780963	
748 998 1142947 8256630	
838 596 4277418 5372814	
508 901 4126808 616918	
784 504 2556608 3469201	
961 906 5255490 2806007	
219 767 495447 1783922	
406 751 9947907 7643811	
379 946 9541568 6967104	
29 510 4650594 9217999	
749 11 5214350 4750209	
112 178 1751064 2511583	
839 145 1749206 1818718	
655 733 3591625 1046465	
991 540 8571813 821921	
842 4 4128618 7648777	
970 14 4910152 4152328	
349 978 5688775 4218301	
657 242 5916318 6386308	
362 37 4307012 5330624	
570 414 2879669 6266748	
307 924 6862096 1458425	
81 67 2126258 2006011	
715 239 5036491 3310725	
111 947 831910 9320387	
354 575 7631400 8316742	
862 780 3711004 877741	
744 470 1973651 7818909	
593 962 5825871 2457336	
447 780 633590 5088207	
744 308 6927187 4293336	
37 131 7508773 4728826	
798 131 3482786 9573777	
543 645 1867091 722963	
88 198 8176303 1902134	
214 263 585305 1672510	
385 225 350393 1746078	
859 525 6113215 4876031	
539 943 2740151 7623890	
735 930 3088113 2594823	
585 982 7169373 736901	
816 557 9284355 5513442	
741 170 3791734 2409774	
617 946 5754102 9037307	
454 190 3617896 2802422	
189 909 5356514 7908785	
177 945 9293330 7881231	
717 256 8398173 196132	
897 343 985465 3458377	
266 194 778926 9425941	
501 715 8109642 321329	
517 547 2544827 712807	
956 538 9752460 1352021	
44 731 4511645 6642913	
953 615 3694732 9384008	
550 911 2768244 5698354	
63 463 6154776 633900	
730 616 4218725 8842212	
708 166 969462 7461664	
875 608 5191551 1779232	
250 608 5297993 8586240	
120 763 2848162 3412326	
243 601 8549956 9957440	
286 254 7169910 5650170	
523 93 7949802 5674076	
594 385 2772115 9071061	
88 348 4122592 8159806	
126 11 3505448 6807979	
889 721 5734695 3404724	
811 589 806450 2620733	
554 382 3585306 8282679	
907 578 8645898 9740899	
736 160 373331 1789045	
347 38 9284648 4667476	
273 499 8335731 1482661	
121 65 6635555 4475325	
566 351 7195601 4569509	
835 855 4098258 8167562	
662 727 2980288 9416719	
901 48 3407600 9333765	
277 554 5072765 8657252	
394 233 8149740 4287009	
654 399 2070962 6745917	
465 397 121065 3930107	
487 639 7445479 5876963	
358 423 3010466 7323570	
296 633 2420346 7962107	
469 664 5585055 8951649	
617 505 7689991 2748716	
623 49 3308837 8814500	
46 227 5101282 23960	
715 123 9861133 2548709	
693 763 6992836 5988581	
122 944 2613642 4621122	
899 221 318021 2663700	
851 759 957116 3487804	
112 57 4263405 6483568	
223 944 4947762 8665923	
659 635 627158 2091785	
972 793 4813754 2993134	
823 645 3220167 8891632	
83 334 984710 2289918	
960 122 7864973 5027426	
300 532 2782609 1114631	
665 141 4612895 1722703	
253 881 3797702 8977328	
905 558 5891508 4898973	
339 639 6760613 3040694	
817 513 4637295 3308661	
45 663 8354454 853177	
394 819 8404003 1742270	
165 119 1805712 7093035	
594 752 5144408 9924368	
476 106 61355 7092681	
503 231 7880064 3769180	
770 596 5737509 7011293	
61 811 9278405 7937669	
802 954 1726026 6176111	
510 477 3603391 6783049	
615 697 1841351 4402085	
179 714 6525760 6618392	
935 88 6509470 6313737	
411 938 3670504 2485781	
793 610 7726944 9789184	
471 951 610663 447602	
285 393 3833482 8893959	
32 735 9870347 4644491	
487 125 3813720 2968900	
411 546 6975790 4782737	
791 124 9675922 5225577	
71 980 8834399 5778967	
604 736 5902855 1331705	
25 418 8697366 5469547	
208 445 4383868 4430409	
689 974 8581895 2779980	
766 615 2465746 9038603	
424 927 8394977 8550441	
905 99 4726637 3144254	
470 371 9412578 3618925	
57 517 7047263 5346898	
229 719 3972345 9874455	
725 387 8216224 6765152	
876 557 8946780 7777858	
191 948 2182320 3098038	
127 261 583084 2110958	
690 909 3904561 5732242	
520 746 1401850 7195976	
15 148 9490588 4353448	
26 685 3704826 9768638	
584 748 1555463 351181	
875 546 5070894 8917846	
491 712 6789824 2267488	
518 833 2439205 7321330	
700 44 6890980 280670	
252 5 4679206 1061633	
593 923 3535409 4773443	
651 613 2057941 1715603	
289 153 7689349 3637533	
148 383 9035136 1065265	
751 89 9764334 903296	
198 69 1150383 1138345	
486 824 9837338 3406704	
323 166 954250 411818	
775 481 7464259 9450026	
924 762 8983893 1141968	
765 89 8059759 7958477	
187 55 2346052 2139203	
405 666 7857789 5034378	
567 386 3830872 4439262	
193 809 8187637 7859846	
351 955 3902276 9771775	
905 314 544359 2435918	
484 693 471130 3476934	
26 71 4219476 5872222	
446 217 3982889 2670875	
359 787 7782257 5747089	
224 155 8581356 615497	
427 859 9216501 8967561	
552 606 3064359 1415921	
569 82 9193388 684751	
462 958 3040812 8957573	
348 724 8305599 2298456	
827 804 750444 1630673	
742 940 8280709 4317385	
45 238 4815130 1549795	
859 356 6074637 1833104	
205 390 741680 1507415	
342 198 1334854 4845477	
104 641 3877273 8582777	
448 275 7013184 7989207	
234 605 739688 3291560	
790 676 1380112 3711904	
463 647 4166285 9405076	
98 84 4141937 3163888	
426 367 4031337 8659704	
923 206 9201023 3129987	
824 234 808508 6004351	
159 947 9797629 6111217	
697 311 4651116 832860	
352 566 351962 9516089	
432 785 2421331 2160480	
305 277 6186422 928441	
760 854 5940683 2416321	
150 444 4201322 8834539	
212 375 9823994 8214448	
119 777 7292987 1020602	
560 536 1861544 1761487	
527 693 9082202 317333	
587 788 1333674 6822770	
72 322 5384896 1729569	
96 133 2039318 1756848	
385 488 8193993 7717182	
466 927 131795 6846428	
956 334 3727397 9160853	
238 317 9420749 499115	
936 176 5144408 1706602	
95 469 5768230 8279510	
43 618 5649468 8861219	
383 851 7831444 1660348	
785 885 7498130 4615426	
783 905 8520642 6858200	
487 845 925673 5388587	
37 575 3775651 2453754	
120 233 7963904 9111387	
692 354 7462892 3793336	
803 104 265485 6432977	
684 681 5250327 752152	
953 666 3077970 3302892	
181 750 5490488 9538364	
404 246 4011090 1733531	
541 59 1365341 7379154	
553 280 1351030 7133835	
422 321 4950975 2894321	
511 937 5319097 869854	
28 671 7960513 2515727	
464 155 7750527 8099225	
263 451 3572725 7791119	
978 624 2839919 2304155	
71 257 8866806 1507680	
810 558 6242030 1790273	
555 331 7007473 9961550	
786 843 9572192 6366641	
582 835 8469105 2864413	
765 546 4060349 5923045	
426 16 8606406 3687935	
271 584 9931378 1931525	
698 782 4896934 6344441	
346 805 4566192 4410142	
208 762 1657368 4045652	
355 617 3153915 2613059	
650 468 8098643 2456835	
970 786 1252893 3470283	
11 791 3160636 4534634	
328 18 5286964 5508252	
339 730 5243345 8255892	
401 455 2729946 8911541	
146 838 3179095 6336497	
946 285 9261733 935773	
978 666 6325617 9095707	
17 224 3870194 5650456	
888 127 6204032 4132071	
903 785 8708908 5848894	
402 510 4367778 8745866	
550 875 7109610 6308009	
285 652 346341 8688222	
944 432 7691603 1609446	
875 592 5992847 2664105	
712 555 1796071 941320	
996 886 491829 7439464	
168 809 4139593 8378197	
514 646 7089706 8553670	
367 141 1876715 6194910	
382 297 6853367 5391844	
293 185 5351020 3642068	
658 947 6745128 4356835	
154 554 5781630 5264517	
309 311 5311817 8440324	
931 77 6546864 9966680	
800 59 9762330 1858641	
727 840 7115723 7726523	
410 583 1376770 8817981	
153 357 4756174 5129782	
907 171 1740899 8297741	
28 78 5026592 7743287	
751 727 5855442 7096868	
866 45 1454153 9219240	
244 304 5774027 3580571	
231 422 8381941 7948131	
141 859 3843975 958867	
818 254 8608020 8148009	
41 862 7877663 4989148	
294 872 7704478 2306331	
555 604 1290731 3826629	
233 973 3798319 5420108	
600 304 5964290 1281472	
262 564 9720450 1973182	
397 431 3628284 2321949	
380 636 12926 3133336	
701 929 8586581 1146053	
737 650 2470819 3283700	
557 454 87087 3003168	
613 650 5735846 7090360	
382 37 5371099 2296417	
175 99 5651324 2742254	
516 75 7536128 2382649	
649 347 6119113 720084	
467 953 8760026 7918582	
912 962 6306841 4198948	
938 89 1256588 8101002	
143 35 2613791 3947452	
417 700 3640333 9324253	
105 950 456899 747960	
497 152 5933591 2349781	
827 94 1197308 3547162	
371 280 8592150 4904513	
953 348 9792532 1997846	
899 714 6948892 7857269	
755 312 4333762 4091510	
459 857 5925587 4719020	
913 625 8556745 7600023	
331 818 8943803 7574174	
441 897 4243531 8155252	
742 331 6630518 9423310	
772 277 5785708 3103216	
788 379 7791713 4363955	
919 857 9754003 6400152	
380 43 2698526 9344176	
763 729 5717751 3162378	
40 831 4231911 9277362	
20 695 8043301 6663774	
860 642 8698781 9063539	
134 369 8416565 6130978	
159 270 2032267 7817642	
388 605 1535649 3814112	
414 349 3924704 1593842	
812 17 7500324 7559154	
889 460 2586233 661750	
34 609 8284893 3329686	
927 122 7906898 3319741	
104 406 4950725 438039	
276 353 9770694 2418903	
451 335 93919 6440832	
982 486 8191786 565692	
549 488 1111558 610670	
310 981 5438720 6386791	
