304 598 4292371 6307522 7662644	
144 835 8084038 9476691 4488398	
42 415 4800444 6271013 3516015	
52 478 2966511 7024517 2678098	
917 580 8499522 6795961 8261595	
674 964 6125668 737536 7994628	
759 982 8653742 5027170 6186263	
121 211 6859374 356500 3140066	
624 509 8979662 3128614 9587446	
98 198 73552 6100648 2611394	
41 940 204577 7639770 1420143	
170 736 6155995 8324449 7671567	
183 569 3882398 4328675 9663666	
30 595 9322702 8812987 3409573	
485 741 4015659 7792494 3155707	
296 226 690916 3765263 9750946	
877 590 1474319 6467538 2598187	
500 591 4614040 1567538 2057873	
789 981 3520590 603123 4781254	
951 952 4688125 6816381 2737046	
278 869 6846700 4454321 1036	
864 808 8464898 8953003 2903434	
197 995 4539063 5287041 7144788	
705 568 9768298 2389360 9128693	
67 167 4122878 9359323 3217749	
3 944 225484 8127848 9857817	
439 128 4782267 6176253 8644618	
986 520 3052696 1134405 732832	
859 408 8775434 8426774 4628812	
260 392 6514386 7288846 6223977	
218 346 1715833 967276 1525563	
413 338 8839911 8158721 6394809	
167 952 2850498 7946150 9189178	
872 451 7760568 2649937 2538024	
505 157 6211900 3883040 1879896	
553 806 9734516 8550613 5000397	
916 455 3837993 329718 1592495	
836 273 6517261 896142 1839030	
199 4 7172036 5901246 6381099	
210 273 8961012 8477488 6127254	
192 659 4441529 6966958 4872775	
451 906 2768820 3275738 3281705	
919 600 1667332 4842840 8421605	
587 594 148152 3166144 2703097	
93 687 2989213 383367 6124773	
1 88 4710863 6074996 8695707	
983 875 8726422 6655424 6274545	
925 482 9236062 3068427 3481130	
892 632 4000181 2690666 5869124	
311 637 2411348 6785455 251548	
837 483 9664404 8203044 7496903	
460 242 3837600 9374771 6189158	
882 534 9334749 6188825 6379803	
133 605 6072958 231103 2973904	
484 65 519319 9600054 3903851	
801 161 3042722 8429043 7013050	
582 38 1023416 6490174 143861	
601 537 1025557 7202205 9413651	
699 706 3328487 1305179 9826341	
77 64 3729332 1855292 3533054	
211 317 3094156 9595308 9107777	
216 491 7814693 6651874 772953	
54 278 197454 3267539 9896490	
437 764 2888922 8086428 3724352	
592 72 213225 2647650 7408455	
87 689 8691481 6290438 4554838	
47 603 3083050 1826709 3609657	
785 441 1600077 2405357 2964033	
891 662 8573054 9425115 1092538	
407 923 2478232 4350795 683469	
869 643 7671571 8632900 3757758	
796 171 5993468 1774805 4044729	
855 709 5971704 317468 6136441	
374 100 7313808 7504143 2264171	
591 145 6367893 4387098 5455834	
614 147 350599 2951038 4270600	
458 708 8480415 7717685 374607	
46 554 2083561 9769362 3830818	
811 437 9705849 9083370 2786156	
785 305 971378 7546359 2427212	
117 492 5028922 3414100 6760397	
832 13 1529998 4552308 8954080	
37 318 7379897 2870187 4552235	
312 398 745558 6759477 7833393	
883 596 4662517 7816600 9760083	
614 321 6595371 7634360 477425	
355 229 5747483 3758986 2752221	
891 736 3649660 4251333 385392	
279 845 5513004 1354429 3247454	
706 339 7428704 3016775 6843897	
156 151 2098193 7516441 7509692	
712 130 3509702 8245637 4403340	
670 739 8900752 7684849 4576023	
127 605 1352921 5996496 1562838	
959 921 6324497 2584790 8947112	
394 758 8383258 4531490 4161059	
368 432 4944193 5275977 4757533	
917 672 1611718 8627515 7243997	
622 905 2491506 9126096 4178261	
913 994 9793845 4009615 5405116	
826 390 1632166 6595598 4254113	
466 233 1123450 5180774 7309424	
465 218 6632100 2622947 8391306	
637 426 3363416 816584 1596050	
639 43 7404385 384324 3869084	
62 406 9968281 9318092 5884603	
97 933 9636207 1003308 2344869	
772 575 9746360 9653136 2637058	
212 977 501959 7839595 8600726	
164 834 5522204 9373350 2553414	
988 984 4829845 9135616 8220783	
873 80 7477559 3710993 9844532	
297 520 5451718 6840575 1862161	
91 447 3514928 5533208 8428662	
60 680 7093877 2117088 7427951	
217 332 6566709 2253940 6478181	
773 741 6782761 9786998 1209956	
117 41 1532491 9362942 2158865	
830 37 1045342 9305954 699493	
169 833 9878375 6577864 4738096	
360 223 6114481 8188861 5748967	
192 30 2865479 9347582 7464048	
912 367 1805711 7261060 9720692	
874 767 172398 1536437 7916739	
151 146 7642799 2969477 144809	
751 32 1763433 8313656 3235629	
881 820 1414244 443822 2621671	
878 541 153431 8215834 3732600	
144 515 2925731 6320419 3228777	
356 124 1745184 3312510 5187722	
816 810 420462 15407 4105992	
516 309 1769931 2766013 9936373	
167 582 569528 9854526 7610526	
119 935 7281388 8085200 5686694	
31 519 7402291 9667854 5723026	
184 725 7999166 5356091 5702557	
872 798 4523477 4315982 858688	
140 940 2165041 9870431 8581911	
796 926 735624 4955592 9477379	
818 425 4447497 272719 4200057	
692 848 9475423 6891477 3818375	
445 569 8241118 7363363 4481762	
83 59 6968079 4837876 7989369	
204 996 3283753 4952266 1228897	
930 582 7262973 4216973 5306232	
114 43 9580573 9808879 6780443	
597 377 8176004 7636049 7102202	
938 451 1651508 7961136 9231784	
394 925 1051889 7717672 4624289	
611 32 1198012 9117945 5559281	
675 529 9735965 9867347 5323061	
166 426 1333224 4425060 2158095	
228 75 5697953 3125327 1529620	
506 541 9281755 226927 451268	
786 880 6920649 365479 2622328	
413 649 5199896 7261745 6597893	
858 533 8978058 6821543 7442013	
82 639 9216623 7416558 9262448	
703 518 7592106 302504 7391020	
143 403 3407961 646058 5846049	
208 829 8604235 952638 4185980	
538 900 1699677 6002306 8932851	
620 690 6781996 5959274 3676206	
860 987 895996 1802103 8044252	
595 963 6757037 4463653 6134271	
771 718 632629 4427155 6996540	
744 843 3930145 3220150 4275596	
865 461 2407611 7456843 7525928	
972 907 3301706 6300159 3653577	
949 832 3570112 6376008 6236133	
161 722 1532700 70925 8168204	
17 134 6563415 6864805 3743388	
420 717 4622400 9865696 1514886	
353 734 7799312 2058176 8761345	
989 210 8392742 4762310 1826471	
88 580 4820196 5249596 7644937	
46 89 4547486 9989027 693747	
214 795 6972755 8669565 8323404	
140 852 8400981 9579932 3536052	
571 185 1042811 7316741 3437132	
715 406 4276829 7051562 4148167	
510 278 968255 148683 2050029	
176 268 3707683 5666887 2037072	
29 453 4137382 9720577 7915024	
260 611 2121472 3081973 3359617	
950 585 8307218 7218745 423961	
91 866 5093853 4952392 2551452	
329 611 2517866 3853822 8504995	
75 455 3460942 6650594 7496662	
624 391 7489171 7763854 8378253	
28 585 154731 7608430 8228537	
379 235 5342384 2885284 7802953	
276 947 3406889 4848067 4414953	
21 526 9668119 9608529 2115983	
220 574 4807380 740785 4763169	
188 922 2255133 8158588 680849	
815 80 1485659 2291586 5136039	
415 744 7521618 8123240 4880832	
697 25 5483417 6454419 5213376	
370 257 7738320 3519721 8837770	
224 118 686075 1354744 7737770	
821 760 5684825 9801866 4002889	
540 582 5086438 3926131 3577833	
427 564 7113765 6019120 2917742	
881 56 5865012 5183382 4929326	
8 167 7154065 9771648 7317525	
711 38 8905058 9022018 892080	
413 221 1267900 2290341 4348127	
985 32 9360340 7001441 9303277	
267 136 8788020 1417223 8201659	
759 230 4001183 5195477 1582411	
821 523 7398242 6478581 7780635	
620 770 2423155 5144198 9039290	
951 12 8082220 5959675 9805306	
920 366 3193963 6801870 5173311	
804 356 8683075 2030756 5905138	
593 379 3118128 9234834 2058265	
961 187 6601565 3129713 54551	
414 183 861243 4634602 4703105	
60 175 5939805 3877393 4478620	
937 57 342953 2036767 6440259	
680 881 3701427 1554962 5978370	
953 653 4254763 9263668 4737157	
993 60 7608340 7683885 4673840	
263 536 7953210 9778078 1024154	
70 717 6559613 2591000 8913484	
768 182 7647905 2768570 7753605	
992 831 4519116 5785527 1727262	
333 319 9573843 6906092 2516850	
905 195 6801918 8018370 5653366	
673 463 8094182 2403899 3351109	
922 501 6999197 860017 636368	
561 29 6741009 1563520 5811837	
367 479 7539832 7113148 5530289	
957 465 5229258 2849500 7872179	
184 533 222027 4237288 2244864	
313 439 8502455 9683124 1625018	
461 100 9586209 8969856 3116631	
143 214 9908819 9157441 4385040	
929 705 6395509 3518826 3386005	
188 10 7956916 9081198 5634405	
993 453 4510685 2276404 344137	
890 335 8366826 2148140 1465510	
293 544 6541733 8214963 6400609	
683 967 1238970 3400484 1377973	
81 241 9511209 4155188 8752195	
586 521 7441857 7968633 30957	
719 603 8364481 5094557 4880462	
903 288 8835437 1390252 5550982	
391 216 1496596 5375782 4382062	
404 397 1934977 7319486 432070	
757 86 2706692 7433211 8311083	
225 103 6204118 9374688 9378239	
626 866 2948031 6468865 9967635	
862 445 8883168 9984408 1560353	
895 561 351717 6335577 4146409	
74 384 9581596 7888597 3645176	
933 919 4448125 1812357 919575	
176 953 8545761 489701 8592045	
305 785 1912597 2336427 9675744	
237 951 3964707 8721925 4410001	
246 789 6750050 7769576 9473192	
933 161 845836 3209416 4951885	
570 876 9847436 4661078 4931358	
348 123 4025410 6196517 627047	
751 356 8023752 1726425 4501491	
879 57 8944799 53377 7404773	
775 346 8482203 6406314 9748108	
475 580 489489 3806684 4315123	
984 692 5661282 4053421 6643569	
846 520 1311393 4043636 8789973	
527 748 6100900 5934455 6259923	
965 261 4485224 2997583 6625853	
245 630 5973725 7453049 8473757	
110 726 6621018 2162035 2510360	
763 942 5357140 6081464 2368899	
951 344 4814975 910694 4928466	
329 283 9770359 2801629 5601648	
713 44 5388267 1579477 9132640	
460 226 7984312 1418919 8780889	
191 650 8502267 1548216 8526131	
788 917 6051393 4245570 4798108	
546 822 3141229 7684043 7551312	
567 841 911866 6789696 8017532	
129 11 7655681 3894203 5796251	
197 791 4476605 9748887 2370321	
196 806 2068640 5362822 6231577	
776 619 4921993 2743971 8801710	
377 438 6951249 2267415 1359010	
131 836 2262113 708533 8478195	
883 80 7208392 7508910 3535584	
971 739 4095839 9375132 1381672	
980 155 3802554 1284358 3307524	
865 326 6267737 1780929 7785557	
993 747 5683566 1578521 2688407	
461 892 9981710 9354137 8742594	
163 796 6960735 285741 7033304	
977 897 1555091 6767441 7758844	
6 805 9756564 1578752 9584966	
329 325 3396957 5977694 5944304	
442 357 850784 8852123 6556315	
347 562 9453081 6406243 6675993	
838 873 2479121 9237732 490461	
515 526 2191670 9718755 5569290	
290 696 9668987 6321331 1701662	
276 573 5592218 9207872 1622002	
920 735 2336893 2970754 8669217	
468 568 9722751 2410772 9157042	
730 669 2594686 5140496 2765328	
695 296 9417321 378058 5699690	
491 891 1132129 5277572 3916987	
457 346 3094195 7151481 1382236	
554 205 7130497 4011492 7336305	
682 445 7423479 9707543 8090751	
946 546 8803695 3896183 9339087	
915 223 4889273 9193685 8327605	
47 879 6677728 1231366 8712819	
765 327 8037009 8406714 6019117	
241 736 3262793 8159841 2657460	
387 837 7274982 4915493 2013009	
390 829 8372857 7744021 9805592	
728 960 2784027 1854948 7874165	
650 533 6636978 9404247 1632905	
937 67 6564550 4283906 9587533	
163 49 3804624 2996545 7820469	
905 206 2507650 6506412 3645505	
412 515 9006212 2509739 4098087	
126 420 3306361 4141206 9024999	
575 391 1248053 7217937 6855282	
169 284 5635453 1880575 7645918	
45 947 6157283 2534226 9322641	
886 343 8660283 2833555 7899790	
377 849 5413671 7288535 3705387	
97 315 9282305 1810585 5409279	
370 363 3264389 2720748 6055255	
909 203 7540280 3463667 8167021	
569 928 9721076 3558983 2912683	
34 746 9507116 3254273 9794521	
532 488 2362219 3913480 392083	
380 949 7465849 5311974 6543810	
357 171 8429881 9605144 5221124	
30 810 1619651 2572732 2934494	
537 701 4065098 5063161 6897031	
163 710 2120777 120209 2839873	
980 152 9104889 9043488 4404079	
860 388 5785009 8528633 9298715	
112 463 6730363 8954792 4934842	
786 826 6205267 5509923 6746019	
354 524 5825190 7852927 8768100	
625 898 7904314 4285404 3391187	
905 419 3879385 4989843 2457770	
825 75 5791461 8157175 2264987	
660 911 3151835 5032218 6428569	
622 107 2190172 2885557 8423660	
331 104 7833040 9570631 6359855	
525 87 2654967 6297752 34051	
308 725 8607208 9508930 893035	
494 969 9080839 536949 952415	
561 451 349419 1167737 3729712	
760 214 6769738 5319199 1798653	
930 222 8128811 4040849 8423789	
848 898 6678086 9641883 9802427	
496 540 8920750 657288 6807622	
692 353 4696047 1255943 3150393	
315 364 3898254 4717578 5195736	
842 77 8052945 1735954 1157250	
704 276 5953063 6334845 2623049	
709 468 7927532 8501038 6670604	
434 306 2768730 6040313 1667941	
437 695 8021387 7166968 708376	
640 940 2186718 8392646 1159249	
494 831 4680594 9457787 5394589	
988 561 1771601 9406359 2865194	
312 258 1410217 8057975 5796576	
678 815 9924126 9579954 4143481	
334 221 4334838 8305466 6885189	
118 182 8548803 4471755 8949927	
651 305 6343309 9277432 9839689	
732 304 4866278 9956732 7847186	
2 594 3027211 2289657 7752341	
192 505 2546113 1120260 5263611	
271 214 4201220 3562681 910176	
505 255 9197443 2158477 2468415	
813 981 4521790 6557265 42999	
843 284 3558235 3626968 8719787	
821 940 2427334 9848284 320463	
657 424 7574931 1816290 5599784	
718 599 5898683 8209237 2551368	
650 279 6457447 8737894 725102	
34 825 1379986 2466184 9098261	
418 265 9427998 314540 7736027	
504 453 6351788 8489264 1351407	
129 614 6052176 2136240 8414169	
222 859 2962563 6804343 7196495	
437 497 9962411 520551 5379490	
470 919 2068959 5821428 1893427	
944 473 2245763 6629862 3422266	
534 24 2499510 3490626 5105449	
900 134 1686310 8438092 949121	
178 62 7162857 9219481 8356149	
514 940 3740414 2243417 2981155	
653 589 1911511 959162 4499901	
209 910 2532298 2336546 4497049	
103 700 5367050 4669270 9733746	
382 76 6156229 4043433 3369448	
935 506 1766108 2215560 815339	
734 318 3496193 9108627 8080541	
316 463 3935487 9660846 2608017	
64 511 3083119 1068931 5096338	
207 256 6108819 346862 7053272	
462 669 1918013 9687127 8153849	
506 346 3620504 3787192 7341406	
242 159 4340176 6937880 3144355	
679 802 9785466 278302 5362121	
541 893 356839 9235111 6742916	
976 523 2656302 4772624 2738229	
489 828 3245896 509142 1086046	
726 511 255096 1033465 1681640	
23 2 976605 3578532 7097600	
442 415 4483194 5646491 7712638	
912 840 9783287 768991 3231462	
477 182 6610274 5923964 513922	
340 420 8049842 1668905 2390472	
724 268 331731 1712410 7487423	
406 931 5976523 1052801 2532519	
456 551 7717143 1623508 3593396	
294 614 2257420 5254680 625735	
705 749 9720484 9047074 6384182	
390 37 3828637 8774820 2661956	
746 916 6551833 3500336 3393922	
599 720 7713448 4907317 3997622	
127 310 3076379 6003914 5414379	
221 740 1440345 8654568 6246671	
386 741 1853256 1048506 3084975	
254 108 5455710 1368570 2033058	
84 323 5652694 5773831 9256475	
671 498 274606 8169850 7394383	
986 387 4046780 4375709 7369999	
296 64 5284602 478879 2009569	
318 244 9533201 2511227 707884	
141 908 1260975 6938723 1227669	
781 335 2693201 8964272 2782368	
701 59 1279638 256256 5478419	
646 311 1024439 5226175 8995726	
515 631 5517045 4801964 9681083	
591 538 9635673 4449499 4362804	
482 261 7745743 2780256 3061338	
133 517 7006439 1600133 4768920	
817 738 8187736 7934048 1880951	
412 782 4070319 8322636 68173	
259 257 6180642 2514519 1661297	
844 884 7902766 5096642 5476814	
89 604 1550601 8863159 5721702	
613 177 1889989 5006164 1842170	
846 170 5978201 1633160 7454453	
297 270 6896813 7047590 8745944	
120 607 2110480 1288733 6465060	
964 156 8070371 9108706 3280785	
633 602 3032527 8050855 2026774	
926 226 6126822 288039 6175736	
990 241 3618852 5954045 8334729	
957 628 2375196 7103232 3166707	
793 115 5198308 4796285 7715157	
196 654 6728967 7091051 6350308	
532 442 161387 1706322 9075370	
153 149 6790543 4387933 800443	
620 165 4046220 4754569 8253520	
176 268 339056 4468916 4138858	
154 193 7491748 1818654 9942487	
524 230 4251665 7723007 3846251	
508 709 1184943 6828304 9164928	
700 116 9873498 1359309 4060807	
683 729 424161 6247063 1911356	
16 194 2990365 6406362 2215022	
374 903 8454323 495999 2704399	
454 656 7865345 5092363 6642837	
125 906 6863871 6545605 4513622	
793 176 9043558 7529401 175993	
545 594 1168039 7274835 3649861	
564 162 4749680 9892427 5311086	
506 552 4695392 6483373 1875286	
908 165 3545418 2015972 8559208	
420 544 1411616 6900420 7649820	
576 431 7818957 6690749 7909197	
223 865 2091220 3710131 7080974	
346 213 8426272 3008016 857468	
404 583 5161476 3037012 82728	
885 87 4984799 7334093 9227822	
525 174 2996055 2679851 8511738	
683 184 471772 8684168 2951409	
935 121 1449892 6839547 6170484	
986 936 7498093 3740753 8003416	
83 628 1669065 493899 6090014	
829 678 833240 5725019 3500176	
620 719 8229224 2015409 2693972	
135 182 5753352 4300049 8639003	
767 641 3493552 3237829 5096318	
566 18 1195139 2935901 4371056	
766 670 6308805 8470676 3735548	
262 447 678645 7302435 6065389	
69 140 818708 6922867 1602118	
865 391 3489351 9164519 1729444	
852 745 9868991 3464431 9849797	
253 911 2085617 7204868 6617555	
812 942 8480050 2892150 5216866	
215 584 3836610 6251082 2997493	
713 597 5914932 3400393 5959317	
924 24 303868 4079815 204629	
74 839 7199799 6034611 9907556	
396 881 6104686 2286964 6176012	
481 473 7189590 6176130 3499770	
307 568 4499849 2602607 3894082	
465 181 4209678 3917462 1633102	
481 46 4453066 9144543 834696	
564 191 4083897 4118393 2045743	
76 85 1032233 2893619 4955297	
194 45 7845219 6424169 9139302	
974 485 2930466 1903154 836687	
203 579 8749816 421660 8315910	
225 889 5620830 4135768 6040650	
556 298 8025379 5443405 6996107	
358 5 5731945 2851201 7419007	
382 805 8018729 7762846 970997	
345 206 7232460 7215055 1678934	
780 125 722894 7037267 9314658	
495 762 3271944 9041383 7386501	
137 297 1292532 7030903 6830071	
84 160 7677580 9699533 8299505	
373 824 5604600 4624885 2855907	
615 297 2562057 793956 3273889	
544 197 2759236 6252689 9761043	
654 639 1071584 3799591 3265652	
379 960 8182510 3995066 6679632	
865 785 3742742 5342332 8999113	
924 526 8361158 1125023 2938675	
474 276 7928653 3454429 4462252	
224 169 186278 3224328 2965998	
631 878 952137 7949475 3343141	
44 528 3768336 8023702 5224143	
298 55 941648 5052828 9592212	
37 188 3936087 3165677 2737554	
121 763 1494364 5091930 7773082	
349 848 5404865 8549108 4122715	
426 292 1831015 9384967 4803287	
623 941 2552717 5892016 3585482	
915 319 7009888 7992200 9016857	
532 526 220619 2409830 8428840	
844 8 6806427 8577871 8278684	
494 722 4085116 1499374 4311387	
477 512 1032826 7400268 5025717	
940 957 3985464 7585256 4633234	
400 928 3008316 2606697 1114211	
611 810 7333349 8808555 7879594	
821 382 4318974 6330584 4236771	
630 303 4239348 1818973 293339	
345 627 9261850 4575948 7033220	
759 76 5368095 6837546 4132822	
831 281 1324981 656176 5952984	
101 996 8037237 3636392 9196090	
853 565 4160229 1996610 5264485	
704 398 4587388 8869635 3724778	
949 212 8206379 1671579 8252371	
979 335 5529273 5320422 8465717	
368 24 7908752 4053934 8728578	
552 954 9174531 4771931 5156233	
195 421 2939386 9477203 9407015	
218 304 7376993 7041239 1778359	
857 196 9875411 5670476 2834980	
962 707 7395997 3377751 9290307	
747 610 4923824 9834271 5712411	
555 107 6415739 7726681 2886934	
345 924 8944949 9815146 1652906	
133 642 2585639 7006468 9319607	
573 400 5821100 8448145 4692186	
302 76 3121877 3974356 3988300	
298 862 5134035 1767060 735574	
704 588 5430264 3141387 7520237	
792 921 8206101 2611366 2439454	
731 908 4750817 4741557 6487275	
734 31 8962592 6714357 1425620	
13 672 9328976 1796133 94079	
790 670 4241720 8099135 7142179	
603 429 9221060 5783016 8112593	
132 60 4479640 4881883 4821803	
333 735 6523427 9252621 9512723	
273 999 3513938 2561936 2575566	
603 299 209708 3093760 4308394	
500 592 3206701 6743360 4408500	
35 275 5177022 1976510 4414411	
747 877 4468965 510175 8355116	
754 386 6330506 2013425 3376172	
209 614 5194636 4410191 5278417	
802 721 7557873 3258404 8765198	
157 790 4710532 9434470 3485326	
56 725 378934 7250877 5012448	
409 714 8880279 4545 1531677	
341 125 5053952 7527457 4075906	
625 924 6714365 6576381 5564630	
906 258 4284163 4043687 1659592	
169 530 2361596 6778227 5380364	
211 566 8901059 1869226 7884431	
556 998 9401344 5876636 2190639	
92 804 5324667 137133 42137	
642 876 2137830 9343279 1627787	
717 857 8530619 3055376 8728820	
533 378 9918014 3543207 602294	
366 944 591699 5105165 4426122	
897 317 2466292 4318606 3772475	
15 345 1626182 4090353 7552122	
776 357 1133088 3753898 6155935	
915 766 8114796 5681858 2933770	
226 181 7904815 9409330 5940853	
813 888 6168723 8392724 3974251	
92 722 345102 6352383 6071264	
245 648 5551365 6912537 3421824	
52 281 1113018 7175048 733023	
385 325 7544746 343971 6369550	
565 993 498514 5274650 9485685	
262 553 5322393 8128672 4939188	
773 824 8742090 4848807 1658189	
743 996 3024951 5992864 5865221	
461 962 6254975 3808056 7865335	
606 486 8063806 5180233 1930829	
149 296 2185655 336388 2172992	
182 139 5870111 7090468 8461103	
45 399 9343456 6759603 546028	
493 85 9920259 1486278 5234674	
53 287 8396431 611212 8462559	
569 213 8266462 8445334 5214262	
311 78 2217854 2775426 6002437	
622 524 9287816 1021559 9081257	
728 545 3566808 9559403 5629422	
63 497 4068492 1936778 2003348	
837 481 7517261 8323100 1417530	
931 175 1619224 612475 729442	
857 745 6945597 5771383 1301977	
158 484 5634826 1005387 2783956	
230 818 3497806 6228896 3436991	
225 713 2358923 7817428 2968324	
70 728 3425265 3794824 6411116	
219 934 3525527 7097468 2645767	
891 235 8438308 3959635 8320349	
965 617 2732210 8341821 6395249	
708 216 564689 7753776 4075115	
919 618 4108712 1391561 4025831	
80 350 9339649 1629281 9801897	
771 243 5856180 8525358 5693472	
988 257 9073546 1799795 1393908	
239 87 355988 1970087 8529500	
483 489 7736793 965671 1998941	
393 927 7891222 8058066 2735245	
858 908 5609702 3828954 7270848	
926 25 7492230 8458236 9605844	
783 249 2805068 9199578 3927579	
209 798 4031675 1430297 661219	
190 903 8882803 6015128 5109284	
604 9 3805022 2780766 9292981	
923 270 8853368 7734269 5947405	
529 244 6388174 6286076 1590230	
125 311 7140774 146647 7302818	
904 732 2127449 6973903 9653283	
66 345 3063184 8352735 9356396	
239 230 1428926 2337509 2682623	
692 441 2032697 3905048 529225	
312 23 7382477 2922036 1876813	
448 249 6892074 5285031 3906867	
563 893 9880731 4336458 7624771	
31 498 5622889 7899315 2581917	
613 199 5370251 355109 632512	
625 907 1267568 5490764 7022313	
996 135 3285189 6656322 6461896	
818 742 7158205 5594990 9719525	
125 608 9179003 1598446 9144359	
804 795 6773086 555768 4453337	
672 109 9466662 4410139 2360914	
764 153 4251882 5314693 2249245	
95 395 2403338 6438440 4215835	
255 683 9337573 4215881 5698020	
721 846 5125955 3612012 1205037	
248 856 5524615 8514258 2143147	
953 817 278897 2187661 8138786	
23 123 6695459 3189911 3443113	
385 416 4157249 5556379 4770777	
459 821 8798265 7002058 2439517	
310 687 2389494 4562740 6156510	
397 283 9371619 6461795 2420831	
940 336 2879802 8864334 706282	
643 563 7854001 6727719 9595297	
866 736 8635830 4640175 495867	
887 36 851742 8416756 6942557	
703 176 7526390 7285473 7470540	
283 885 7796498 7744392 4874121	
649 994 1429730 7817427 3261656	
648 407 6004661 539230 6555640	
654 523 3241227 4949523 4531331	
336 887 7475463 2746893 6460276	
227 473 8303983 6998517 1919187	
596 772 9652441 7243820 3403628	
474 785 4724457 6266244 8834065	
851 757 5054688 1123029 3536637	
820 737 9294645 604506 5461883	
695 433 4190454 2099997 1490178	
19 492 9702915 3404545 3478006	
584 100 7894703 2413787 9371724	
461 183 6426100 2655641 6405540	
106 445 5264719 4009419 3596592	
519 46 6006854 1974115 8106649	
448 800 3144787 2020117 8152883	
620 68 6037761 9001840 873002	
204 837 4729198 1109225 6699420	
46 129 3944242 779121 2275517	
892 682 6082523 2671021 3258701	
954 635 7259974 5422991 3044630	
673 582 3707365 1932292 6307183	
17 181 6818460 5879728 9193687	
573 466 1202170 6517140 1900883	
86 885 3220493 6141163 4941753	
142 972 3342238 2012575 666341	
792 661 326601 252356 662452	
898 767 357987 8772476 1994386	
577 806 7636963 6109298 6225850	
96 259 9317053 4152498 3983866	
635 23 5102214 4312882 8701492	
299 162 6948881 8378294 2632032	
512 142 2892180 3566337 5954979	
41 690 6134083 4299751 2665807	
567 604 3934272 4901421 3051755	
331 550 1046287 522883 9062896	
337 10 233861 9289202 8316389	
126 335 8512487 6292823 5213885	
924 856 7453011 7214903 853511	
944 337 567114 2787528 9144373	
870 925 3769657 9702045 1717850	
709 309 9696183 7879904 6997021	
626 629 9481242 8117217 988925	
528 177 8496213 6876084 9190806	
662 67 3158749 7127005 5953888	
591 286 5311300 3028314 4510191	
457 422 4244061 8570521 6044006	
567 290 2850820 3875844 8635592	
83 831 7535011 5936279 4721074	
877 434 3461341 9018106 7924637	
888 829 2128348 4313797 4431116	
25 599 8007247 5646342 260200	
818 8 8932366 8764293 3396694	
703 132 6369010 971642 9895573	
229 581 6246583 3627729 2474281	
773 200 4944785 300467 1497625	
691 127 901558 7564866 6304683	
289 123 2284857 5157239 2688491	
142 906 5195866 4046669 1537907	
706 905 7184490 8707272 3707558	
940 809 2834427 6292669 1239740	
51 962 5615606 5961722 2428544	
806 138 5638482 6369534 2749762	
338 883 5871182 4844595 1622966	
399 182 2632187 3156048 6216083	
733 899 9913028 5707606 8066343	
264 757 3626758 2695849 2841945	
30 627 1102155 4774554 4522162	
210 664 5976704 6606426 3131495	
794 566 8334594 7576917 764503	
734 326 1444643 6942106 9411582	
151 772 8048661 7316561 3154329	
994 707 8623658 9612308 8910465	
515 112 7414374 9931827 1635497	
936 980 440407 2491766 7874205	
808 510 5086520 3492183 4101496	
648 293 8558595 3777337 8302761	
544 646 816346 2777758 8778836	
693 452 5290474 8190735 6821261	
966 607 400110 1761796 604991	
148 262 8497378 1284518 4570115	
872 142 5847852 4987583 1865668	
371 784 1917095 6913997 7940902	
66 268 2996123 4350650 6366299	
52 785 9173295 2940291 3262158	
434 147 1370809 7430393 7972453	
914 202 8050472 8768573 577845	
487 368 5805730 5984013 4281407	
593 552 4731160 903720 5895425	
831 965 3715289 3953052 9491306	
538 814 1617243 3369403 3965822	
456 796 5216688 9165476 9851939	
536 477 8753737 3740571 4899924	
885 165 5450539 2144719 7401339	
343 105 7854988 9306486 469636	
243 912 2232987 2334568 6862023	
187 14 3609346 3026802 7410548	
2 549 1921767 5622810 4714549	
396 381 754232 8026588 4729759	
744 376 3160770 1856462 4212399	
236 365 3560399 5674837 351350	
561 970 5605066 646577 8637331	
64 654 7895614 3302029 746768	
804 849 1210623 7426893 8665739	
342 182 1220558 7607481 7391898	
816 609 5942682 5287566 6101719	
626 603 2647423 9112221 1106855	
866 332 1378430 3317471 3628145	
605 551 6440155 7795700 8189260	
15 614 944166 9146058 3139176	
469 600 2842292 7206637 6766927	
805 124 8934556 7220979 3052264	
350 342 5701798 6050375 8398814	
714 205 1849465 3777362 1025024	
372 962 1561326 5966374 7347030	
42 676 8442286 6727550 3163792	
871 233 1865461 1829047 818975	
527 643 9105562 8376323 6617994	
694 890 9521410 1179213 9862790	
278 833 4211106 9314077 5173579	
70 972 6530975 5243220 9075892	
755 687 3850543 4322087 5444742	
483 766 7472279 6015836 7975895	
460 217 5792886 3426376 7695228	
103 715 4445261 2851139 2932254	
637 406 5109848 2239631 9792082	
796 776 4200789 6305291 2879274	
810 762 9733722 3031548 7279124	
506 464 5190174 8665523 88684	
190 494 9727615 6299721 5653171	
763 21 1951326 869199 9715197	
32 647 3268581 3425935 1748301	
407 968 7559336 6496929 2336506	
859 457 2903892 816157 289496	
190 579 647940 7614122 5791136	
21 141 153212 3582805 4594296	
761 628 901709 2347910 2642966	
457 294 1021769 7955336 9180744	
716 209 3404814 272444 7753298	
706 98 8138635 9053283 1251697	
766 217 8168043 5936754 9001322	
101 565 7769873 4881126 5012652	
838 615 4147836 8634062 7225652	
841 127 2710110 7205392 2639357	
864 498 3592611 8786493 8370473	
137 970 8245369 4519061 6135268	
306 493 5628123 1479452 3299645	
858 670 254176 531937 491709	
992 58 9609695 8263334 5953371	
263 809 9357136 2866420 5365982	
699 781 6601875 1525694 4764035	
129 507 6006088 8158855 2331684	
986 897 227551 5934641 2353332	
330 965 633571 8599328 693225	
212 812 4489041 7244923 103989	
234 436 7182546 2084142 4254983	
315 628 3623248 957363 8604947	
535 281 8117854 6075132 6196330	
920 305 5572240 6379143 4915294	
80 126 5470056 1520405 4437422	
527 314 7652305 5422169 4133971	
991 460 6715225 5638922 1402076	
93 397 616066 6061506 3740468	
969 415 8798030 8121643 4359193	
101 295 2218907 923283 2133887	
885 877 508350 5541875 8431675	
293 144 9818768 2524458 913979	
970 532 9159699 3038872 3398723	
583 544 3546385 8511042 8004944	
699 910 7636343 896894 4037510	
352 194 4427109 2271310 2632725	
176 22 507882 1512846 4759449	
195 384 2066711 174441 7080814	
232 698 8252394 4508314 4933986	
455 558 7853473 4612896 4413928	
712 352 5140909 1670431 9354291	
298 626 7310717 7104126 7938915	
365 426 5624854 3261561 3244193	
908 698 5878233 8822993 4471233	
587 485 6126810 6629343 4859677	
398 446 308179 3979344 2028637	
821 538 5573689 6777674 8486609	
355 334 8037011 2816827 8385746	
722 884 8410591 5071050 6069968	
585 566 9698551 4993099 8854297	
383 498 5519990 8952112 2708832	
473 701 2251607 6503303 8351100	
777 743 8460726 9054192 3554615	
570 557 642047 853579 7246487	
280 972 1070410 8677630 1505467	
462 172 779474 6841723 6169411	
606 414 1039863 9788318 1999326	
736 336 6583421 7459211 5896003	
733 576 6616954 7966006 4777449	
822 441 2336989 4464034 3008564	
442 308 3837896 2981602 6922801	
858 153 9246057 5871358 6379252	
874 547 5223286 5170063 3874370	
237 730 6512979 1820353 2068060	
165 756 9173171 2535165 5794898	
403 667 5963374 9674109 9628576	
508 990 9146895 5599393 4742967	
582 669 339040 786654 1521594	
247 602 8212131 5300446 6711188	
565 897 4656722 167209 6061223	
449 563 3399340 2662928 5760023	
350 838 1104458 1177156 6205156	
215 514 9279734 2174136 4986502	
462 128 4682409 2091177 4649795	
394 725 7536601 7285699 7592284	
17 125 4303443 4106455 3082864	
744 276 1053166 4299842 5647642	
133 91 9377898 1946874 7402261	
564 955 4260788 6134031 6883305	
157 359 9705773 7263794 9205596	
719 568 5661078 3194487 2314367	
257 977 125322 2927373 8692367	
586 533 7040096 8228561 7243901	
314 916 7862427 2968592 6140207	
856 981 8988868 9183998 3437122	
762 108 8686024 775528 9135856	
323 781 9886282 3326886 5367975	
932 217 3267030 268269 478080	
747 279 8062922 6113165 3283334	
716 317 4382923 9214332 9154507	
652 904 765463 8875195 9335897	
881 325 8976742 2791278 5116027	
418 140 2456669 1432749 5143832	
167 376 4124222 1150180 830041	
386 787 6358273 4385826 5892755	
348 87 4872424 6986211 9367140	
738 921 6169606 3469446 6897324	
856 18 8137991 5869636 1934005	
830 383 9944347 5271984 6254539	
145 498 6910312 3833370 1129513	
298 161 779557 6436329 9758657	
941 382 5648360 5205912 8370884	
684 591 1786871 8462514 7912323	
711 239 4202444 4379588 1692527	
586 837 62067 9827959 3884825	
160 938 8499178 9664633 4112100	
274 723 2699888 3010141 5473775	
348 574 2797432 6549844 1668296	
573 650 290593 2566481 2610010	
74 222 7705462 5400804 4948332	
318 956 4960145 6188724 2612951	
458 53 3661495 8109437 9171141	
45 806 3929954 1985506 9884453	
330 925 6877404 1235414 2369228	
731 402 5695796 3630513 6886413	
856 704 5406275 7882028 735738	
283 82 5845663 1302773 5194149	
74 182 99795 3676545 5131993	
149 655 5277142 1351633 8651715	
395 676 33004 9689472 5574788	
944 150 4078498 1322278 2332177	
932 98 823934 6588714 3753972	
178 975 2420396 5247404 1026302	
473 488 2591842 4093379 6165236	
236 445 643269 6482494 9508969	
243 850 4602924 1165024 1097683	
582 446 4428729 93023 6720452	
199 363 3347481 4006727 7463220	
725 49 758350 8068010 8422978	
407 920 9908663 9887444 9339900	
875 784 2571227 8046235 7162137	
244 317 1682674 680825 9708817	
396 366 8984993 9202172 4372368	
563 274 5149964 3181323 7437754	
46 632 9495804 4223564 8813492	
672 952 8667455 8162153 864391	
788 588 2014543 1843515 7953628	
961 560 1460189 7155112 7254504	
386 504 3008116 5320714 7679741	
282 137 2061034 6158163 403965	
325 197 13292 2789046 9239337	
718 642 1927743 503292 5693152	
652 729 9484782 4937028 5360169	
246 25 23971 2711681 8944041	
166 22 520824 367106 8347848	
847 27 848327 5329662 2787647	
18 49 761461 9639813 2610004	
82 105 3608069 2221252 4588100	
198 584 4934333 6605728 4194844	
744 9 3322815 7372314 5447847	
556 725 4731511 4483683 7442415	
242 207 857722 8399241 6249265	
998 763 9751337 3708177 9996172	
511 599 6131969 7306751 9871865	
217 312 1043308 6506274 318507	
850 675 8038788 769607 3380744	
879 3 1867164 1105765 5884724	
809 549 2612878 7601575 5048995	
510 440 7670102 9076491 6133393	
387 139 6395680 4551809 6512973	
345 595 8990896 654400 9781263	
125 41 6177906 5312225 3733787	
400 270 8589837 7289635 818933	
333 577 9219880 6758814 5281443	
576 769 5301758 6512017 5180711	
621 854 1860487 7424259 1099611	
95 480 6595206 3923469 8423530	
83 608 4497725 7467202 2395303	
787 605 906683 775772 7324043	
993 91 5708655 1795453 1603189	
730 917 9311201 3956030 254647	
645 217 7695279 850590 264673	
539 23 3318855 4931058 5926127	
