98 971 4626791 9201198 5226984 6939752 1824802	
433 164 386198 7587521 1211567 6091049 872133	
960 888 6482390 9608441 3471167 4173217 6862971	
544 571 3232717 8730355 5282082 5452503 1800624	
76 949 3715360 1231349 6023344 3843149 1369382	
715 621 3189845 2430362 8350274 6768720 1686814	
775 637 5115436 1215572 6317987 7781857 7506820	
908 849 5630922 5927939 3007142 3674649 7292053	
529 245 6560592 4824784 4176105 4563326 9204266	
75 731 2325559 7169842 676232 8724588 4775868	
922 752 3728673 510346 8972286 3175806 635630	
108 956 9397214 7695445 7864282 4696191 8659133	
912 641 2160610 3662688 2385972 6322284 2309260	
225 938 7041067 1382398 5408672 6431540 2809883	
14 970 2033103 2259429 172005 7231277 6182755	
586 742 6297065 8239488 3576341 875112 3520430	
292 22 8161975 6286537 6316594 8208298 4517419	
136 181 57840 1854557 7353654 9025739 7932281	
511 244 9576328 9421479 737263 9625388 1205476	
702 445 3500316 1888916 6021988 2696603 2668239	
551 225 7712791 2506663 234827 7772632 5861531	
124 269 5148544 1540166 9622661 523027 3147639	
253 968 6263063 6349081 8946796 8306277 8663395	
784 271 9735888 5213908 4329422 1171822 7201619	
200 772 7857875 903251 7459143 4624704 8848652	
241 843 2083182 6405456 4361954 5126346 572866	
528 630 6536659 2047986 8212471 2467668 658875	
770 661 4404668 224635 8370605 997200 2578957	
770 153 5345666 3393752 8241936 6685661 2404544	
589 659 12055 8240587 3622354 9557316 7903169	
889 707 4756694 9437575 7891426 8618165 663524	
144 103 108521 5586551 8324208 9106992 8092287	
137 602 8425134 8342114 7555361 1592496 6272720	
385 209 5375171 3826590 2301749 2406790 1236817	
92 885 9824218 1746739 4538465 7429066 6594467	
156 622 3010496 6484195 8063134 373948 574773	
247 577 3640445 218814 6743298 7403367 2222794	
881 933 936691 2039882 6574610 5693668 7796692	
828 893 4759254 4670604 3765777 486935 8506694	
540 343 2559357 2753840 9402103 2894910 9717018	
87 361 4410573 3330271 448640 6995748 3147306	
501 527 8973062 8093407 5858405 1670127 6504219	
179 546 9044570 7317284 2633806 2570366 4627475	
201 724 9568090 5921838 5423521 6876101 5272923	
896 483 614180 7590431 8384279 4093471 3791933	
757 89 193269 1219311 12476 9177535 8423214	
909 792 4232849 5834008 3109065 3592621 633836	
595 378 6732365 4888647 4224317 4111809 9402920	
916 916 3737776 1048954 8720627 2470018 6647501	
841 129 9569159 6154301 7591315 9480898 1912441	
58 845 3460612 825272 5241612 2320190 1443587	
785 572 2195816 5143268 1486606 2054242 4676749	
225 220 9053920 7770101 9754201 1032830 8086819	
944 671 1578869 8982305 4522951 317907 2082985	
455 703 6956779 5605910 9805764 4379801 7901209	
374 820 3705335 8536590 1339023 6917434 2528143	
415 82 998463 8018177 5895919 7836122 8679526	
677 976 4543647 1516064 2347275 7994104 6373907	
86 637 3612999 321725 2417098 659279 2344153	
810 166 1057412 8159515 9569882 4168735 5749701	
182 952 8707668 2683011 8232646 9114021 1967114	
188 619 5656389 9949435 3885735 1218051 9408209	
459 455 8312078 9196620 933016 6214630 7348557	
772 55 283865 9767348 7332422 138533 2071170	
83 704 7608767 1217318 8548457 608993 241493	
809 935 3464310 8389374 6052975 9050212 5338430	
396 605 6474335 2148592 4806459 6695657 4075131	
616 923 8283120 3523936 6656120 3468214 8659295	
12 516 3296061 7011955 4029079 4553042 7450968	
359 88 2544997 5742649 8181943 8501762 4826341	
889 450 2773996 5527574 3343600 2267345 8346258	
97 872 9758394 3624575 1041475 2670926 6569696	
180 417 3607749 4813447 804635 4747458 5497047	
406 263 4716212 1955375 1460640 2453398 1954195	
957 255 9152831 5054426 9538956 165267 5454196	
848 65 8061913 2240211 8871098 8464445 4403518	
620 186 2450476 7798997 9097206 363413 4162157	
137 734 256336 2003271 698205 1249643 3045036	
632 733 1038058 5555205 1301283 2583882 3515922	
337 716 2643981 1608185 8334160 6875991 1357548	
525 548 1966887 1391988 1971993 2687279 4126609	
643 824 147226 8146197 1262724 9853775 1115748	
519 191 3338879 4190233 5143194 4375600 9472001	
263 827 1058952 4274350 8317323 9048313 6694784	
931 854 8609481 1044421 418749 9539408 7789513	
744 986 8690364 7787270 3920551 4423786 216465	
559 603 1128520 2910576 3881292 2787530 211964	
632 9 8918244 624054 4602601 9080527 8111610	
550 693 9791498 2718132 3475496 8459098 8162745	
677 536 8892495 2683789 1711732 3574151 1078361	
928 183 9028579 9825064 8060205 2373984 1600941	
972 47 2974729 1328682 1334288 199542 9982644	
764 119 1627773 8090742 586006 501111 2451246	
266 776 5435464 5861110 6666878 5017064 2072838	
221 256 1346726 5112467 260075 4455412 7349145	
418 90 1987297 9533468 2806342 2361752 8558454	
104 443 2482685 1003157 4261755 9622171 3549441	
416 518 8660772 9900987 2985938 9591589 22884	
329 514 1358368 3000536 7584874 5072980 4270877	
631 568 1262173 7106184 2580638 9263815 3640998	
696 777 144795 2326344 957414 4537755 9505828	
18 254 6158132 4039949 4022087 4532768 7987165	
680 960 8812727 2578637 7638103 7208983 1825991	
781 247 7066652 712018 5552709 8361781 5019496	
517 773 9923501 947254 6702040 2259745 6356876	
624 484 8760250 2041876 1698085 4276425 3009789	
742 112 1070098 4133177 7221112 9796585 1265719	
69 21 7291693 8710543 2720202 2073306 1491129	
443 242 7288170 4943017 9623327 4882416 7689493	
493 963 7132477 9923630 8568225 3866531 888961	
958 275 1443662 5951285 8800012 5819380 3947879	
491 344 7283057 9764469 6117709 6862651 5196892	
417 602 5135370 5687168 4861550 7391732 742439	
833 844 313117 6741157 1819471 4561634 3249042	
519 969 9720685 7818003 7027844 3214675 2393356	
856 424 2293410 5285197 6766008 1117222 9160360	
239 352 2636969 2036687 3050230 9633413 6509241	
371 5 7326515 5173897 5883402 6903886 7992585	
628 798 2049229 7434769 7982454 7907301 2457494	
231 544 3197867 7878521 6548956 3857192 1849207	
793 992 7627009 9378044 8424363 4105272 7330141	
568 34 1955248 6978348 892622 130298 1391950	
182 352 2540756 9556046 5293926 9600750 2248547	
324 160 9205768 7260016 9684733 3647958 9840433	
718 107 9829275 7178568 3694481 9095471 2627021	
93 655 816254 3527724 3429940 6461602 9098316	
17 949 7585319 7795990 2799183 1923816 8441565	
516 638 154294 2257669 117826 7194367 5466644	
827 529 7648871 7182364 6258420 5061681 4380492	
399 566 7967068 2850497 6412661 9275690 3924732	
132 282 8818193 7680557 2261299 5916185 198206	
507 774 7173672 4571964 22618 5701730 9810953	
804 801 4501028 1190169 4224808 6723925 559109	
501 972 6794375 8738403 4788808 9725344 6493483	
555 288 4365884 2558584 4584723 6840877 6005229	
808 462 9923752 3188798 2884009 8041409 7205842	
962 348 9986206 9791674 8309682 8547355 1354411	
300 304 9028569 4144759 8330617 9987360 6142494	
749 812 9960478 5666271 4666565 9973077 202548	
547 142 1595143 2918963 9628300 6167847 9619268	
100 76 9778321 1211809 7871781 80098 7670954	
52 869 3667907 5630955 4565785 7688282 1508300	
743 871 1732920 410895 9979941 567889 47656	
317 918 624504 9774244 8410203 1230238 1689912	
738 326 8221471 6762074 5660673 1315124 5139540	
830 461 4230429 5060501 9001974 161091 3379167	
362 593 2848961 6583295 917667 3783914 9817241	
27 464 9899550 4376998 8077404 9736736 2240149	
283 376 5545361 6979869 9947117 2477965 5657403	
85 154 5922026 2879213 114513 2848583 2227269	
254 144 4834520 3717849 7253934 3339322 343039	
994 93 6747566 6131177 7167831 2230984 6471408	
876 936 8910183 8195211 9145776 9179111 5845246	
628 813 5779331 7247732 6154528 9151065 5159854	
597 211 5660862 5280134 4476632 8331670 239111	
742 630 2123324 5104615 1055144 1645276 9344455	
6 322 7276310 5763591 7169128 7794589 3065460	
669 51 3003215 8515954 9459997 2466000 9583846	
659 858 3721412 2383719 2000219 587744 5672411	
221 966 4282677 8177993 3841327 6666489 2447723	
117 257 2564713 3492115 599322 8528406 2628722	
724 649 3207994 6639616 7272814 3030323 9991758	
614 818 5384527 5836395 6472284 4980259 2090421	
431 412 9125559 8244316 4672629 9813470 7500608	
799 485 3912937 7143410 3756654 1724029 30797	
508 694 7384536 129694 7234776 1544684 1747587	
285 538 8539369 6039027 7834058 2429145 8729435	
680 233 8727133 1975061 9265102 2955762 7441332	
310 644 5379607 7732079 886306 9552338 511936	
166 929 8717718 3544329 9324381 2510288 1760759	
709 550 7124511 8935415 1959217 5279804 9154540	
925 13 1199800 3865503 6580777 207014 6763012	
477 81 3917343 7812299 3508306 873140 8621148	
413 85 9529350 4996752 6953076 826826 1303557	
700 974 7048864 1946058 81157 631954 4601026	
935 699 5325032 8119920 1558598 1150497 794084	
267 563 4094468 5969995 6197869 2142969 9672518	
467 176 6035090 9072636 184984 6851246 1581631	
807 228 9582027 9072042 9134180 4230560 1349301	
256 469 3983532 109076 7961120 3295843 7902384	
549 67 1790072 2818251 2221931 7134057 8749913	
842 34 5040123 8878452 9382484 7912634 7070807	
333 253 7260167 960398 2906724 261118 3490444	
178 802 6726351 2898808 6531761 3985312 504968	
854 84 6959923 3672621 9995021 4296278 1704820	
367 578 3811715 8987116 5435838 6646574 9692037	
328 836 8190941 5841520 8621053 9843335 5602496	
198 385 6989979 3497279 8881230 1026584 8725750	
137 152 2510584 27262 4215584 8514407 9033845	
15 565 7726555 3073634 9417128 5240295 3000922	
711 821 2909851 462808 7606245 5115376 8185816	
689 711 1219182 3649877 1077251 7378505 795223	
854 527 2506020 2836440 4131001 8381186 4010167	
407 834 399802 9884878 3850101 452970 8542283	
931 302 8511376 4108075 2420923 156675 1885662	
752 533 932548 3729007 2341022 371039 1579943	
886 217 5657226 212465 8876162 2192044 4070382	
74 300 5571215 3693620 2413047 4387874 8061089	
836 90 4555483 6074525 2613845 3423571 3731890	
476 524 254416 9810313 4296775 2434645 5979385	
70 784 8988957 8649499 1328739 4738607 144851	
824 195 6587840 3378997 3164520 3100101 539142	
642 45 8425239 6732912 9568945 1536496 2883357	
72 786 2632237 814663 2772226 9903598 4887301	
401 647 7819574 9035026 9445530 7440075 4938999	
832 311 4719525 4475746 548023 6027053 215424	
187 66 7910738 8649373 1099877 2250519 904766	
610 79 7243753 5331773 2756731 7672858 2957801	
185 784 1915715 38382 4078806 4169632 3551205	
265 251 1140508 6187933 6552800 9003047 2697241	
854 821 5246444 4133139 3491874 6202003 2923144	
331 906 7029354 9950462 3356093 5678288 9491880	
658 67 4773828 8353684 5503228 6478433 7009539	
577 945 7631701 3346908 5546206 8562203 4967333	
847 527 8039268 8893026 13699 1734608 7910525	
750 839 5036524 547989 1307025 9623858 7296217	
884 629 1016201 8760814 2063916 6596593 2234293	
804 927 9363834 7753449 1763254 4206461 7534510	
711 347 2988040 7446058 6668582 3307841 3028301	
34 683 3844755 7855299 5762733 7026773 3515001	
945 995 3620717 347964 1945755 5469150 6422060	
443 132 1613465 8952224 7317062 9518200 3587872	
268 224 2891808 546442 9944594 1402363 7039976	
362 403 1645764 5050206 7907066 7984039 58206	
722 886 1061704 2577914 7848191 467472 4919917	
797 212 2512404 4910449 1980472 9456357 807609	
373 212 193821 4141523 7695889 8280311 9377900	
263 908 463108 4995417 5017144 9112701 8835902	
793 905 4381868 3882502 3359503 120584 323913	
849 643 8837209 6723201 2246649 6708961 789238	
155 625 7974397 8114385 6740334 1512407 3239730	
124 86 4822547 522762 2809799 160092 880641	
245 543 7893225 8030955 7958729 443839 593758	
35 95 7356365 2671775 5113691 163335 6678913	
649 573 6494936 3880412 1029413 9493664 2507994	
372 710 5258095 2215073 400779 9922130 9189080	
414 193 6838209 2236966 152019 6149131 4783685	
504 847 4739764 630893 2929356 4749487 4731307	
982 691 3092127 4652406 5070291 3791450 9980758	
29 114 455845 1507566 9008968 1701992 2962573	
868 117 2015948 2236205 2022563 5636518 3099390	
717 242 143974 3003529 5772374 1889670 1473925	
523 140 5971510 2607411 9755295 5550436 6707075	
621 730 804235 4824007 9819058 7124020 8892110	
141 558 2979642 3351108 6889273 475573 6536117	
480 423 8109078 3477289 2602708 6824670 7655585	
648 187 5291126 3802981 718801 5777884 7930203	
673 915 7205006 7269245 6607004 9082398 5279062	
13 433 4546154 5360706 4438426 836130 3976649	
752 884 4559950 5968553 3895908 6890285 3538134	
52 937 7114718 5829418 8639068 6286661 6090743	
246 648 9289479 6375279 7045745 3667293 7585257	
379 300 729013 9937953 8232556 4631006 4401752	
848 551 1031742 5361258 5854357 1602731 9412788	
739 28 751052 4773161 2292200 2985977 2037596	
245 8 9503058 7691658 9285620 1455714 890257	
983 553 1177374 4110438 9391640 1070181 6486733	
855 432 3359943 8765043 7888594 6033376 6833168	
136 358 2677241 330558 3050435 9805748 1368035	
480 553 9116681 1875074 9839685 5464327 1893970	
552 12 7394471 8473968 9413203 104089 9930949	
385 72 7640068 5371477 7018111 3515639 8635855	
942 163 6186258 7964408 8031540 2249758 3295881	
690 975 5201261 3707410 6674084 8176584 9994937	
116 374 3768049 7688373 417041 620286 9714400	
985 312 9711845 5698963 9275254 2940636 9659289	
682 3 727614 2997059 6786059 4703197 3165101	
7 665 4394527 6194025 5124808 2869196 495469	
557 198 9531587 9795215 5095072 7214411 8755691	
840 127 494495 8898649 9480415 2845068 1990907	
72 488 4903778 5747183 9412130 8769654 8119556	
583 58 6267277 6695102 30656 8098334 5775874	
664 378 9107226 4203010 2878052 4370444 2051537	
575 524 7692750 2003199 1339651 5349857 1534057	
637 797 5053015 3590374 3257942 8271261 8183155	
361 902 7165803 2403626 9480913 8293762 868617	
224 290 8418818 1744696 857704 4294592 9272184	
280 765 8490778 3338663 196456 5724400 5786130	
237 306 5380684 8962702 4659568 4144851 7651475	
186 823 208953 4376237 6333958 7478230 4425031	
949 50 4359890 4197462 3685835 2208736 8879763	
99 424 4902261 4792533 3856759 6759827 7085485	
399 904 9426115 5238912 7630781 7804799 2567434	
768 798 5436851 8384333 1647908 3378942 8598360	
271 585 953151 618096 4891725 1389792 773006	
981 20 4628991 9360052 7752638 7183183 2557265	
629 805 3663150 9153557 9427124 4476341 1411206	
188 450 2542964 8684435 1591857 6840565 6233850	
264 449 7345565 6341715 720614 1748682 2232794	
439 232 5812726 6468412 7339272 1483116 8623639	
112 914 8055871 8490298 2852657 3870913 8441310	
926 262 6772106 8233990 2616325 505240 6568596	
279 580 4398760 9608623 2157897 8680574 9976133	
411 966 1573377 8347209 5981116 6247862 8143465	
443 87 508143 5505392 841502 2676268 2500485	
654 101 887980 7332956 8664290 3201604 2317412	
22 443 3908663 1709075 9827666 5955271 9345908	
582 752 5867513 201074 7192289 4635852 1714016	
336 820 5596206 9843225 5714561 3924667 2521643	
231 691 1753355 4751646 5059991 6529703 1720468	
155 232 7113045 1750933 3577022 9747275 1948813	
755 246 6702206 2867353 3761664 1579678 1621128	
423 220 3018769 9060965 991516 7690311 8207220	
654 891 3707201 2136187 5943420 2030000 9470037	
671 105 3992568 6314049 3391143 5435542 9146915	
122 828 3315775 2820233 306097 1346241 2845279	
601 285 2432160 561457 9373474 8586926 990886	
931 930 8416949 4262324 4561167 9311507 3685116	
608 610 5318196 1687417 127268 345159 7981625	
528 564 4184371 7490288 5045438 8124141 4158652	
545 839 2147689 3964400 8905752 9015271 2324066	
81 962 5203640 9318102 3947383 5936128 9333516	
856 766 6388817 124348 7895930 3393832 3522092	
88 15 6652448 9078707 3648546 1568211 9714588	
333 685 2349416 1737457 1159451 9775214 9704178	
749 577 7346231 4455967 1951753 3010943 2000626	
126 478 3085636 7344464 9117090 1226869 1919912	
737 664 2093529 5653783 6101092 8713629 8174023	
318 767 1805900 9300677 2041725 556635 5926862	
169 149 5829009 9704900 3912491 5352447 1863557	
332 234 7603588 4863476 1900780 8532654 1906956	
579 968 8229238 669431 6366306 8162960 2852813	
664 448 2021379 1206375 5791549 8859307 6373714	
414 137 4654858 6937615 6814 405320 7392918	
954 271 1241706 9078996 7925582 7193857 1377347	
118 267 9526269 1269039 1825860 3791948 8912544	
222 180 774319 8702973 1348447 5699856 3766714	
197 741 8564209 1236439 9040222 5072838 5233074	
140 660 2470231 8979693 409784 9679229 5517572	
725 73 1583471 3613600 4900452 9526024 6522496	
620 166 2192576 9483666 3460041 3126582 5285928	
658 519 340430 8292357 8348796 6767708 6282167	
589 988 9423290 2100034 9141526 6656438 8246252	
941 491 1118363 7693239 721946 7213403 485324	
773 805 6155899 6863809 3237465 9559956 1135548	
887 852 106584 897449 5646083 5459579 5471843	
524 585 9699037 3485813 9602665 9250137 3086804	
458 771 7699312 6069 1433072 52095 1928276	
183 3 9345546 877754 3011622 5322344 9676	
144 395 3857954 3704073 1526517 6450756 7816500	
253 497 4265022 858805 539993 7711480 2760483	
876 242 5030360 9088911 5077021 275099 8617069	
714 655 3889638 4626181 6404093 103195 1671794	
992 876 9136187 5517585 6178674 3000196 9668409	
122 626 1913304 9689232 1302256 6213173 5409800	
598 137 4573837 4220721 2326662 92031 4480525	
742 879 7269853 8521881 3190573 5313944 4616228	
837 888 1557381 3330386 6190017 9970067 2563281	
901 746 2320938 296085 1533098 9707028 3682675	
429 69 9997462 9629196 2347396 65071 3893660	
840 797 619240 4759347 8464749 7125590 9208832	
573 544 7606758 7323464 6387840 7521280 9865395	
882 334 2410999 5795824 4979823 6691883 5615605	
765 150 9705524 3858002 3283807 6611849 282829	
415 951 1369998 3943738 2700342 3831515 2153928	
320 121 3353647 9274776 4096946 9070656 1641296	
212 389 9134405 8360060 2084076 5421417 8504335	
440 7 3324721 2336675 2322323 6380028 943654	
945 655 7289490 9816403 2225605 3739367 8730136	
473 84 3299521 7509334 3329308 9945737 7785622	
266 713 2636917 637033 8444360 8179896 7376478	
595 215 6889749 8105479 5978921 7500961 4918634	
747 862 5519548 2202609 5295122 4733080 6178971	
540 106 4828830 4863944 8357266 2928632 7524406	
87 314 2813485 679761 7724504 297143 4384525	
156 878 3194844 6249805 5274201 9346556 2367402	
405 349 9021636 3710161 9045716 1844920 5518502	
478 970 1074028 632688 6697576 2513808 5009019	
173 892 6335954 6991827 8068220 4602276 9886504	
781 386 788571 8043955 65149 6857244 5668826	
300 294 4612320 1672301 717364 1020947 2707824	
515 485 888070 2702427 3954905 8199943 1454256	
156 591 9338063 5125807 7469460 3557796 3818928	
361 575 8656110 1090910 338841 3052464 471992	
883 567 9874780 9702483 4205717 8675525 1260205	
671 779 3732351 7807632 7446555 8421453 4460674	
147 463 3235314 2040686 7647140 2705516 1585583	
429 823 6115491 7971874 1810963 6921212 3042938	
607 290 2612128 4129051 9343274 9462009 7506890	
460 622 7870904 9476864 5043520 6380302 806583	
790 325 8410171 9971020 1846319 237053 2848520	
77 810 2076994 8374205 8030892 8291373 166938	
675 482 3967544 3692730 1677499 8449867 30717	
478 634 4249288 5695677 7462471 6998844 4530283	
316 974 8946580 8236283 5947884 2805941 6623458	
225 965 4858674 5142780 1358999 3889803 6329040	
18 873 1892567 4755147 5865801 6094713 8353413	
872 530 7076827 2015326 7786161 1644954 9548938	
109 917 1636093 4553239 7643026 8015291 7285956	
334 843 5717528 5787580 6407875 919471 8816739	
166 186 8631158 5065388 5786734 1537271 1702939	
901 753 8849190 4724142 1559281 4499019 2178026	
600 92 3855534 6117358 8472912 3325174 6381422	
927 934 5471661 4543373 749155 2939457 3195765	
909 447 4098427 2905978 9509081 9607945 4565859	
51 159 67428 6418481 6707772 4341585 2369339	
499 242 5969807 6791347 8304293 9662171 1064662	
499 677 9926583 250656 9772245 2472251 6608341	
931 175 2263700 6386466 2340549 7304684 9239781	
453 593 9895012 3163708 6593515 8385716 9017122	
663 909 1576989 2405501 7939981 5858856 4596851	
669 652 821091 6698013 4732208 9280607 2329315	
792 472 5508461 456644 2734352 7346559 8033390	
554 525 3200292 6432353 461913 3620564 6826331	
134 226 3820814 9927653 3907142 2386729 3365286	
678 233 250819 1449195 7207435 9741233 3156476	
962 366 8373972 5605845 4627208 6876894 8201803	
271 91 5555047 2732869 9098282 8105482 9144358	
124 932 7509915 5663700 9359637 1415824 8569341	
575 187 8412890 1716743 9909652 9573234 5266094	
779 946 3604534 7710609 2111620 4364797 470513	
104 189 4227083 7092893 4591985 1044357 8842240	
997 350 7649026 8233692 7597739 4038937 873648	
683 985 1381584 7430424 6539106 4608159 4257142	
516 140 5594251 6816949 2652948 6064829 8184865	
927 503 2812044 4386981 3333013 3159623 9971645	
519 208 9839723 7922028 6712091 6937276 9730224	
205 820 323850 4252931 7246022 7231175 6132597	
946 153 5727622 4930118 2158408 4063295 7926768	
432 581 4776269 6979766 9223913 8467546 4222336	
914 547 3395706 4498240 8203385 9937003 6420994	
61 586 6407578 4278244 3946226 6778636 9498322	
98 934 9864979 6212083 7283639 1643792 2713692	
438 345 9459406 6604075 5770458 1611526 8477573	
524 125 3071683 9128378 4651093 1620396 5279504	
301 335 3435367 1862168 1812165 1431545 4539226	
65 202 6275665 8073939 2136578 2570302 8977915	
563 675 8214098 4528364 6622079 4401932 9772554	
82 19 5138991 3560816 6220157 3349327 4626369	
696 946 5083632 6370744 2108797 4017253 9761372	
77 857 9155502 1712901 1198717 6883039 293117	
948 922 8423910 712981 3875364 4430162 4214325	
918 370 8139919 3961934 3114805 4686072 1819215	
359 31 1579671 5783910 2281886 9818819 6502931	
211 856 1353310 2758424 2182618 8737670 1871318	
41 508 8530291 3627132 9418553 5724672 4470560	
601 458 3291718 4399857 8116889 3776908 2967396	
475 303 6386758 5635894 6494003 1012041 6145444	
418 846 2143025 8050898 3496291 2955427 1879430	
623 963 9336527 2777052 2676153 605445 529237	
817 547 8789283 3586680 9095345 2192821 262081	
517 954 6368257 6148117 8812204 5277943 3120212	
764 143 9254267 7587598 9040033 6379519 6543770	
599 52 946089 4378724 664314 6758909 8606375	
524 190 1661436 5290971 8601795 9588583 25966	
516 747 126176 5804926 6011251 3281697 1342562	
60 856 3844106 9699805 510727 6302573 5272313	
222 852 1504337 9513405 7351216 9427644 5651421	
648 951 6874096 2557775 5415844 4965791 9486471	
254 861 2895611 5423536 2859113 9749773 3584352	
274 245 2141702 9796943 9869526 967649 2128483	
769 926 1485908 4663876 405117 2566889 2881623	
889 710 9951418 1735302 4929797 1289256 8897065	
469 734 273112 5942536 6944892 2574995 1358218	
406 589 7114670 9517923 6393067 2866293 7751295	
864 954 7763303 9333892 2058315 9053303 6324864	
382 11 5339468 754084 8540579 6548533 6557550	
413 396 2438378 9390511 7664008 3519051 694757	
711 187 5166583 4430954 6507155 6082733 6413933	
931 466 6807246 7182304 3863600 7441734 8543554	
278 141 7960278 908559 9171472 621324 3264859	
380 63 9753165 4435725 28809 5218433 2726992	
455 250 359840 3775113 434296 7613578 840440	
495 542 9804347 9561793 2003779 1970490 8810653	
523 878 8775373 614137 2572938 991809 1789457	
30 989 7698606 1161874 5444248 1028292 4046329	
594 798 9127557 1777246 8059516 9669393 9472429	
309 628 5070421 1615770 341608 1063805 7386072	
360 102 6605465 3412350 5033349 8855002 4044447	
621 824 9788853 2852567 6603104 2007113 7599432	
54 845 1052011 9522934 850252 5688698 819159	
527 817 8952030 4671183 65941 2700153 3148854	
350 697 1621029 6919039 6610661 4931848 1395544	
492 991 6584616 8258787 2154113 4572279 7571314	
501 462 1649717 4256335 3054007 6201834 9010261	
398 256 8919212 8800277 2250602 6544033 3378936	
948 476 4706856 2899457 8717668 8033615 3940337	
390 829 7162404 6781822 176418 7334027 7664175	
785 514 4244431 6748048 4557520 3690203 9615722	
192 532 7968013 5200504 7364860 2502800 5789860	
909 11 9058395 835013 713139 3676769 8255978	
502 514 1364838 4643238 3990030 8071169 171179	
451 156 5409208 5096913 9478844 4239474 4633830	
349 184 974567 4197075 5017627 3950861 1400688	
66 607 5332679 2318120 8988112 276056 297943	
272 3 3709624 8953046 1438230 1428506 7138803	
979 393 1187417 8422796 3881613 9021588 7800123	
65 708 6405580 4281867 3101137 2269588 1557034	
265 846 9520925 2507275 9404343 5396286 1634760	
364 506 4331374 4448479 8322146 1307373 645818	
674 271 7301170 9597350 7769777 7033648 9996948	
777 692 4849686 1290511 9763383 9354530 1009836	
498 384 1790955 8397734 7736273 1370838 3195936	
368 254 9195925 1740283 6706397 5731504 5539154	
355 520 7795160 6280539 4384026 5358449 8754674	
295 952 2795166 1312493 4196455 8377972 4840267	
501 952 9464587 3904525 1109350 4150549 9763653	
83 541 1315724 7291103 9256537 6241493 8750161	
253 716 6195226 3129929 8686929 3306716 2360061	
524 808 5548433 9634809 7848299 5773039 2884391	
370 754 55153 7716638 142281 3429422 3798857	
496 321 3480990 5796818 5337977 5000475 3773367	
792 269 4142768 9606125 1827162 8514911 8090337	
23 869 3746528 1371711 7739674 6591627 1639977	
976 694 2168684 2515236 2810647 8034567 149901	
783 841 1920450 8961333 8992497 7960782 3581164	
146 814 6109241 6594085 3997992 4810045 1277488	
858 959 9670167 8578320 9319856 4531154 3950710	
210 135 954429 1681766 6406088 1379555 8775997	
950 85 4462562 1828809 9633447 7576648 849488	
736 820 2749251 8859635 3946463 5637524 7832279	
483 73 9184255 415320 1045428 8566637 8383503	
340 118 6890150 748661 5519468 9337652 5440275	
942 10 7793798 7386142 8855672 5602993 5597542	
92 475 6200730 623107 4782348 6567641 6331389	
611 467 3654924 6550388 7617661 2387955 5935910	
31 245 3595083 5020064 3796634 4315824 9332761	
334 853 412402 8299223 9991822 1135669 8348161	
717 172 6955875 2586344 3882823 5383113 5492476	
306 297 9909131 8701055 6381587 1161329 5168051	
790 662 9673061 1984916 407827 9934163 576807	
939 993 4458016 5593166 9630382 32442 5639562	
886 160 5446910 4635835 2169717 6918261 4687726	
763 394 8709423 6281182 3229557 7826422 1772044	
901 833 5794595 4604617 7480631 2699896 360033	
949 128 6522889 3585425 3182530 3384641 2300643	
518 177 65246 9939978 7775187 5324565 2362976	
508 98 6486212 4990590 6925881 1608826 6666501	
97 45 726747 1979508 5518850 2503467 6633984	
424 770 1203216 6664391 6021251 7026711 7293112	
548 126 6688336 3977322 6107147 1012722 9956698	
970 237 3927492 3270178 2217571 2443687 7994221	
538 834 2570608 7211826 1339518 4969081 4589523	
267 329 5944155 8748155 175346 1653413 7930446	
456 123 6999386 3003633 1103967 3552499 1305565	
677 665 8204494 6748555 6409048 7972889 8516540	
870 794 5553537 653206 2584170 1575902 1243078	
997 253 1570707 4820883 5468505 1796810 7636244	
852 462 6727545 6625531 2515977 653194 3126086	
521 967 9422742 1076097 5840471 2099924 1649705	
385 418 1971454 1612309 6227037 1215578 2131938	
949 11 1408279 8592536 3697667 2693922 4450219	
298 344 6074008 8422056 8597823 8305362 944117	
837 217 7948745 647726 212379 9239884 2789867	
590 956 2409564 2856537 3940909 7982629 4832813	
712 917 3824715 329384 9848919 5371502 6680475	
750 403 1856143 3298362 8608917 4708928 3981959	
250 918 3027404 8749758 1617472 2921652 5196962	
705 459 274834 9370271 6982098 2000741 9608893	
947 31 76654 8478239 1819159 7293340 1891044	
309 370 3446642 6122204 7446433 949329 6342113	
524 503 471523 6633205 8145063 9889873 3980624	
883 448 7421300 8203162 5657449 8818981 3078676	
888 659 8236540 5256323 8552416 8359165 4353265	
167 432 6920379 8492450 1096690 5977430 4222657	
883 23 8620489 2455842 9350534 1833549 7153330	
179 914 622681 8297668 2723710 7571387 5515407	
163 205 1870556 2056568 3633567 9703999 656869	
922 104 4659037 5380382 9069110 8462606 2465839	
530 900 5747314 7965858 1568695 6959335 324630	
561 579 3454902 1783569 953007 1223002 7197597	
744 365 9825155 6895647 164400 1059579 5248561	
674 672 2165637 2241360 591166 1730997 2355590	
326 893 4710804 3362287 8190365 3538163 909594	
498 609 2742293 4030518 7069511 8298894 6221464	
173 931 5105942 2092324 6590455 6595074 3720422	
545 546 410784 7885843 4241016 2996989 2525568	
862 611 8183832 2784676 1797130 7465679 6526110	
902 231 4973003 6480651 1682251 5963747 2270221	
348 709 7489327 3068717 5095362 8608369 6337204	
550 57 2502747 502227 5268946 8503750 8853966	
398 259 1323893 9750541 1701765 6211288 5488762	
471 933 2794537 7910431 4044249 574040 9105164	
530 286 1946193 1901517 3824995 1677335 2413332	
984 544 7999687 4026463 6855751 6346684 9960601	
375 450 2044876 1425953 2380260 2050788 7111972	
701 199 371263 6144980 6784986 8059914 3930677	
377 677 2153443 8441832 6484295 2846403 3427916	
706 784 200046 3920627 6504408 5213637 5167956	
500 238 5638557 8736662 2126460 6981515 7822024	
128 954 1578162 9597503 9243241 7616065 5081203	
117 90 9700194 7793155 9381602 4025392 7102749	
15 79 7593010 7594885 5114668 4821015 7329728	
600 738 7035938 3317973 3827019 962029 4553224	
556 190 6950597 7719220 7951076 8560391 4993284	
207 306 5333169 4726214 9063421 8587920 1052248	
4 568 8315990 5780989 2677144 433875 7864733	
733 968 7805267 6596032 9724876 1309704 9185551	
330 426 6384263 7406856 9747079 2900153 1697993	
77 452 5223017 4390870 8748652 8721589 8179863	
562 592 2440118 356270 7602048 9085280 6989051	
273 791 8609201 9754969 4479655 6710585 205162	
924 982 4142240 1927574 9605263 8043990 576761	
801 148 7582557 9326368 5921009 4173300 5473837	
442 160 4818538 6885859 2155838 7199511 6206371	
947 82 6615814 55502 5660677 3522847 7449949	
387 225 9544941 4101855 623927 6254903 2359378	
804 287 7215534 1852328 9249624 4957372 4282482	
25 842 638867 9598497 4156574 2237022 8110625	
41 503 9074102 5036417 3619442 2329072 5173561	
425 249 7474410 8226709 7161125 5115894 4227139	
932 964 1742717 8429686 6592810 6424367 4890563	
732 664 2280340 5126207 9220642 4398713 2809828	
245 521 3784528 1582997 8437379 1863211 9952786	
169 680 365894 2915477 4586555 5172442 6297636	
509 295 2701598 1221693 5303796 659777 9876468	
217 798 4852767 8983647 1400258 758712 2548017	
871 529 1848706 5851983 2091656 9062266 1239012	
892 534 1885181 4641044 9559926 8322935 1135057	
207 130 9806114 1554883 4308746 1309813 3165201	
744 140 4019156 7647252 2475399 666609 1914427	
411 218 3468239 1828476 5971758 895906 8013943	
234 329 1766433 3319120 952817 7417161 9559956	
838 925 4083665 5693337 2976489 7698030 9263432	
448 70 7295805 9849212 7341856 497591 4678462	
646 568 8928117 7808875 8461051 4535534 9448017	
693 897 5963843 2714176 7351568 2581983 1964259	
417 269 4791471 1692537 7004063 2060646 8782901	
335 979 5678322 9425659 4800884 5244661 7654244	
800 100 3502711 8920018 3940483 7266731 5501091	
451 572 3466474 6609408 5734201 1213064 8214081	
74 809 3315436 9274992 5575280 9213526 8177364	
230 369 6655736 5539703 2968760 3267596 8392127	
448 240 4882788 6825973 5049139 6049843 4245534	
787 713 8078072 3380333 7198390 8588993 9114632	
699 611 7016110 574847 5422486 372282 2941087	
54 582 81890 5824838 8496319 6463420 2335129	
151 963 9443047 8246669 6872587 2367955 3959000	
632 739 2519184 9892528 6475004 9360080 4356649	
383 164 4254170 5312529 5370853 1514042 8878033	
102 509 7880592 8809149 8807490 4721113 9478475	
43 61 6927164 2441654 5266984 2729972 6387586	
49 131 7853340 4800101 9329117 5491124 9292072	
18 571 8997399 1894913 5935820 6661361 9395027	
229 802 588314 3936958 9942681 5181272 9578095	
849 682 8282850 9725345 481567 9267701 3358666	
661 73 8455052 8533692 9052244 2131431 8011308	
654 666 7248107 6051089 2577485 7310400 2374244	
103 442 4551711 5042844 8560797 8998927 395878	
45 21 8115385 345957 7067970 9363679 7880087	
338 697 3746006 5923454 1248916 7500145 9710695	
461 48 851194 4796908 7938911 7741840 4076481	
935 698 9865030 6094579 1340018 3657072 2321212	
135 271 4059792 3989155 6031357 4701850 2117507	
637 110 9314594 5808397 3682818 4117171 2858986	
383 310 4348519 3985930 2860717 5507132 8048501	
356 826 7362271 793280 8036187 7770450 7260229	
282 248 9374944 7606862 5674481 6462599 4167603	
829 636 1454961 718146 4971205 421421 4691768	
849 949 5978549 2399810 7589216 69621 3591711	
332 46 6329084 9747774 5731560 6928594 3792213	
742 285 3898454 4817865 338614 1077158 9439206	
510 989 9992661 9783630 9623318 3689965 6837227	
130 723 6045298 1853723 3711124 3264089 3630905	
295 629 5813451 7012869 1629011 8644718 5940974	
848 287 1974692 8603423 8303264 9751321 9130048	
94 294 89141 416000 5936762 3697118 2662071	
172 441 8076505 5541262 6921754 4293446 9687527	
891 157 6469157 3587826 4491540 2395469 8761087	
491 87 5310993 9540557 4492904 2911735 7925165	
730 157 8329735 5811689 9897073 1052360 5684764	
47 466 8202912 9522474 1268753 8523959 253159	
9 269 7717928 522854 7881657 8682434 459931	
348 458 2952351 9455631 7049734 9279038 3323870	
427 234 4857377 2214579 8026240 2588401 4480456	
322 412 803489 8227606 5932388 2907424 5210374	
994 467 7591642 2096453 4820779 5226804 4867958	
309 439 970923 8107245 5632716 2668377 2571029	
398 978 5063562 3017032 4479244 8247061 9099793	
969 797 9846230 3842572 1524814 6542828 9155957	
222 789 8957319 331261 1101552 4147053 3203693	
830 823 759332 289835 3213841 6262429 1546039	
948 506 4236110 7116950 5992365 8265045 5705816	
668 667 8972994 5240874 7282928 2874581 3837942	
415 422 483411 5069413 7022673 3289052 4616251	
202 962 5734974 1009685 7241263 9669226 999786	
412 781 5574519 983256 2153693 6379074 7668792	
573 417 284742 897152 66648 488796 584881	
401 569 468539 8895856 7288386 9651941 6972490	
918 252 5701856 4619826 4001031 9531870 2692265	
933 562 4737701 7779322 6134018 3578007 6335249	
928 346 9489796 5237473 2657640 5066726 5226707	
178 139 1016073 1991428 3352725 8699553 4258876	
668 930 1383061 7939883 4092987 2261280 9103018	
130 784 8006011 6988204 8731181 8175883 3165494	
95 678 4780205 2667087 1518724 6216986 2659416	
491 68 7455056 6174599 5929135 4314459 3787765	
626 77 6052016 2253318 5531709 4270268 5618186	
916 343 8752333 7626627 4381095 5780186 772385	
863 56 9273814 2572161 7443936 8071440 7134595	
296 354 6835009 2461774 8965729 1204603 5437074	
48 917 6113802 8906133 7831781 9620336 6421448	
30 450 2679134 858043 8890284 6304369 3541649	
128 772 7076148 7750950 1062263 1774466 4341630	
783 104 5906310 331613 9038687 9834299 5733031	
370 850 9025273 245691 8337556 394971 8252729	
39 18 2258443 7233051 1896094 7898749 6598073	
290 231 6478537 2297612 5714921 7577718 5040909	
886 166 8435891 9354061 5365434 1767035 2821898	
312 788 4274860 9229543 630277 2054387 1985280	
873 747 7908635 2364454 6074507 1067210 9928887	
973 393 8519945 2130131 14594 3029961 2670574	
404 173 7519650 4663915 7660662 4236643 4512951	
670 706 3615729 887719 3396042 3901792 441243	
155 886 3196692 6787756 2043732 3960723 6912041	
908 219 2140693 5937156 1254587 6506978 4005055	
173 48 8668689 5901270 3356439 5732776 5873742	
806 544 2303796 7778914 1220368 1072684 291328	
873 817 1461941 8406582 4618279 4143351 1985931	
71 359 1527704 4446221 4412532 7511755 3978197	
940 297 4623239 5583398 4844001 7041055 9418371	
41 804 4089116 7478587 4723198 7643412 6692235	
186 945 2404007 5200049 2432947 6600245 5879808	
444 584 6211145 8152748 3826841 1973094 2015415	
849 658 1302225 6766184 719429 6157173 8819669	
418 510 5702129 1402602 1769837 6549418 493909	
372 556 5244840 1497558 932423 7592117 5563693	
977 727 284479 7424072 8292706 1124435 6895073	
691 911 1970531 9513196 8575651 2261559 7291526	
578 384 4703068 2097738 2959910 2776355 5656530	
239 604 4966220 6713329 9891321 8953607 2854731	
610 133 2375587 4112351 3358591 4935410 9952521	
344 930 7419417 7410783 3176678 7519359 1276502	
699 373 3916692 1439052 2666197 6083106 6649182	
508 603 9283746 9959876 97141 5854197 884103	
435 861 8698390 8419309 491640 5041823 8488547	
51 284 7462366 3367485 1440433 4168813 2676697	
734 914 5619447 4657762 2325169 7154681 9349219	
965 75 5432469 9931624 4165832 4756443 6037462	
382 168 2701074 2285332 3692982 1525655 4403271	
447 948 5781753 7987783 1990324 5483578 5642841	
423 560 9774285 1123449 2943946 7005154 2710608	
408 243 2418370 9833227 8953366 4521701 3973163	
982 988 8506846 748405 6895330 3965982 8486750	
511 970 8370771 7350944 5101363 4000447 2502280	
784 837 9158762 2312671 197914 5803572 6582841	
686 909 7663571 8307939 4150860 3534022 2121001	
94 460 6029374 658100 35039 7390905 6557617	
822 109 8679226 4875446 9382339 185152 6147939	
86 480 5147163 3007894 5151672 2069288 1978535	
361 715 5750246 6917752 1405915 8484138 4618540	
653 714 6912732 7249237 6695767 6566212 2532839	
810 810 6370622 5555623 7023745 1982519 1114316	
485 411 4328637 3838524 1573593 1010501 4269719	
765 209 6803982 5873908 4626979 4932428 5968574	
842 445 411887 3492282 65624 208611 4670172	
897 64 8337053 9804052 7807864 9594597 8407661	
845 95 2119862 824579 2830748 3091974 9391038	
513 437 5827091 4639743 5484055 3206796 6679936	
223 24 8731375 4426883 182190 9433993 4097722	
691 947 5244781 2000704 5136860 5197759 8402829	
423 151 7389063 3120137 4084605 1446237 7903174	
733 980 9525686 9842085 2117094 5695498 9878428	
719 140 9249529 9057710 4392820 3335356 1149411	
637 957 8902697 4410306 8922745 3269963 5719603	
411 350 3467868 5797683 870912 3747904 3577848	
559 632 4363376 3958483 4005791 9439814 2536209	
535 244 4452627 2952839 3664721 458742 114553	
801 397 7352277 5759820 9871037 7577083 9645604	
560 371 6081448 3112347 3656390 2434349 7443007	
673 165 3785767 7127913 9807040 7241164 5605720	
349 284 9022048 2145851 9380714 2210563 1856490	
683 440 4476493 244450 2039474 2924324 1199699	
357 951 6154462 5051391 2291454 2531076 7810925	
932 869 5815852 5704657 8357025 4918371 5004403	
391 487 1719385 5275536 3799669 8326713 3855892	
220 637 6927189 9085590 4839494 3941718 9617195	
462 314 3571106 1278432 9191918 3604202 9344647	
355 817 5139467 5341797 9981627 6565861 7120078	
248 205 7308284 7171069 4820887 9680454 5690268	
393 970 9211040 6955275 751704 5760199 2190281	
401 983 9766000 3157449 6238513 2322733 4184235	
15 22 2328065 2495785 2491282 9537798 5621268	
497 60 9229379 5128007 2649522 3869456 2066572	
107 744 1163470 6860622 9474458 4014578 4208847	
724 392 675661 2933287 7787959 2204307 5660385	
624 956 6512255 5968055 174305 5685637 5037344	
502 905 6874908 5186530 7337290 8858655 2672211	
233 900 7619111 1681365 997562 3620758 386539	
102 884 4737711 2562580 7225953 9425793 470688	
832 119 1194497 5396326 7074947 8888919 3628392	
992 353 661758 7699513 7367546 1000682 4423793	
991 558 4718524 8997983 8142441 6101877 9852720	
87 15 3807261 1859280 3672248 7436878 6352563	
544 562 9963600 1276903 8844871 2762361 9262541	
255 869 4226699 7439739 1666417 2073122 5570329	
75 852 6355212 1788657 9441684 5279588 4432364	
512 259 3750333 513983 9219379 5520882 8600519	
767 623 5562492 9900387 5368742 2261341 8809550	
36 696 8887138 9772223 5985071 9361153 4431243	
180 387 465612 6757912 4366683 8984313 3713077	
743 518 801229 6910976 9646053 3065793 3470767	
797 243 4341158 514951 4095181 2040570 4138237	
517 97 8305881 7628018 7748791 1837090 4497150	
851 868 8989369 8719314 9843708 4953790 521280	
268 50 9435204 984311 5039377 2432453 225110	
767 612 6303341 670117 437319 8247825 9578108	
950 688 8882797 6799555 9970879 7872627 5485513	
799 739 8468341 8880386 9639463 9128432 7582743	
335 694 124538 5305471 2094353 274162 5236021	
833 58 3820051 8778905 4665539 5380128 8928193	
793 854 5145026 8525634 7971951 648812 8957498	
104 862 5894883 7849832 6540569 1289607 7698441	
621 544 2447532 4660736 2531850 2485700 7968996	
563 369 8267128 8836349 4408925 2449513 138195	
458 503 5315700 4101629 3142098 1062180 9097245	
963 603 5535506 4346973 6807143 339508 7457425	
147 411 5462240 4451407 3409058 8037906 1468138	
273 6 7083218 2955242 3292260 2152699 3027229	
17 658 3011018 968135 1215084 4687132 439475	
901 839 5772510 6587815 9572850 9387746 7377446	
911 740 9885746 4818033 8471496 7943047 2013217	
387 881 3744853 375249 692940 7934096 7327999	
452 663 5903965 2245512 1050739 1086505 4225007	
577 748 5616372 9634600 4278633 2051628 6820615	
980 838 4295444 3766026 4733355 5654387 7284046	
70 662 3284061 7742297 5026785 366382 4936230	
313 968 3097541 887342 1412062 8844750 105014	
642 413 8646174 1291033 4431089 9359751 480230	
979 553 3216383 8726630 4185150 8791174 8109715	
696 761 1796793 5742680 9246707 6143660 7588247	
860 788 3151504 2226075 6280435 79521 3490359	
259 574 457236 8943129 603143 8509237 9973034	
235 769 7323100 7892181 4034621 45986 7909133	
921 494 924091 5590005 7067796 4428235 9957158	
69 112 4095861 2295294 1143291 9504930 8911471	
233 101 5650537 1262907 6428670 3836215 6680450	
25 371 625597 6280274 7869056 7161598 907868	
402 60 7478298 474106 2886379 9919684 2785324	
58 820 8001898 3633755 3284984 7740433 1125701	
896 979 5264939 1143163 9943010 9643748 6307536	
664 531 8173788 4054881 3037892 4300912 6922910	
439 314 6240064 1093986 2351857 2933513 2355447	
823 932 7694880 1955544 8636005 4663073 3096814	
149 908 9498975 1251713 7161447 3989409 6181148	
401 460 5811601 2195941 6659137 7087084 5241279	
97 502 1093266 2698739 7491922 1735472 2404542	
353 212 1922915 9185240 4061969 9981910 7904228	
338 787 4887570 2280420 6991955 3832749 718371	
338 7 5615279 613422 7472461 7942106 4647387	
563 414 7577925 4947133 5044593 7540974 5741969	
476 652 8022590 3278262 7814447 8956838 6638029	
867 699 1010074 4879021 2266627 6021277 8582313	
858 715 8817638 8476500 3189592 4328888 7266940	
794 632 5670363 100631 2896922 7105446 8617117	
47 594 1254103 1487720 8310637 8441668 108860	
702 181 6570588 4761545 5098971 1834235 2503259	
282 246 256651 6347688 1133828 6399442 1318681	
741 843 3810546 8860054 3405067 2234151 4158656	
308 466 9772763 8773129 2976763 2585625 2606038	
187 845 9566972 645023 655731 3095051 2476518	
716 259 2965636 1238208 7583312 6196442 375387	
665 364 4494847 3277459 3266482 1725419 3595729	
539 420 4964261 2489659 916093 6168322 5903134	
821 696 358379 5351781 7461311 8503027 9863188	
325 173 5434240 3439323 9247751 9721573 9922878	
358 361 5288023 8448131 5815493 3949309 552710	
320 353 9446281 2136283 5396401 9010097 5611461	
922 667 7678902 8934100 1150842 3449751 9785149	
494 389 8739468 3277021 3793256 8482502 5836198	
280 441 264397 8770542 9073549 625603 9470307	
27 72 5037859 4843280 2380506 9540328 6461438	
315 237 996964 140994 2696609 3086587 6511234	
617 899 5746608 3609882 2803720 4730255 7149140	
913 537 2319228 9106026 8395215 7185653 8104768	
391 611 2867637 5375053 1512594 8618233 8683741	
477 156 9960460 9622057 3553196 2039214 8011767	
464 373 9880325 998465 8670091 4527754 5803374	
858 316 4564505 6059779 1424262 4260776 4817317	
242 946 3721749 7166985 2012121 448696 7676137	
789 627 5716792 1696326 7644861 3269514 2215439	
362 126 5937262 1522371 2269119 4606623 190194	
463 516 8497293 464970 8846370 3834773 5217311	
747 619 6894263 7533592 9165061 1414253 598447	
798 484 1000095 3239752 7897429 43051 1629962	
663 587 7808358 2593343 1161092 3951442 5853813	
19 929 5092531 1830315 9748338 6076288 6456537	
781 15 8663902 3817615 2176987 6213469 3102838	
667 203 2940127 1501847 9978002 784300 2847454	
221 147 1605679 5425750 9489679 3262517 1545540	
806 950 5637003 9130364 4358701 91511 2068425	
252 312 6395371 9816606 636759 575651 8716047	
205 799 8012798 427245 9127520 9119930 6956647	
837 512 1689031 8743202 3983305 9326710 4845477	
531 905 6823694 8122545 2914602 310919 5679451	
482 347 9342600 1787068 3186210 6644786 3246591	
149 935 9150820 1034794 1470086 4883074 3134445	
921 953 1286636 7792716 2179573 5774034 517829	
928 578 3248557 6702939 2944842 7453838 3632129	
10 891 5399632 3762049 5408011 6911445 9017379	
603 801 3497676 5622798 6097751 6973394 8565865	
822 67 6671799 9801953 9765981 1523126 1292555	
578 651 150771 6743920 9828959 6750984 449484	
377 121 4969012 5944174 4210781 408562 9855059	
798 587 1326788 2481051 7640707 2755344 6867162	
551 930 7384728 2757827 1326675 6301313 899627	
205 974 8476289 439317 5758412 3677551 785388	
788 246 1141746 7838782 6546540 5485722 5838924	
574 610 9932846 2284892 7513538 4503267 2356432	
882 792 5024575 3016865 9542975 5314473 891286	
17 877 8071702 2389387 1259844 1014638 5988824	
707 592 7593244 3531444 7477327 4090814 2164704	
259 413 3735244 7375954 454478 4568425 3218096	
43 651 1023387 1738359 6735828 1775853 6997696	
846 955 8788327 7143297 7506228 4897121 8510951	
756 603 4014827 9456878 1239099 9149459 6976176	
839 411 6909056 1042274 6339400 722378 4594059	
470 386 7630723 2865723 7250312 4857687 5917340	
145 17 5710713 536261 1018461 4645795 6158689	
510 545 2426842 4134546 3735844 9021614 3875773	
599 882 3898510 1812289 730819 7999806 5300255	
354 276 9290580 7073220 3899663 985931 9138613	
109 145 486064 9014443 533997 2301640 773954	
35 900 2434222 2046391 5556071 8960680 3999841	
615 393 2173623 6168591 5614816 8401033 4377752	
943 84 8435161 7679773 9269302 2222858 2338653	
470 57 3847745 2445020 1856195 1796543 8833766	
265 712 1293559 5990272 2656923 314556 720219	
791 948 1905717 1078333 6741808 8622361 2581425	
836 40 4860880 5771343 6087421 7598611 6526832	
750 202 3111292 4790247 4470123 2412763 1290427	
572 381 1760808 5977325 7178380 4814861 9925281	
331 465 303837 6112752 194012 6907420 1393015	
719 386 357700 3853736 9790237 3550035 8329761	
986 292 4349763 5184829 3747832 5895338 6536713	
114 666 8896333 7270986 2069854 3491090 8591803	
806 347 7344619 4367670 9817013 9436672 7505113	
296 343 3391737 6693157 7472476 9271634 1510896	
249 207 3606505 9906287 1161362 6659239 5655422	
825 905 4159274 5762284 3920602 5677545 8792505	
241 264 9145745 1862982 6795236 3281886 3252629	
361 632 3541827 5106591 1528870 2037222 5931873	
451 467 9297903 814535 224936 5598513 8283451	
137 686 34039 5699113 8853761 6285354 6198480	
854 429 1344995 8122255 2401766 4194262 262593	
246 938 8773407 7784270 4560995 9888358 5876763	
266 708 9082024 8512784 8390311 8093115 2694798	
768 499 5819746 1262295 8819313 8206274 8885364	
403 943 6614680 2232631 3767616 76639 9595179	
121 928 7585517 4482852 9655524 2775758 1430938	
165 853 9889625 396598 5413882 3547158 4346175	
208 99 1667380 5438651 920568 5994910 3862756	
241 37 290181 5656099 21711 7020114 1825066	
850 718 4228397 9650595 2272773 6911522 8983133	
870 930 695863 5562305 6125858 6562761 5074972	
708 607 2274522 8211299 5198699 6408731 1936372	
548 250 639438 2923417 3665081 2031102 3237899	
412 912 9484605 9552060 7075145 6273829 8881570	
761 713 2085174 5293487 8080057 5949051 361504	
907 584 8014971 3319300 1718006 7525207 9918910	
359 901 9430467 5781391 907453 9917266 9970950	
59 592 7348901 5871441 6876039 5519861 547654	
11 639 5410642 6171156 8613983 7746673 1244555	
423 585 6135859 6774983 4511399 5254748 6600026	
316 380 6199889 553644 8435550 9399846 1149348	
732 879 6987401 2730615 4843910 4762411 8204012	
494 690 886650 5915850 4041015 4403200 6213206	
5 963 4392384 6805123 8491922 1054685 8877070	
305 91 8018075 5231160 6015327 9342318 1272573	
431 970 3585830 9966867 256216 927161 8698275	
749 173 2624112 3433631 6031021 9540029 5785599	
113 902 3156570 785707 4171183 1893572 7992166	
379 130 2301393 8250578 5390715 1793134 7678472	
515 742 8868574 1199497 1471855 5483333 2322843	
532 602 4399085 3884988 7537383 701764 126583	
3 955 1624519 7383919 208983 1837082 3025279	
632 979 5488481 8363026 8138755 9151164 8366886	
160 340 5050309 1998582 1220312 6734581 8285826	
741 123 51512 6240351 4653785 5729408 818739	
670 575 4676944 1949852 2798661 6752352 5576636	
942 822 1687079 6982211 769561 1766320 9468285	
440 348 783054 7379687 2832076 291790 5744950	
756 149 7123917 9800548 8364474 4432265 1820823	
258 404 117374 8162429 9117992 4941679 9387249	
723 262 535849 8785857 7603207 8491612 3812043	
773 441 2811873 4293483 4034308 2012949 9128784	
473 190 9469984 6755373 8609478 1358249 9556231	
764 316 2849522 5807634 692745 8286499 4831047	
122 529 4184257 8621676 1878040 9807819 2211875	
670 639 8721348 3741290 6607508 906840 4798144	
562 24 6526242 4458764 4690551 7788815 4425545	
158 478 1133943 2992221 3267981 6107084 4092197	
295 498 4206210 4528515 3468693 721408 2605075	
44 540 5485451 7586800 2761488 5686650 8659253	
753 685 5569823 1480733 5859221 9468958 8019273	
241 913 4946399 6982707 4891874 5790456 77306	
700 63 2741090 5960797 2560306 3296775 5319661	
533 165 9123860 3665803 2390006 7821422 5631190	
164 941 3260840 7615332 4806407 1535645 6000666	
867 350 166168 4690593 3594845 4545738 8868079	
538 696 1652903 8154836 8340002 7520162 2584430	
571 298 5237363 979881 2000035 5180418 2405937	
960 203 6938129 4156257 7623960 1602879 2355847	
346 328 170911 5624636 6606624 73308 139257	
769 269 9851914 9967333 3889326 1045300 8142797	
156 435 8872929 3172640 8003165 8999123 956354	
902 72 5996047 8141461 9907381 1324291 7287614	
148 841 4459149 8132264 6951353 7058759 4412228	
373 425 3774904 199825 3538965 476323 864215	
573 741 485853 8098168 9318696 7010089 3735948	
