240 10 3057389 9643313	
344 588 4501632 6536631	
649 159 6816479 7256885	
667 164 4588314 1736976	
515 431 8739229 7199367	
344 353 1719378 5302995	
446 587 4062701 697399	
843 846 6581341 8848953	
398 613 4491201 3781107	
869 826 5211309 162864	
795 935 1164968 1761448	
614 204 3551973 3987438	
424 337 9410815 2776115	
963 596 8926711 9991630	
403 565 1005238 1581772	
910 828 1697948 4923780	
639 712 1594323 2141452	
46 952 1911701 330229	
535 36 8822284 6474581	
407 58 4684788 7055870	
448 95 6544931 2765661	
164 417 5010028 9425848	
288 693 5137552 976992	
570 855 3926444 4758623	
936 390 4782982 8923116	
374 550 7410907 446418	
638 34 5057737 4450930	
417 887 9802938 2457374	
343 91 8549591 5978346	
453 405 9593672 6832364	
52 303 3270151 8790741	
314 270 7746479 2820841	
564 601 5347013 309713	
438 272 2258607 8723643	
689 1 5323875 5235436	
422 767 2184386 4264748	
883 669 2626087 8754960	
692 581 5057671 5295313	
501 249 3892704 8294212	
636 439 8901313 9681884	
314 983 4712071 7342888	
492 96 1324245 2724334	
732 211 4185334 4696456	
122 973 2304161 7956855	
213 274 3059261 1458499	
338 773 5255872 639569	
635 999 900 551179	
776 234 7029139 8019999	
101 449 6008829 8973686	
483 928 831328 993797	
421 765 2585946 54164	
240 756 8101574 9870163	
817 621 3128177 2522011	
378 571 2622703 4591403	
731 909 6581827 1463757	
280 212 1039687 4706955	
443 63 4160915 7602499	
26 53 4045067 4794832	
172 617 4236535 932498	
670 80 4963905 9183679	
640 413 8901823 2957791	
459 395 6095734 4844978	
686 135 7859321 9061571	
880 38 8488422 4849803	
321 714 4916310 9234833	
811 932 1357672 2943137	
817 512 5130326 1142005	
210 833 6144676 8676868	
812 78 1685340 8805912	
708 152 4949960 9132324	
118 716 6544160 9171951	
189 618 6225920 7135516	
913 61 8293185 5496427	
955 850 6462505 4230255	
275 340 4177928 8809238	
346 23 9910552 684670	
520 54 4106843 8388975	
736 994 8047205 9203661	
710 322 2913051 2473198	
708 461 4352795 7792549	
716 266 8756512 1349983	
796 909 3269122 1243791	
703 391 2723850 3805326	
609 423 215520 7869538	
498 104 2414295 3650378	
345 676 9813676 806790	
320 153 2272828 3719771	
662 760 3594618 4065641	
538 23 8547019 5697191	
629 868 7597747 108752	
677 31 2141784 7518589	
4 215 9822001 8160409	
652 166 9702947 3867790	
420 3 7065613 6836831	
336 498 9587524 1912630	
136 699 762645 9657305	
875 353 8265202 8234036	
877 335 8590717 4364373	
856 275 6593522 1447357	
989 83 839810 2616394	
312 238 5324362 588871	
510 882 5905128 336616	
789 464 702030 45270	
34 478 3286477 8659094	
165 703 2149617 3143334	
215 798 5579747 6344826	
663 783 2185908 3597496	
544 297 3494050 3963579	
608 801 6352602 9217067	
607 477 9743263 8577704	
720 357 5238263 6086140	
365 567 6697495 8791872	
416 819 8431592 8408435	
124 20 4454018 1862571	
465 757 9788328 3421290	
782 264 9324930 6113483	
490 275 816852 2234683	
613 942 2909221 8629989	
296 221 9286354 972354	
328 676 5785363 6491589	
725 908 8046413 5968274	
394 255 2540926 6237982	
755 253 6316598 6563550	
644 40 7782087 43426	
852 5 4537264 9552927	
996 277 7728829 4142184	
189 45 8689834 247018	
723 954 1409719 6360888	
166 581 8346599 8981756	
65 843 197828 8978751	
844 402 1916167 6693235	
153 336 1915964 5329869	
314 294 4760121 5773965	
143 758 1237138 372387	
700 127 4667173 2226966	
181 905 2957442 9425920	
551 90 8250863 1289111	
309 631 6311027 5217501	
551 41 9609562 2749489	
732 477 5382282 529222	
107 962 3279480 3108922	
896 485 7653188 4860885	
145 94 4726250 1662522	
697 531 618803 2972932	
593 340 7055529 660410	
755 745 2290139 8471633	
398 250 8099253 4750533	
101 847 3370887 3219325	
603 945 2890048 4892513	
793 511 3980727 8145809	
981 88 5513259 6343435	
2 192 152983 6179236	
919 192 5826595 7850925	
757 217 5128447 1092463	
809 312 6354881 6105711	
218 301 6598155 8054630	
971 421 368365 1589673	
486 80 4562577 8501902	
210 610 6353005 6776068	
223 696 1440026 3348011	
487 553 9908106 1766012	
99 952 1591285 9805647	
823 564 5578074 634265	
812 47 57978 9584421	
457 980 7000108 6848263	
855 458 7528137 9678760	
508 524 2423622 2229548	
390 112 1427791 4303064	
862 744 4540021 841874	
642 551 5926609 4477398	
788 677 2395487 43302	
966 505 3178572 1990130	
794 333 9766396 6580319	
322 861 8203762 8533606	
630 718 2393444 5502963	
230 789 4551004 6856785	
889 659 320871 8640104	
418 470 3250762 5795736	
583 833 7988738 6214193	
267 643 4136342 1036246	
247 36 716850 1845413	
843 982 6228972 716457	
562 932 9006924 2846885	
800 127 7185981 4749935	
226 208 3274403 7499178	
661 38 491846 7313238	
828 318 9896907 5342544	
30 273 6556671 1887527	
782 773 8445756 7889249	
101 619 1131105 2737992	
922 241 7559036 855053	
427 538 8394438 2887270	
273 542 5101172 3580215	
279 815 188927 669682	
610 24 7877543 5389817	
84 830 1241845 9121345	
863 661 9001091 9616575	
383 889 2360299 1228629	
120 699 1515320 5377416	
458 159 3086014 5523065	
969 569 5242066 3155159	
264 803 9937515 1947379	
197 360 2006178 9997364	
622 122 178404 2034646	
380 92 2654289 2945049	
661 559 8638954 4885642	
772 645 484731 7483237	
344 765 9735467 8968360	
974 251 9837975 3551218	
556 3 3725949 3942250	
273 78 455000 739685	
626 547 1423302 1581070	
204 607 8398705 3457279	
346 954 2925690 1578808	
867 167 2515110 2639174	
521 421 6818425 9769884	
726 185 5122873 2123644	
835 810 7021475 845143	
167 500 6394402 7048881	
347 292 8981537 4581439	
877 319 9712695 2320547	
250 976 3242079 4459821	
187 227 9834920 5775952	
623 344 5151660 8129516	
875 973 2632032 4941170	
761 778 5197837 1413227	
586 666 8757756 7279490	
358 996 2659551 5284306	
921 353 7836441 893098	
230 718 5090298 1135868	
481 945 2192456 3577508	
499 496 6538373 4132724	
606 876 3876697 6550487	
153 211 8223586 4441329	
359 883 659080 9291151	
675 392 1729821 6980378	
286 830 1314103 7064753	
27 174 2027793 3196809	
893 549 263668 2229236	
557 399 1836524 5471773	
330 252 6727844 9607735	
610 109 2963359 40182	
673 190 4133101 5862017	
442 414 7757130 90075	
414 890 5121668 374358	
795 542 3818325 9875838	
150 474 3360553 446213	
915 666 6134389 8955191	
255 277 4372659 9934406	
76 965 5541143 8082286	
327 230 1356645 4848332	
676 286 9350146 5572877	
452 244 8451093 1069445	
823 640 3440247 3255472	
986 133 2250533 8382469	
879 764 7530965 9821369	
348 456 3415080 581264	
843 911 7861732 752926	
476 31 943172 641772	
593 80 2845824 4261756	
70 758 8810533 226628	
947 899 4231988 8412403	
349 838 4601110 2632214	
224 491 5174050 5107252	
156 420 7386890 7564959	
496 698 8273207 6134046	
393 206 7690097 2039637	
987 240 1252294 6017311	
427 586 2821236 5238496	
153 470 5495641 6859411	
830 394 3615984 5034723	
804 682 2338811 8095856	
25 500 6873293 1130229	
301 44 7855053 8524424	
721 51 4145200 1853604	
184 590 4453300 1138335	
757 321 2536130 1612461	
871 922 9149100 1759506	
868 832 2278207 992669	
973 636 2607537 6301038	
185 593 3484360 6095258	
531 809 2183058 6802226	
739 58 4007453 1048529	
51 308 8031671 7848954	
86 693 2686333 4929941	
468 38 4277019 9634074	
205 830 3167770 5252464	
319 762 7990165 6473049	
223 813 5024440 5786559	
241 538 2194966 1528409	
128 343 6902881 299545	
591 371 9330023 1046883	
573 301 3988743 6927341	
417 207 4166400 4767702	
82 270 3476534 8497195	
222 954 4186170 4294622	
423 425 9257845 2142643	
972 832 4884220 2379428	
738 478 2894771 3874543	
583 978 1891756 3036341	
992 872 7465261 2586029	
672 919 2681766 6649734	
708 465 6679666 1551171	
721 185 8210443 4888509	
501 561 4977448 8235673	
911 84 4905886 4479569	
870 236 1483223 7992588	
804 444 8931543 3407265	
831 565 8665139 1064282	
728 854 7222335 5213082	
472 551 7779066 538515	
204 816 8162927 8518348	
205 233 3185708 6363633	
979 48 904025 6261883	
545 742 6206732 3952198	
308 64 284656 9609165	
523 805 8249133 9019293	
874 67 9132429 6899807	
406 529 5156029 5728101	
409 150 8402884 2465406	
298 114 5342764 7317043	
371 767 7941743 4882414	
293 542 7914630 3773192	
275 448 7364281 1091480	
309 154 9410875 2811778	
134 771 8372960 6320411	
411 474 6451043 4984690	
244 682 4109919 6061000	
426 619 7038138 1959789	
30 344 2905173 6454116	
933 75 2634266 6431265	
930 841 9107643 6078941	
229 710 8783243 3118439	
401 227 6308193 6735552	
729 403 474523 1374134	
922 589 4686695 3113403	
357 765 7633855 1022735	
564 55 2955678 9035247	
868 58 7694700 1378252	
22 898 3095862 5756176	
737 559 1233387 569378	
271 217 6468280 5536608	
176 301 9576702 5486037	
918 938 7885059 651969	
102 314 8429947 4393731	
111 323 4519947 7965129	
378 282 1401341 5115419	
369 447 9334806 9968177	
456 742 6336721 8875857	
54 622 5672088 1700748	
622 806 6410820 227801	
234 114 6518576 565177	
414 704 7280911 5413553	
634 27 369022 2146588	
412 317 6428033 2131667	
978 710 5527263 1912065	
546 268 1403795 666604	
482 602 8409837 4146464	
231 65 9035393 3651333	
480 974 5718980 2550529	
169 268 192397 5485285	
170 665 2178340 2114980	
398 626 3774691 9434460	
227 514 7426496 281123	
217 658 6344282 3131702	
617 864 452201 6522217	
946 232 8445114 7878577	
286 223 4497929 7319464	
122 233 3840501 9850093	
505 865 6230024 8354150	
542 590 5869136 7788493	
602 959 5634734 2502221	
856 532 8040167 5753080	
437 536 1892939 2565192	
745 143 2527286 9000549	
511 510 274784 5968066	
544 3 7722597 3145671	
809 740 7438755 7988151	
142 947 3050317 7158277	
525 68 4485100 9304595	
302 718 3932261 2482838	
621 134 8113427 3726450	
128 639 4817078 5788297	
782 752 6551483 5783480	
237 238 6014801 9341489	
694 590 7973460 204302	
394 136 7224523 7107377	
721 903 845764 8492082	
725 410 6673368 2464583	
24 126 1009427 2744623	
374 61 6033073 2461845	
845 177 3697476 75922	
427 201 9886966 1481498	
230 462 8248540 2061855	
219 48 7293338 9802901	
676 665 7261795 3569136	
656 846 6891153 9506029	
344 599 7394521 2058469	
53 390 3442025 7618003	
231 585 4297272 5983515	
43 908 5363314 2916036	
387 41 3782211 8653210	
576 701 6833685 5876785	
640 248 4960336 2245610	
635 42 9589664 7412816	
479 521 512386 5447762	
277 562 3276574 1413832	
735 345 6853059 772933	
860 550 6946529 716395	
433 404 5543336 4768682	
794 310 985046 9757370	
714 785 2941701 1486758	
989 36 3056712 8233775	
77 94 5928468 2444625	
224 437 8870591 5786492	
228 601 4610873 9431870	
39 707 722475 2687658	
759 113 8016728 1800201	
393 275 6710575 7327600	
491 659 5073130 5171555	
242 187 3154096 6376078	
773 714 1719046 7008489	
397 920 4823067 9706252	
259 206 6383772 370149	
529 843 6991026 5693768	
660 158 3823026 1467535	
921 576 240402 2704237	
770 476 8607663 5131451	
648 5 8168007 2613967	
628 31 4258979 5790647	
154 763 3317370 1694802	
2 882 4569304 3613628	
863 591 2174098 141540	
545 247 5442715 9174285	
295 86 4952305 4746715	
837 534 8877105 3938319	
364 5 8651429 8280897	
245 589 9883831 4755177	
980 501 4161561 5670274	
993 97 736767 3818915	
821 318 7123814 4070369	
96 944 6721585 7448632	
131 275 5649370 9181082	
804 240 3692092 6739868	
735 110 2793630 5872598	
86 586 354968 7991971	
20 70 3526401 7257536	
206 168 2632801 2519103	
480 478 1139304 6756429	
863 159 4768365 7508880	
598 853 5578227 5446461	
526 17 9281077 27926	
227 84 7932562 3028360	
482 217 6809344 9747587	
357 574 9689865 5925984	
923 84 4192432 4489949	
134 253 2981321 5603026	
809 473 7314870 5783234	
263 795 8493829 6823518	
575 176 8422673 5571547	
473 496 6859170 5194489	
824 116 6389983 7321262	
557 716 6872920 425122	
949 557 843903 4017233	
605 969 1026475 3695699	
284 828 143217 3991511	
443 293 9920625 6115017	
788 264 4688357 7458612	
958 727 805939 8683580	
460 403 4224927 7742197	
957 384 3626647 6415274	
612 788 9627347 4948401	
423 812 3576606 7148258	
950 53 661656 4324976	
560 113 7272758 9630925	
875 378 5657313 7668627	
827 507 7935571 7135593	
764 825 3165343 5164708	
214 904 7112218 6617414	
100 464 1151684 6506787	
390 317 2465241 4904794	
151 734 1978297 6442739	
7 862 8077954 5083394	
595 962 895931 423679	
328 487 4322377 2690335	
919 489 782910 8762879	
596 453 5346409 2205321	
609 467 2532625 921692	
18 143 2235761 1111721	
202 951 5818014 9407347	
3 668 4043449 7434817	
5 569 9625761 1816368	
373 346 8535369 3880017	
877 701 5783010 4421922	
547 123 5222890 136654	
810 820 6708451 5753527	
351 645 5029109 677284	
154 339 5537191 7208792	
966 764 5943765 7906760	
259 96 4724984 161290	
742 939 1612121 2775458	
8 398 6196340 8800352	
986 155 6126009 7986671	
125 343 3140250 2460469	
666 715 7640314 3517623	
467 9 4932545 1229418	
891 490 389644 2520216	
498 994 5953800 4481139	
409 973 6050007 1447116	
951 678 9435792 7567664	
874 829 9068257 819669	
321 533 794646 7730081	
548 420 7150637 1825460	
150 821 1539872 4596232	
211 198 9150056 5696090	
283 958 2730040 8740040	
490 723 4868516 3103988	
155 930 7175768 5287435	
523 520 5959573 3493335	
934 180 2172030 8425505	
849 920 6357386 6008415	
823 494 8236300 2896043	
689 572 6241599 2700661	
106 568 9738012 7672245	
333 276 6883330 6001339	
596 61 716195 6612933	
171 396 8430105 193018	
989 184 8087366 1384947	
22 171 8402892 6601723	
236 68 8317879 365462	
799 858 7602404 4267890	
468 426 8847633 8829685	
230 820 5658584 6521039	
212 315 2310839 8815543	
301 305 6283470 1081010	
552 116 7540319 8104949	
335 914 7089493 4353943	
714 216 3717786 8141175	
109 500 3167148 9666866	
19 256 5726131 6949034	
255 464 4771759 8819885	
501 201 3515943 8311544	
222 292 7164381 9695007	
588 985 1427291 8691984	
466 454 6218560 966827	
65 902 4091405 1251737	
176 689 9828713 6892599	
264 471 4869542 1869302	
738 88 7894027 7123029	
834 7 4332364 171793	
393 302 6000722 9183353	
644 740 9114892 9075655	
978 713 3677258 4643181	
399 886 298788 5854660	
443 326 6362518 3428569	
343 724 387147 9963289	
864 734 4061790 2200475	
945 417 1383567 3549153	
17 524 2260787 4255601	
840 986 8681926 1610319	
165 80 5326038 4034969	
421 576 2851939 2511894	
634 884 8101714 6415676	
369 925 9253562 5837856	
901 37 7946284 4335040	
116 731 4341982 1652367	
372 905 3987232 7652856	
688 426 4926062 9587615	
783 536 1710649 8999875	
643 729 2118242 8376211	
160 695 2326075 8324113	
835 230 7941423 5676804	
554 176 2917208 4284708	
556 170 8530735 2025618	
407 325 5858500 9298365	
212 525 2766338 6317853	
168 576 9026040 5651931	
45 499 2777805 3072683	
23 135 7653835 5228573	
589 504 3273252 3937987	
957 872 9835650 3188105	
470 788 7181457 8995752	
88 922 9539757 7299639	
895 901 6686416 5134660	
208 403 4215018 6359925	
674 337 3555104 9450032	
732 222 9233051 6594902	
872 760 3311067 6478045	
783 924 998346 6513887	
317 481 2829774 9626163	
996 94 4414270 5511055	
948 932 8596905 9791322	
725 914 2084844 4732946	
694 228 5432616 4447620	
713 134 2516772 3384762	
931 67 1373857 6587934	
990 768 9829665 1066456	
765 592 5158817 5938045	
689 639 8589815 1203976	
374 89 8601168 8834566	
715 975 6195463 7479286	
367 786 6166794 1051445	
731 117 4813697 1205308	
685 426 2897833 677117	
695 577 3604161 3106269	
830 611 4023186 3235155	
298 580 3112609 6173750	
370 487 3578275 7759276	
969 474 2066730 6493497	
476 698 3584673 8101172	
808 327 8940701 2545482	
965 134 1123330 8848420	
674 403 7471810 7505203	
712 478 9687672 5522370	
899 131 9062453 5101964	
538 173 7660433 6527624	
584 656 6599994 2117832	
699 998 7954729 7726834	
158 60 8757879 6294852	
829 102 2106476 7865196	
991 841 8719705 9020775	
819 978 2868325 4721881	
127 329 7982971 718482	
408 618 8977891 6837744	
838 263 890415 6922992	
411 715 988250 249079	
606 911 9161331 5733528	
421 657 6691247 6876774	
263 741 1334533 7204396	
490 742 252133 3157597	
541 830 3199156 2950922	
783 941 2289508 6767038	
961 929 5334772 808754	
441 345 6169610 5405935	
34 329 2551306 451694	
919 317 2218027 6481701	
43 445 1358238 2306474	
894 333 2064724 6208570	
256 362 1408498 8469334	
397 361 6369706 2087782	
266 390 4629792 2758549	
258 684 7701336 917701	
309 90 1586664 8743585	
41 33 3336780 6189330	
837 66 4312003 7826547	
638 944 7703155 2363783	
311 335 9035177 1304840	
392 356 1859710 8200801	
171 956 3944012 5624424	
107 510 9799855 5962501	
235 175 1827135 5901262	
604 403 1566249 5218473	
261 297 8309560 1210329	
554 182 7313195 239501	
309 120 3296537 5219575	
112 63 1285867 1780963	
602 784 1142947 8256630	
582 599 4277418 5372814	
989 567 4126808 616918	
682 370 2556608 3469201	
797 261 5255490 2806007	
183 454 495447 1783922	
800 476 9947907 7643811	
705 384 9541568 6967104	
266 424 4650594 9217999	
147 604 5214350 4750209	
581 447 1751064 2511583	
792 876 1749206 1818718	
717 888 3591625 1046465	
450 457 8571813 821921	
917 651 4128618 7648777	
59 331 4910152 4152328	
305 160 5688775 4218301	
83 274 5916318 6386308	
798 306 4307012 5330624	
675 7 2879669 6266748	
603 341 6862096 1458425	
29 251 2126258 2006011	
775 630 5036491 3310725	
533 77 831910 9320387	
836 633 7631400 8316742	
396 519 3711004 877741	
171 470 1973651 7818909	
131 88 5825871 2457336	
12 955 633590 5088207	
895 443 6927187 4293336	
113 51 7508773 4728826	
21 243 3482786 9573777	
862 244 1867091 722963	
155 832 8176303 1902134	
430 526 585305 1672510	
418 276 350393 1746078	
768 239 6113215 4876031	
584 965 2740151 7623890	
698 280 3088113 2594823	
821 899 7169373 736901	
65 849 9284355 5513442	
770 544 3791734 2409774	
971 169 5754102 9037307	
732 107 3617896 2802422	
385 384 5356514 7908785	
619 947 9293330 7881231	
980 146 8398173 196132	
837 797 985465 3458377	
975 238 778926 9425941	
719 441 8109642 321329	
830 951 2544827 712807	
235 523 9752460 1352021	
108 832 4511645 6642913	
651 188 3694732 9384008	
501 832 2768244 5698354	
570 313 6154776 633900	
30 893 4218725 8842212	
212 220 969462 7461664	
651 447 5191551 1779232	
158 870 5297993 8586240	
96 365 2848162 3412326	
778 724 8549956 9957440	
556 436 7169910 5650170	
454 621 7949802 5674076	
991 543 2772115 9071061	
291 295 4122592 8159806	
165 320 3505448 6807979	
474 373 5734695 3404724	
225 230 806450 2620733	
559 5 3585306 8282679	
611 679 8645898 9740899	
991 595 373331 1789045	
266 989 9284648 4667476	
886 453 8335731 1482661	
671 809 6635555 4475325	
634 571 7195601 4569509	
30 806 4098258 8167562	
218 147 2980288 9416719	
977 284 3407600 9333765	
209 918 5072765 8657252	
583 729 8149740 4287009	
297 853 2070962 6745917	
24 124 121065 3930107	
864 244 7445479 5876963	
259 301 3010466 7323570	
543 804 2420346 7962107	
229 511 5585055 8951649	
930 928 7689991 2748716	
566 856 3308837 8814500	
627 877 5101282 23960	
617 240 9861133 2548709	
540 297 6992836 5988581	
575 985 2613642 4621122	
974 129 318021 2663700	
884 350 957116 3487804	
370 679 4263405 6483568	
676 751 4947762 8665923	
653 325 627158 2091785	
885 619 4813754 2993134	
116 119 3220167 8891632	
874 459 984710 2289918	
383 323 7864973 5027426	
842 879 2782609 1114631	
529 725 4612895 1722703	
37 55 3797702 8977328	
636 460 5891508 4898973	
792 328 6760613 3040694	
130 925 4637295 3308661	
737 459 8354454 853177	
42 302 8404003 1742270	
65 282 1805712 7093035	
928 132 5144408 9924368	
634 423 61355 7092681	
580 402 7880064 3769180	
834 73 5737509 7011293	
771 557 9278405 7937669	
509 694 1726026 6176111	
287 940 3603391 6783049	
15 16 1841351 4402085	
140 205 6525760 6618392	
405 580 6509470 6313737	
425 366 3670504 2485781	
48 643 7726944 9789184	
513 267 610663 447602	
508 221 3833482 8893959	
373 432 9870347 4644491	
357 655 3813720 2968900	
640 447 6975790 4782737	
689 136 9675922 5225577	
681 249 8834399 5778967	
515 264 5902855 1331705	
313 964 8697366 5469547	
863 853 4383868 4430409	
21 230 8581895 2779980	
399 885 2465746 9038603	
489 229 8394977 8550441	
575 709 4726637 3144254	
13 66 9412578 3618925	
875 362 7047263 5346898	
879 450 3972345 9874455	
481 108 8216224 6765152	
146 98 8946780 7777858	
797 159 2182320 3098038	
311 692 583084 2110958	
618 825 3904561 5732242	
256 732 1401850 7195976	
347 236 9490588 4353448	
508 107 3704826 9768638	
642 178 1555463 351181	
297 754 5070894 8917846	
15 511 6789824 2267488	
100 371 2439205 7321330	
433 96 6890980 280670	
376 696 4679206 1061633	
741 144 3535409 4773443	
977 571 2057941 1715603	
724 455 7689349 3637533	
266 612 9035136 1065265	
23 38 9764334 903296	
340 36 1150383 1138345	
678 195 9837338 3406704	
876 912 954250 411818	
990 295 7464259 9450026	
19 879 8983893 1141968	
555 76 8059759 7958477	
406 118 2346052 2139203	
774 530 7857789 5034378	
944 257 3830872 4439262	
901 110 8187637 7859846	
139 672 3902276 9771775	
673 256 544359 2435918	
844 579 471130 3476934	
895 8 4219476 5872222	
128 192 3982889 2670875	
915 774 7782257 5747089	
508 200 8581356 615497	
784 184 9216501 8967561	
210 774 3064359 1415921	
51 265 9193388 684751	
250 322 3040812 8957573	
551 166 8305599 2298456	
100 259 750444 1630673	
258 9 8280709 4317385	
374 134 4815130 1549795	
246 439 6074637 1833104	
525 547 741680 1507415	
99 952 1334854 4845477	
778 422 3877273 8582777	
611 75 7013184 7989207	
625 384 739688 3291560	
506 36 1380112 3711904	
22 168 4166285 9405076	
942 687 4141937 3163888	
84 215 4031337 8659704	
47 983 9201023 3129987	
453 887 808508 6004351	
318 551 9797629 6111217	
726 1 4651116 832860	
734 507 351962 9516089	
270 706 2421331 2160480	
631 928 6186422 928441	
550 119 5940683 2416321	
928 97 4201322 8834539	
573 433 9823994 8214448	
65 937 7292987 1020602	
406 738 1861544 1761487	
121 855 9082202 317333	
795 134 1333674 6822770	
927 526 5384896 1729569	
812 277 2039318 1756848	
620 60 8193993 7717182	
81 954 131795 6846428	
22 356 3727397 9160853	
613 848 9420749 499115	
437 394 5144408 1706602	
468 212 5768230 8279510	
927 678 5649468 8861219	
469 797 7831444 1660348	
899 39 7498130 4615426	
988 980 8520642 6858200	
892 508 925673 5388587	
386 727 3775651 2453754	
783 74 7963904 9111387	
2 709 7462892 3793336	
218 665 265485 6432977	
767 636 5250327 752152	
996 867 3077970 3302892	
384 598 5490488 9538364	
300 504 4011090 1733531	
701 38 1365341 7379154	
91 404 1351030 7133835	
421 750 4950975 2894321	
762 388 5319097 869854	
474 208 7960513 2515727	
156 740 7750527 8099225	
483 351 3572725 7791119	
297 232 2839919 2304155	
503 924 8866806 1507680	
861 29 6242030 1790273	
850 380 7007473 9961550	
169 686 9572192 6366641	
197 336 8469105 2864413	
698 801 4060349 5923045	
271 604 8606406 3687935	
510 755 9931378 1931525	
430 832 4896934 6344441	
682 461 4566192 4410142	
111 863 1657368 4045652	
831 949 3153915 2613059	
638 57 8098643 2456835	
89 154 1252893 3470283	
189 894 3160636 4534634	
410 253 5286964 5508252	
729 420 5243345 8255892	
969 489 2729946 8911541	
638 202 3179095 6336497	
454 504 9261733 935773	
299 770 6325617 9095707	
507 776 3870194 5650456	
404 736 6204032 4132071	
214 985 8708908 5848894	
867 72 4367778 8745866	
488 731 7109610 6308009	
217 367 346341 8688222	
452 294 7691603 1609446	
114 238 5992847 2664105	
424 845 1796071 941320	
138 417 491829 7439464	
913 810 4139593 8378197	
327 501 7089706 8553670	
113 851 1876715 6194910	
33 765 6853367 5391844	
734 338 5351020 3642068	
541 925 6745128 4356835	
676 977 5781630 5264517	
559 253 5311817 8440324	
929 716 6546864 9966680	
98 966 9762330 1858641	
347 943 7115723 7726523	
532 423 1376770 8817981	
366 484 4756174 5129782	
579 197 1740899 8297741	
555 871 5026592 7743287	
746 822 5855442 7096868	
905 906 1454153 9219240	
359 569 5774027 3580571	
94 568 8381941 7948131	
614 391 3843975 958867	
599 933 8608020 8148009	
234 857 7877663 4989148	
390 865 7704478 2306331	
219 673 1290731 3826629	
117 904 3798319 5420108	
853 154 5964290 1281472	
184 951 9720450 1973182	
623 874 3628284 2321949	
800 64 12926 3133336	
929 538 8586581 1146053	
137 905 2470819 3283700	
532 999 87087 3003168	
21 207 5735846 7090360	
449 314 5371099 2296417	
156 845 5651324 2742254	
667 588 7536128 2382649	
739 28 6119113 720084	
351 433 8760026 7918582	
477 420 6306841 4198948	
435 794 1256588 8101002	
427 965 2613791 3947452	
400 984 3640333 9324253	
787 546 456899 747960	
749 824 5933591 2349781	
769 644 1197308 3547162	
233 884 8592150 4904513	
914 611 9792532 1997846	
102 970 6948892 7857269	
799 201 4333762 4091510	
788 140 5925587 4719020	
885 575 8556745 7600023	
218 758 8943803 7574174	
380 72 4243531 8155252	
597 313 6630518 9423310	
375 648 5785708 3103216	
923 958 7791713 4363955	
192 62 9754003 6400152	
667 81 2698526 9344176	
829 517 5717751 3162378	
29 461 4231911 9277362	
632 759 8043301 6663774	
917 993 8698781 9063539	
815 276 8416565 6130978	
371 276 2032267 7817642	
302 607 1535649 3814112	
392 832 3924704 1593842	
362 525 7500324 7559154	
327 149 2586233 661750	
965 200 8284893 3329686	
736 187 7906898 3319741	
336 332 4950725 438039	
420 567 9770694 2418903	
167 633 93919 6440832	
638 127 8191786 565692	
144 972 1111558 610670	
847 142 5438720 6386791	
896 950 3424563 1829865	
222 110 9262923 5251965	
287 675 3722665 4490697	
46 621 4677136 827117	
977 31 8053885 502438	
615 489 3718252 6125949	
554 780 559474 2647677	
626 57 1167484 2226161	
83 451 9275620 7921450	
159 260 6746586 5714194	
894 27 2121195 1207555	
283 851 230310 8472485	
528 179 3824063 1817460	
975 921 5632823 5020952	
249 895 8284967 8612241	
531 715 2992438 9518999	
276 119 9544806 5488336	
891 582 5857631 5351853	
878 211 9551102 2792212	
351 764 4575949 4192750	
788 872 1188009 2879369	
904 684 6249010 4766073	
972 429 8121659 4752518	
111 282 5459648 5041921	
647 236 4628459 3903708	
700 987 4257592 4774989	
577 319 3410451 579812	
346 885 4271516 5942955	
111 289 1166863 4896235	
912 674 3423648 3574634	
122 961 9579947 5569685	
256 112 8806889 9499109	
995 115 8055448 2045550	
124 718 276149 7917963	
82 277 6631888 2166476	
4 663 2297041 8404962	
567 484 8681476 6539058	
810 897 2948377 6087367	
567 500 1767555 4152468	
180 834 6977186 6001150	
333 57 7644593 1096625	
719 61 3185764 1011760	
865 321 1336320 8523408	
19 853 7460159 9912130	
906 929 6369052 9406834	
383 551 5406914 761029	
224 602 7706569 8526279	
216 158 4187098 7735878	
348 586 7577820 3136643	
766 901 1225393 5853955	
420 891 1761957 87665	
444 860 5517435 414762	
647 577 309829 7856756	
246 185 7327933 4069313	
879 154 7179796 9703961	
925 886 2326400 2813860	
251 479 4666754 9861122	
412 641 4594695 6789044	
404 425 5809139 4945748	
641 567 734757 3139612	
801 970 7549832 6199880	
404 477 3992235 7653844	
774 315 652795 933474	
35 670 4008091 9072889	
495 71 6039531 5323514	
759 944 5578266 6751444	
779 570 5952528 2549821	
312 128 1967256 4873789	
719 877 3572549 4932527	
993 100 4667051 3807463	
438 119 2740699 3351047	
673 974 2736084 612236	
880 351 6873050 1228161	
390 847 8212730 2091499	
467 303 2917855 6001415	
86 235 6968124 7542185	
574 971 9290277 1244797	
715 180 1352582 1197210	
274 233 1352042 3606996	
437 773 6827033 6575375	
530 343 716737 2381818	
836 704 5245263 1098693	
998 456 4153276 1046995	
176 361 9211351 4904025	
960 37 8675888 5390335	
466 867 541465 8535478	
409 382 1357300 9818680	
770 458 6771991 389910	
252 270 9342569 4017552	
494 490 1684577 7418836	
670 159 5697994 2730630	
607 472 828115 7405929	
138 214 9982492 2726132	
655 490 2654116 5692628	
282 930 6258037 6979713	
156 484 4413887 7526485	
777 7 7186525 4299167	
469 940 9165740 9831071	
708 687 6928014 5869197	
506 714 8559969 6881722	
393 784 9121234 8380105	
714 811 5605743 2274038	
499 125 3088285 8373877	
628 220 6186689 3408016	
376 308 5512144 1382362	
873 55 9056177 7303427	
928 226 7142261 9631257	
951 572 3327530 5980121	
32 980 6054698 4882645	
301 887 2673949 4146322	
437 494 5788297 8811402	
103 539 9055656 9717392	
353 340 9894990 2907152	
62 426 6226329 2189217	
412 34 5566431 3904182	
907 1 2201021 446927	
507 339 7443629 2658833	
687 20 8391968 2254162	
100 914 5813787 1635249	
13 620 7171647 5032503	
924 975 4705936 4684960	
302 940 3503709 4678328	
671 525 5006760 9786925	
703 25 7314881 4464512	
166 89 3225690 6472638	
849 301 4947416 9160901	
734 831 4040734 1448971	
779 477 6570947 205094	
967 393 5603440 3486255	
398 308 9304660 2609076	
829 763 1741304 1880998	
594 324 9466923 4720602	
131 65 4510952 4682230	
738 270 3698017 6897269	
691 141 3927217 3802282	
581 705 3384315 5154581	
159 445 7792306 7317953	
747 946 9823171 9452183	
303 857 8579357 700095	
886 276 1310051 1526909	
811 674 8184119 891423	
251 152 6055726 9842512	
49 236 8364756 7914335	
948 961 1157848 7844920	
980 328 9569247 6813840	
341 717 9632652 2161784	
480 774 5833469 5732143	
119 980 9347642 949166	
542 377 119464 9199566	
386 206 3192066 9528374	
487 704 7892202 3604274	
674 655 7792594 2444516	
114 21 3542612 5962609	
202 2 1799685 4276882	
915 60 8678273 6079868	
823 752 4704003 6906310	
849 222 3515578 6102070	
95 659 5616237 61173	
911 199 561689 167226	
541 367 2239178 1909074	
709 19 3462882 2497442	
773 630 3601787 190752	
519 969 4009458 5585845	
346 592 2581114 7703583	
845 901 1197023 276883	
323 755 6760374 899435	
338 955 5221320 3643337	
359 492 5186447 3985965	
30 853 6283000 833919	
741 155 2559404 2515097	
252 507 654177 9773493	
234 122 2118968 2730740	
259 850 3484969 5872395	
741 381 6963341 466265	
529 478 4425782 1474696	
827 602 981431 6071719	
982 890 2690074 1014194	
799 975 7692784 2696318	
827 880 8251942 6752972	
686 502 9703709 9709145	
582 879 7852100 1150801	
673 806 4093043 8292068	
880 883 3041505 3003673	
710 34 1532238 8927586	
26 918 3870321 7125026	
857 808 7285028 3786991	
914 859 9470493 4432590	
584 813 2331352 7460404	
860 839 2281343 7625860	
706 15 409155 830947	
65 405 533551 9971554	
828 194 3456921 5019069	
948 20 8496470 3832153	
189 2 4711765 420348	
345 547 2170146 9506930	
568 416 7638392 46981	
601 826 6619084 7240443	
502 129 9867689 2330918	
932 554 1486854 3692875	
363 96 4541011 5876630	
39 229 2105888 9804445	
22 204 3022323 1762948	
828 64 2917093 9693371	
698 782 844043 2577530	
314 416 8845773 1506080	
295 444 7664772 261274	
159 450 6593392 8621361	
984 611 6383851 1884889	
126 474 5229014 4790249	
71 877 3499054 2830255	
662 638 9060592 4850972	
169 295 3372134 2092100	
180 439 5566493 2279334	
576 547 9946704 2725446	
149 798 9767397 7160185	
291 948 5677058 7088551	
999 306 3421756 5504052	
509 158 4514048 2188682	
956 608 9944871 5839614	
600 527 4143001 1618515	
354 787 4237998 161389	
483 40 3460738 3449682	
701 39 9563138 9461576	
66 850 6772134 6337479	
714 909 1606512 1451975	
884 561 4039686 4548307	
852 834 9539079 1212213	
388 491 2293546 8886534	
389 754 512875 2999301	
368 362 7076832 9895423	
915 150 2899050 5971706	
852 20 2666735 5958025	
265 902 469613 5987310	
471 46 2103062 3808361	
256 21 3360531 7744681	
625 358 6026438 1317701	
293 418 5426578 1251511	
58 204 9076150 477016	
861 613 2246262 3685792	
342 260 2645785 9892982	
148 417 814325 2872594	
572 906 449429 5428297	
561 448 8489431 457321	
83 150 507238 3153642	
713 551 2763362 6275706	
319 27 5638601 4590532	
500 37 986642 3005852	
81 846 3592476 1789232	
297 969 146457 420945	
253 38 5323148 2142869	
893 617 5695177 3952574	
766 909 9395257 8060204	
753 569 2999531 4841901	
993 169 3585 4910985	
358 943 9360352 4720393	
993 618 8296801 3489079	
900 612 786197 6656825	
27 24 7543799 7877587	
343 302 600506 5623622	
535 839 7060971 669232	
915 14 2247506 823593	
346 66 7240303 9475655	
455 216 1363015 3202783	
221 284 1084875 2311336	
596 875 2503933 67975	
970 588 5260299 5014574	
709 510 6487254 1682255	
282 910 2115369 1113407	
670 74 9964533 7939684	
89 47 6246386 7909729	
986 697 3341726 3811318	
778 467 9100822 9873570	
543 985 5119258 9990870	
790 889 1031886 3026081	
247 856 7700886 2548012	
189 451 3131407 950166	
160 636 8662932 6888796	
603 251 206879 5450323	
262 463 6855933 7565169	
524 956 1503436 772994	
878 878 5547062 6489266	
326 162 8726022 9857946	
921 849 3287693 2417457	
543 199 8538896 9812308	
528 376 1405509 6506922	
852 125 3634532 2263736	
391 245 19193 1420839	
948 690 4332161 5031758	
47 492 2775651 6247315	
994 208 6538532 997155	
656 582 4208736 5801022	
621 337 5844575 5580994	
377 379 8301676 5824119	
486 24 2997913 527539	
234 514 4970401 8951090	
282 960 4733320 196149	
511 844 9895415 4293815	
681 230 9641754 5798614	
97 334 2224126 1840919	
140 990 310106 4168759	
857 805 6460660 6968830	
634 414 1088889 4437881	
91 730 8506528 8912281	
411 339 6659805 6365112	
341 400 3620146 3510697	
563 521 7940979 8533955	
371 587 8443482 5286199	
772 705 8394247 69044	
883 78 8029273 4105437	
894 166 7270824 5555671	
663 248 6190665 6343711	
122 822 5783357 5837682	
187 218 9257134 3170111	
381 496 2403206 6872966	
357 952 6851460 4977196	
232 393 4332434 9693055	
977 116 6739812 2906906	
9 449 1787765 2330243	
752 381 4782906 5150074	
148 712 6228176 625212	
119 385 5402863 1467449	
653 569 9658853 526867	
951 497 1749686 1920612	
423 255 5908693 463183	
248 99 8632251 3019029	
736 725 3734185 3944006	
223 131 138707 5784682	
545 700 9648191 4605311	
859 240 655905 1606903	
324 388 4549794 6629707	
843 993 9917768 3594699	
153 173 4809547 4448872	
987 266 2557183 7068369	
411 334 6989608 2502276	
715 72 9879511 9696984	
877 690 6577583 3932125	
889 872 7269894 8033026	
357 901 7559634 7389473	
296 574 5325041 1734323	
920 75 4463305 9056945	
411 250 1290914 4460013	
693 186 5164142 8854495	
615 899 8371969 1913671	
717 836 3763162 5879573	
925 418 7987023 413947	
778 791 2654837 2013444	
426 291 1083695 625704	
261 774 9727079 6638731	
12 448 9501588 5488442	
19 40 4946735 6571873	
769 138 7084339 5014001	
969 306 4710601 2684246	
289 632 4075586 962749	
642 735 9278111 5866101	
487 98 2461444 6382863	
161 780 9456509 91925	
55 930 4292740 9472906	
226 891 9244008 6144472	
469 504 9470192 7498225	
505 265 802722 7157503	
647 250 6829494 2426081	
461 33 2015974 855267	
667 726 3483788 4377552	
43 583 1342405 661364	
692 376 5501583 896330	
887 952 1942526 59588	
173 439 7256569 3219525	
614 582 2899861 6851	
633 629 4775772 9442331	
553 67 6453484 215570	
873 988 448456 5101603	
809 907 6956291 8135710	
217 549 5941899 6123426	
828 723 1098012 3032966	
493 293 1952407 2044028	
772 764 2414744 928934	
843 187 9820849 12464	
854 118 9420999 7926852	
37 977 6823194 9277893	
464 445 2760826 6597030	
932 812 6551978 5504320	
334 673 4463908 8444831	
932 674 5663418 8939750	
231 605 2072198 6448925	
722 110 3663922 7933736	
653 30 9124316 5807092	
407 686 1277652 9750466	
784 554 9266980 3953907	
164 171 319259 9811445	
547 14 4507485 7536296	
873 455 6253130 2518641	
915 62 8990506 7954532	
813 857 1100533 5261845	
778 216 2839877 3252359	
366 527 669001 2619519	
575 433 2035667 1938691	
888 353 7920451 9094260	
567 64 7299331 6479504	
324 943 3000646 4129011	
141 853 5935052 5205335	
898 950 6324075 644551	
724 513 3530237 29534	
231 274 7635337 8224667	
979 269 1610484 2801707	
503 429 4375769 7631693	
729 726 1039309 4219531	
919 705 6412300 2029253	
653 285 396405 198015	
517 538 3236613 7454648	
214 393 2522327 2009309	
568 903 4421722 6168915	
362 859 8902785 9447341	
215 459 385857 5042619	
578 545 4853589 8843742	
670 561 69051 6842086	
475 783 2236586 8333846	
352 257 6104373 8920337	
710 10 9487656 285073	
515 853 906775 1535807	
248 199 7563585 311748	
558 683 8695118 9965623	
38 875 4688477 9421641	
971 224 6961799 3578105	
72 670 4923742 8581521	
11 869 1677476 5206372	
368 601 2981933 5156977	
595 189 1404250 8603359	
846 549 8094457 4910490	
554 739 8827333 5380875	
267 644 265194 5027240	
362 120 6446908 3956659	
342 648 9480376 8192916	
673 198 9381756 9736182	
917 737 4002318 5166115	
546 176 1161176 6537038	
623 474 1861957 4406	
980 425 8600699 647246	
708 203 8192751 1626841	
541 845 3209950 8249839	
909 514 4452006 7898235	
125 828 5076945 4946073	
4 912 905033 4972713	
649 769 8479583 4261902	
445 351 3284029 7696523	
286 483 7691771 5064996	
831 793 5780553 7002896	
134 804 3842888 7245454	
245 588 2032729 47080	
664 112 8625079 3209260	
456 992 7522705 5394230	
61 510 475697 6037398	
798 853 2165022 4401094	
622 934 2486659 7173225	
60 95 1180690 2977523	
716 495 1093740 1010942	
98 377 1053657 6427041	
393 946 4290455 3825526	
5 3 1518193 9626018	
648 331 2070428 5899108	
563 906 2065816 3824722	
513 439 543377 9064340	
399 378 323050 2246657	
590 956 6286836 4814500	
743 949 2697804 7752235	
387 843 9185057 5730105	
938 764 3238346 5860792	
833 774 7217038 3862901	
858 615 2325665 8769356	
650 192 2243878 567847	
249 758 6381259 9853832	
811 881 7696533 9231358	
553 540 8078946 6491633	
236 781 2237235 1136411	
200 885 2320680 7785888	
935 118 9479818 931797	
454 666 1261756 6921771	
311 853 4452410 8414504	
910 35 468048 4954731	
977 883 445457 4099001	
372 871 9367325 960671	
476 342 1721566 743453	
426 591 9640493 5483908	
517 911 6008904 5045035	
251 699 3960394 6260300	
917 26 2417787 4271384	
283 644 6854973 5982244	
262 431 9349982 4470116	
218 705 5053416 434976	
390 635 9298308 3839808	
432 903 7347619 2867767	
242 427 98185 4446159	
320 157 6959077 1818311	
216 746 9937006 1508714	
254 197 9342369 4452800	
208 928 351884 3696918	
800 110 3967594 6539071	
692 506 3247621 2127126	
626 675 6833830 2323419	
725 513 620918 3909955	
18 99 1283955 326117	
582 531 1712944 6761948	
277 120 2690152 3406935	
775 478 5646510 5011277	
347 953 9951043 8386740	
589 525 8222890 1100885	
882 959 165372 7076079	
897 364 8991198 3674480	
661 496 4744570 8806666	
970 446 606953 6436689	
648 894 4806036 4330539	
138 778 2627028 7404179	
253 120 6334042 3182047	
723 275 5766467 6653514	
337 241 6000985 830467	
369 697 3520529 3902684	
272 498 9300334 1058038	
971 718 9948341 2895253	
963 391 1748326 3668061	
736 703 2694982 5715796	
48 945 9129379 8752369	
492 402 507192 759869	
639 2 1159167 989678	
294 840 9328361 8106084	
884 163 4474233 4360673	
518 374 776827 5888424	
278 802 5121122 6717201	
89 29 98008 2567387	
172 382 5329120 6088413	
247 977 8028764 9144023	
142 145 2937848 2899289	
248 233 7295195 3052377	
924 171 8313133 1058452	
703 424 3624869 6958952	
450 675 8373681 9287524	
847 823 6487905 5443108	
76 379 4669277 2593603	
869 621 3005004 3366039	
522 759 7382337 8540337	
597 827 6368773 421732	
150 8 9584382 6778840	
243 73 3564229 2360421	
177 537 485383 149867	
621 999 9923839 9149657	
133 985 3028460 4818678	
232 925 3205318 5433955	
361 736 512303 4338812	
883 916 6251094 6953067	
662 116 5485664 2656911	
53 469 2115020 7336647	
228 624 607507 1004167	
35 526 1701407 7336139	
868 688 7357353 6757388	
30 660 1540931 9704365	
149 729 298886 2290914	
706 854 2299172 723295	
478 526 3683144 8857764	
466 491 4529239 5302292	
361 204 9510962 7406784	
561 797 9376967 3363715	
9 453 4160303 8185402	
496 258 8109803 3174418	
243 967 9734230 9854686	
609 200 1279147 3994422	
175 453 2372613 9030847	
571 63 74806 3131782	
434 997 1220952 2411236	
593 663 4614126 1877054	
838 5 4759587 176849	
499 93 4789513 9939578	
261 410 5070444 6175081	
470 762 2008642 624171	
99 371 6756654 7811998	
186 514 284854 2407303	
211 197 8855504 5049454	
275 625 2485440 5586160	
385 821 5398327 6508425	
509 36 6700731 3570774	
414 755 7142327 6935273	
902 63 7135996 2644658	
635 61 3547722 8159391	
954 463 4740158 7621011	
354 585 6601573 3481208	
589 684 3283477 5861801	
911 355 3320370 890741	
955 803 6434208 6480571	
291 789 6505466 296519	
146 702 6013840 7407609	
56 123 1060710 2076772	
75 747 7957604 9192243	
110 246 6197865 5269874	
193 354 2135541 9578688	
228 972 797904 3251805	
451 585 9754754 6748825	
571 590 480848 5593507	
975 142 2329873 9696935	
422 471 965615 1952151	
160 880 2136600 8296620	
186 380 1715459 4342773	
510 330 2669575 509412	
319 119 8763644 670299	
407 461 2607771 2682239	
189 76 2404481 3848958	
109 389 7963195 2587957	
60 299 4913950 6835311	
718 549 2166443 8254320	
323 713 1296678 5879092	
580 327 5675865 4470191	
793 208 1774305 5806975	
517 97 2991025 1805777	
431 398 3135902 9012553	
613 103 8906299 1447005	
101 10 5795628 5379014	
775 640 8540013 3693471	
49 2 2482178 4084614	
159 566 2064601 3867806	
637 729 6973923 6835069	
625 237 1643439 7449847	
488 687 8062108 307762	
822 599 6660203 9347043	
589 629 772730 6723534	
112 311 5024327 9540730	
135 142 7359343 7233468	
568 430 5332481 8076378	
798 83 7700779 8727176	
473 466 5430019 4035993	
927 646 9936043 2199757	
256 273 160745 2514978	
652 187 9307540 6610878	
638 584 4236875 6913858	
237 367 3264302 1136251	
809 774 363798 145133	
77 632 6985119 1492846	
822 773 8011491 3806521	
630 485 7336944 1095401	
41 925 5763393 9179778	
243 568 9924376 8940366	
400 989 6045640 8815073	
230 55 3105053 9177663	
423 402 9838886 3104956	
832 483 301610 8150567	
460 388 2643015 8549156	
652 711 2472798 6819094	
339 509 5162405 4293952	
945 341 5028372 5028486	
702 731 5119617 7820340	
734 617 570648 4479238	
604 192 3313332 1791191	
21 485 2488970 3180869	
582 408 3272525 9572224	
536 261 3284919 7751992	
278 774 2635038 5146304	
346 60 886190 7824247	
874 893 4440080 9937025	
330 2 2972993 976138	
73 398 7716589 4760225	
24 954 2132816 7581739	
52 706 3689409 981962	
558 482 6389441 660227	
880 331 4458268 8295113	
471 530 4889176 5533489	
155 184 917915 3302400	
969 285 9801102 7897476	
200 597 8906330 471885	
819 617 2410349 6868681	
44 636 4063105 1464387	
424 467 666326 3278447	
512 619 9939684 1105212	
796 558 239164 7113996	
213 708 2832119 2195156	
74 857 1082591 2270427	
881 806 3455338 9152753	
951 281 5222788 1395935	
560 4 6408538 4969142	
899 226 1982758 3220195	
316 291 4137339 1493384	
313 668 9703656 8613760	
788 285 6781221 7223160	
825 721 4956748 4602368	
673 251 9438631 2187437	
826 725 9969308 4044181	
331 838 421028 9092629	
885 211 5850474 9488210	
158 501 3108421 8657807	
172 292 5501562 3854598	
974 786 6301111 2997995	
154 369 503877 2286531	
673 306 3794124 4582451	
816 315 8664953 5825550	
590 446 1621927 2782723	
433 692 2819467 4174729	
584 605 3036195 6123068	
382 927 9746937 509420	
616 26 3566299 6128321	
901 770 1869282 5335738	
665 82 7178374 1591337	
691 836 3275500 6087266	
231 244 6122072 8905111	
202 479 6388013 3214388	
269 777 5667453 7092930	
84 780 960208 6029552	
344 672 7866071 456794	
698 953 4095137 8259556	
7 186 8189220 6323446	
851 56 4363618 609268	
843 882 204812 3917260	
860 482 4923092 2690678	
471 26 5926788 3640933	
887 368 4559013 5027225	
739 702 6045155 8004727	
15 685 2489985 6487777	
781 128 6489151 5031799	
896 505 1782946 4247751	
127 155 756284 2955967	
921 633 7293105 8795935	
2 127 1944853 7879278	
773 601 7190314 7567523	
121 889 1535063 7025753	
908 747 4486712 3970127	
698 903 6115410 2896086	
987 979 8689060 1523545	
180 185 7374323 6981145	
528 648 8620114 8875595	
187 968 3277537 7699023	
68 837 7324139 6219886	
468 823 3130689 6915625	
967 308 3561405 7478779	
246 223 3674907 5167451	
550 272 2730724 8914722	
178 412 1884209 7492338	
674 138 1544517 5220024	
334 798 4470665 6103772	
972 407 3814080 5557979	
966 970 6048650 4352377	
937 900 7787055 9909761	
600 904 441062 3989990	
770 617 4933515 703641	
917 845 5621151 698429	
371 565 557476 5211841	
211 888 6686833 6727047	
171 111 1922659 4692270	
688 267 2178187 4209095	
549 488 1098575 6246752	
792 935 501106 9659672	
426 367 1881350 2242758	
751 119 9203879 9395755	
248 551 1506485 2386287	
18 110 2541341 1142724	
997 191 9809664 6314202	
895 742 7782514 5659821	
27 132 1716970 3791652	
620 679 1722460 6808323	
522 384 6048052 9211188	
391 820 4491705 686758	
108 32 1203294 3154398	
374 907 867098 4011641	
673 279 1329700 2734651	
479 687 2182461 9820958	
798 756 8234277 1389307	
822 757 7900628 5494129	
251 660 5704684 2282424	
101 609 9725594 6388723	
907 755 9203553 4670404	
796 203 7958978 5200929	
109 805 7124362 4213196	
20 851 5118921 3094752	
890 516 4083297 8779850	
999 81 9898148 6328954	
761 658 62091 6787727	
756 622 1729495 1900721	
692 635 3297547 4423678	
197 687 5378235 5886213	
768 395 367157 5670366	
982 175 2904654 1841268	
513 250 8640771 5914766	
797 545 9317536 788736	
249 871 6054869 6178910	
297 663 3355211 1811380	
965 445 4843542 5990745	
866 42 8671114 1972581	
111 725 9122957 7905296	
539 556 1430246 9213801	
347 542 950577 8037857	
836 886 9870335 8986204	
862 113 5426593 1599093	
46 671 2757753 699392	
4 363 2650238 562087	
478 557 7589278 8058480	
85 362 5514909 579514	
519 159 7631448 4962821	
6 880 3479776 7677033	
895 201 2101639 3405490	
925 21 5620203 2189860	
412 984 4721925 6913248	
606 863 8751310 8777450	
586 666 328911 7566003	
203 68 4362392 8501574	
988 748 2106407 377551	
206 405 2031360 4462297	
857 613 4383039 1312508	
974 291 8933947 4642753	
476 882 6596925 8153113	
796 459 9644027 5053039	
129 889 1998117 8311938	
669 78 4181033 4253085	
960 568 8017326 2421760	
114 763 7933207 1045839	
901 619 8211686 9326423	
115 131 3081357 7824900	
946 915 4107432 8380847	
954 784 7388071 7346433	
441 688 942150 435482	
85 857 1760950 3906995	
729 245 5444026 8849012	
397 555 1777320 9663693	
449 578 1869663 4957036	
188 436 7305375 9827913	
3 516 2908520 5167842	
896 536 4702805 9900135	
262 727 4802693 4891654	
212 822 2030563 6986007	
343 237 9982570 2695389	
459 883 4576634 8758292	
367 871 520158 8589138	
264 187 242975 8401804	
510 405 9774992 1036293	
396 750 6230296 2350715	
256 49 1924367 6660191	
308 542 8360818 7471616	
691 313 8956676 5415082	
362 496 8295026 7755497	
923 216 9548436 7515293	
942 573 7786801 392339	
123 269 105238 9634274	
645 937 1294802 89326	
527 657 6247283 3791181	
525 905 4866929 704036	
737 564 7930298 6839529	
954 25 9443330 9272418	
999 643 7798741 1802773	
975 335 8041065 8883077	
754 235 1217388 884635	
154 557 5456412 5541726	
651 14 8638776 7287697	
876 763 849861 1850902	
367 456 9420535 3505407	
678 831 3459593 2524391	
50 637 5597711 3503564	
700 834 7898311 6321082	
937 621 4030301 8970228	
599 346 4232872 9169702	
698 938 112468 4988510	
270 550 194287 6937065	
370 416 7742340 6079430	
568 938 1620914 7043744	
321 926 630747 2676057	
796 341 6760410 2173009	
553 481 3471060 4571738	
104 989 690784 1636615	
764 427 8822591 2252888	
103 366 9143589 5971869	
54 447 1558796 766410	
949 567 801705 3164909	
824 447 415348 9387925	
854 43 2205848 8579941	
450 428 9649875 4668094	
472 644 9963883 7879922	
511 875 310630 8432234	
933 43 8762630 806761	
983 288 9738236 4016801	
324 767 1492629 4794660	
560 954 5706624 1139829	
261 288 8432572 9917374	
430 242 5426897 3855980	
848 805 5123805 8028526	
203 214 2736884 3688597	
707 673 5352363 4881593	
350 604 2092116 5146846	
940 652 8142649 4224006	
497 806 4356815 5651655	
900 535 2240996 5851388	
126 768 6075619 7566243	
336 24 9795664 4360277	
750 449 693625 5096205	
58 120 9238596 3338096	
465 710 2335838 4562220	
567 719 3529317 8347612	
806 393 4800169 1604005	
176 539 4088865 5737727	
245 600 9558166 5885592	
39 971 3300847 5228209	
260 126 952076 5260056	
172 994 2971197 7257616	
893 333 70841 6576370	
952 781 4145707 6961332	
846 743 2932441 1791440	
843 248 2088771 1914750	
699 39 6699253 5994747	
63 350 8137346 4608755	
583 186 5935684 566446	
718 609 4338478 181091	
705 904 698769 1046483	
471 988 4280211 1586155	
407 775 7234618 4435583	
164 934 8075703 2814516	
117 849 2707770 8183264	
943 151 9981749 3281916	
376 747 6969189 7516530	
345 400 5147325 8710630	
360 898 1866265 4305005	
468 444 6190002 584953	
702 720 6389427 4141987	
870 41 9476402 2999487	
224 295 2021354 9502947	
25 765 1906590 7708651	
153 290 4761783 2132247	
246 324 7623890 1453014	
722 690 6189604 6678056	
794 929 6168553 148884	
617 196 1119631 62355	
454 250 4106658 1458631	
612 958 5447189 7980551	
273 435 8659277 8451514	
853 746 5644100 6222021	
289 731 2164202 9654649	
702 465 6990622 1221704	
27 217 9641674 731451	
718 446 3217399 9718013	
263 279 4387562 926487	
383 849 951943 8851988	
38 556 6073656 8521451	
409 15 1311207 8101271	
212 205 6206259 3238890	
28 646 3269791 6855	
890 482 2066577 9176275	
500 243 1840593 4577263	
920 895 4037533 9833922	
172 295 7033010 74945	
249 331 467368 1228649	
813 371 7929846 5686671	
386 873 69576 7335071	
644 375 7500626 4105185	
362 317 7974711 956964	
403 938 7742504 7183292	
559 660 6293692 8706163	
46 116 8033439 8852662	
559 261 5657184 1376082	
197 293 4136579 5573495	
649 706 7796387 9366548	
244 512 251525 7604344	
969 839 1680993 9833889	
74 192 594039 7645288	
370 878 3001544 9434929	
791 592 9995449 9490251	
924 996 8856020 9942853	
409 203 209158 9736602	
693 265 7062782 2363552	
425 681 4929444 5816030	
783 397 7140996 3175407	
387 839 6961224 9032673	
971 296 246783 3881780	
68 703 4962085 2332559	
133 29 4685211 4911822	
597 609 25194 2986708	
534 444 839921 6579485	
975 848 4487301 6812065	
601 373 5140297 7151946	
714 441 9924434 8542345	
89 998 6562927 8592363	
952 170 8310775 7811352	
760 727 3971849 6749825	
293 162 2360903 5348034	
538 671 4403294 8352934	
791 930 7389034 6001775	
815 591 6415417 2727066	
952 975 1555836 3547182	
55 41 4957792 6305626	
352 761 1238678 5054879	
87 232 6541588 1842420	
507 126 1619622 4769574	
514 86 5179637 3879749	
922 945 9606881 3067025	
481 809 1655607 5977080	
803 201 1905651 7153242	
626 305 8759558 5136813	
803 405 4973504 3776836	
438 687 1258587 6072333	
320 750 9376328 5683392	
378 195 2314776 8292357	
243 195 187974 5737436	
73 820 2059865 8788430	
805 175 7508269 2149847	
614 69 7209914 2030009	
151 573 519682 3709674	
479 326 6720333 6631112	
483 63 3905247 5741395	
879 489 2814386 7995591	
254 978 4409175 1139060	
431 645 2332314 969875	
625 432 5033444 6146185	
836 804 9520981 1077372	
592 452 6466387 6371741	
940 899 2344477 510181	
517 559 1900937 1545543	
896 547 5696564 5031384	
519 352 4605196 3754728	
401 330 7432418 676095	
99 329 6278434 8168742	
876 702 8604002 1857948	
623 404 9698857 2464177	
294 957 7785570 8525651	
823 318 5528852 7004901	
797 97 5992101 2552514	
222 413 9589669 973178	
664 828 5078787 4344599	
522 36 3956330 3594858	
171 409 4649527 1219092	
342 208 27162 1316066	
864 477 4505172 8240392	
291 16 9126250 1770616	
364 562 321630 2298255	
352 622 3268975 5400442	
259 496 227940 6340207	
709 706 6756082 3220943	
901 496 101633 5440694	
643 590 6598639 2410606	
886 330 9561894 7942264	
909 350 9789543 9157359	
788 576 2675352 8587019	
31 666 8666177 9196465	
293 673 3174175 3743095	
287 289 1929949 9209368	
215 146 6507859 5609420	
786 537 532080 6047004	
999 112 6849005 9154820	
889 386 9235082 8155438	
231 965 6920607 744828	
451 347 7062933 876357	
349 869 5372589 6061724	
760 516 5853295 6483143	
248 561 8296838 5390270	
848 891 3001091 321657	
684 807 7743576 1178592	
785 298 942457 4146932	
450 713 4027699 4379653	
956 13 9645437 4583277	
84 41 8187369 2185103	
818 536 2226996 7910378	
480 605 8471753 3498710	
547 740 4999555 3545378	
144 808 8612565 5382304	
119 29 6006336 2956120	
987 388 9733039 336201	
749 21 2043251 9595815	
507 473 6282156 2489000	
399 720 6947773 1200651	
890 148 8564786 9240754	
952 79 3086054 2282803	
125 780 5820480 4245170	
6 360 6772101 8089113	
438 551 5965129 3005283	
715 738 2186549 4900601	
470 755 7597868 3469532	
15 124 8590366 5896464	
443 651 6498039 3913954	
569 271 5818491 6983903	
178 869 4440855 9408919	
297 889 4058202 3020308	
263 633 6981104 5589710	
897 576 7211372 4881221	
830 352 1342872 1260258	
816 101 8223911 1013605	
381 470 4062847 2298213	
300 781 2489082 9862851	
861 772 5239697 3792992	
710 419 506031 527221	
693 783 5441679 3456432	
79 554 1553624 848709	
811 280 8675108 8413187	
928 594 8617947 2063203	
838 373 7092050 8958895	
793 708 8636735 1816457	
386 132 9117352 2769466	
474 257 628882 6770212	
178 195 5513755 1344849	
8 913 202380 263286	
63 370 7994517 9290244	
525 569 1970756 3721840	
268 790 9588464 9379708	
665 583 928425 8455416	
203 802 1804398 7720014	
971 920 2472063 491309	
917 397 5282826 6719077	
744 247 868579 366450	
898 641 721620 8402616	
165 120 8713394 7004851	
193 285 8966193 417954	
97 975 3193123 6754360	
27 448 1824501 2041100	
890 762 7499756 5087526	
949 26 4080384 2248783	
642 683 8665602 426762	
233 258 8459942 4907675	
881 729 3306915 2787122	
758 742 2229750 9050143	
319 366 2165995 5018922	
811 995 3686140 2822909	
375 995 2729537 526878	
305 562 2811610 1209194	
453 590 6793870 1549476	
713 597 1800937 7414880	
525 193 5094856 6856013	
620 787 4347878 6628932	
466 812 608409 4561395	
154 430 3695351 9952193	
686 632 858765 8307739	
739 548 2391398 7550738	
63 322 599443 9460979	
532 908 1648577 1357513	
861 697 8868506 7979652	
633 917 5603360 4759352	
323 902 1562908 1014308	
650 442 3944869 793806	
858 836 4541333 1298231	
514 771 4518467 4926894	
358 501 6945292 9531996	
442 67 1042612 6058548	
917 565 462009 8396759	
861 867 9539896 1859931	
432 489 9577947 3133924	
688 424 8288914 6353433	
867 184 1286558 9755158	
761 924 5195600 1077014	
718 330 1396867 1172716	
452 931 936170 1766304	
87 157 668190 5798708	
412 687 8907345 5135267	
95 706 4884960 4455709	
180 307 9678309 6303780	
798 328 6341975 8719575	
899 237 8989044 3309409	
640 445 5278319 2773317	
726 796 103318 3284093	
493 433 4413811 2381779	
572 53 6082885 5308115	
746 781 408157 1833645	
740 754 414393 3430063	
517 584 550995 1445038	
630 576 8549679 9646684	
990 802 8427700 2344964	
165 443 3266715 3139973	
96 678 2641163 2158167	
772 287 4310340 7763279	
207 121 7097521 98730	
802 193 3040787 5245560	
348 917 5136121 4022989	
988 528 1559120 7648549	
383 98 5204643 2871608	
179 286 6740716 2924411	
58 880 1882747 6538042	
863 615 5419739 2923798	
317 189 6860305 9465143	
178 204 5102487 1285215	
254 843 6218376 3292839	
967 945 8704913 2675589	
190 220 6573654 1772220	
162 120 2773233 3660478	
867 280 3510284 6067651	
208 140 7810644 4878029	
447 666 790527 543104	
558 749 3241036 55647	
22 742 4608646 7872468	
208 466 96379 5930266	
680 247 7489763 4980186	
140 961 2753351 6792752	
712 565 873557 8435617	
92 30 7899282 1386868	
388 402 8200301 5384764	
453 753 1975407 6827194	
947 73 5719906 2290188	
251 513 931234 1956502	
791 470 3644763 9120268	
133 492 4613315 4580139	
602 242 9345180 442583	
948 443 8029730 8026405	
121 637 3462978 2316361	
75 532 6476949 1775615	
534 9 6953982 7613127	
861 259 3405478 6778298	
16 955 3160497 1866500	
684 597 8358306 5659077	
756 655 4412231 1203345	
901 670 1765768 6369178	
965 27 8817711 4398300	
666 563 8154588 2579791	
681 977 9016951 2938465	
917 68 2790004 5424350	
935 139 2324722 2428928	
103 497 738214 2035039	
737 170 8321076 792971	
124 991 9789997 8804728	
607 940 5238782 5019183	
760 114 343380 9580089	
888 613 7172873 8520268	
359 903 9564253 5681463	
871 961 9898232 4355262	
880 989 1780998 5873446	
838 21 1982541 8898336	
511 771 5689142 7812323	
503 549 903137 3976061	
894 208 6689875 5169490	
959 616 139616 348151	
716 220 3932867 8022339	
168 35 1503253 4402788	
813 272 647400 4636764	
229 308 806469 3686072	
177 259 3579359 1349006	
168 198 478535 8901295	
252 445 5054340 4221351	
708 25 3422581 8065139	
692 817 1676762 539420	
602 343 8235072 2242204	
304 878 8547456 3005541	
352 671 1923602 9147543	
256 627 5777459 7020748	
833 560 6791412 5546831	
758 167 351514 7237588	
174 396 9692956 4498618	
315 171 6635190 3890485	
430 978 8038843 9626039	
361 203 3322730 5369243	
73 103 8098112 9846186	
532 724 8821278 3596440	
997 85 4529880 6460678	
109 467 9389759 7786912	
830 402 7726496 8440164	
163 735 6815803 9535235	
551 419 1040150 6735369	
789 123 8241680 6170507	
87 443 3759480 4643535	
377 50 3806041 5112397	
343 220 8262619 1551794	
244 555 6166166 7104879	
313 326 9781089 3107621	
145 724 2573381 1554786	
309 829 7656866 4888611	
73 224 3679148 917428	
78 17 4478950 5434213	
508 456 8241460 2125736	
536 928 4677515 5251086	
762 964 6783444 7232128	
136 977 8298471 2150391	
359 851 430653 1705198	
418 911 5746975 3416090	
444 119 7403989 2471290	
129 940 7002655 6443660	
62 70 6657599 8648086	
408 982 6892571 197220	
776 110 5696502 3663392	
924 517 284302 6092091	
509 560 4003818 1369229	
523 772 6301637 7077840	
649 365 8141765 7485811	
893 590 8638842 2652948	
482 936 223742 491437	
16 550 5919707 5318395	
710 687 3203977 9786060	
643 681 6992120 6589128	
388 209 5159415 9114666	
879 349 5653128 6526565	
904 478 4340463 2244270	
10 721 2526572 987816	
732 891 27476 3278028	
75 562 6547945 9040853	
537 427 4487139 2205280	
330 934 1238109 1222638	
933 744 4209980 2792509	
670 845 9408454 1998504	
542 548 5404125 5805765	
282 758 3844819 6811089	
309 145 6352893 6298910	
277 364 9740356 1013920	
962 697 2425239 2283720	
838 14 3436032 3050138	
345 339 6185065 5167720	
452 725 2389592 2829894	
847 946 6414300 5061256	
105 736 102592 260485	
588 98 4135305 7924838	
986 155 7519509 3386671	
41 445 8472877 1381432	
81 396 702185 1152352	
768 501 1140723 8772445	
221 725 2612261 1101299	
590 637 3473116 2845938	
644 411 857232 1978484	
980 880 5424115 1459884	
813 714 5610668 1553352	
741 991 7585176 21904	
270 173 663936 1587318	
48 161 2080359 3558787	
617 409 8897909 8334042	
745 580 5645557 185721	
281 19 4270939 8385903	
397 105 8723594 184216	
567 907 1277054 998228	
950 179 702098 1964671	
675 828 6777983 4706439	
43 226 8666110 1678311	
756 758 9119842 3318459	
902 735 9475065 8640051	
793 208 4186948 3319744	
544 350 621056 6337450	
88 480 5686684 3067232	
420 354 4710714 4019392	
377 435 6462230 2299917	
13 114 9736124 8726214	
185 296 7185417 5925273	
876 165 8102783 630973	
803 620 7346909 1416280	
527 863 2778787 2049539	
454 637 380899 7494920	
153 710 1872115 872527	
520 760 813532 4490437	
565 751 8972224 1014672	
468 244 3595663 1825096	
993 730 3008294 837248	
977 641 7970376 8888842	
270 989 1198103 594498	
79 910 8005033 9831785	
728 470 4355282 3818884	
583 774 8515281 390211	
678 554 4622067 483530	
911 219 4198959 5248505	
586 891 3277841 3160182	
476 803 2310517 664277	
250 816 2498300 5570039	
172 802 65028 6574344	
78 419 2442261 4937998	
140 80 5746505 1494708	
278 868 5610761 8117280	
898 963 352144 693757	
166 97 7723843 923444	
159 352 2364227 2324675	
59 547 2677539 4883638	
93 725 7093551 6088301	
192 285 8609976 1013690	
631 742 2449313 5562721	
889 397 1928235 5435674	
372 607 6147260 4488231	
793 278 6636436 9189459	
46 475 9184200 2751852	
267 98 4238099 5538580	
71 719 3410924 9334279	
272 468 8680093 6339066	
639 35 712971 4097214	
857 89 9263998 9212856	
932 968 6781403 2869380	
142 939 1686357 769473	
531 688 3387436 8435600	
114 411 7034688 1573127	
816 458 8141064 3426935	
829 615 9420018 7486520	
167 592 1417617 9033505	
620 7 3066639 772559	
73 390 5779376 4968414	
747 343 4203470 3534992	
850 881 6311798 4016225	
510 994 1369381 3878717	
501 38 2027226 1941505	
216 542 4338526 9079862	
417 478 55831 8134504	
568 662 5101105 2354712	
41 607 8022767 7462851	
952 295 2534643 1277580	
302 525 7171838 1448482	
854 188 8320353 8674140	
623 51 7276463 1098279	
104 8 2151336 1902345	
580 656 799061 3742465	
951 335 2777770 3475522	
825 155 8891663 9556553	
42 27 7732338 7871720	
721 539 8457545 9655808	
176 643 68166 5750901	
249 452 580647 3909375	
401 830 6297602 5515450	
126 377 3644003 2108816	
366 845 2883722 1042161	
777 807 4077638 5605543	
68 677 7819245 8183177	
712 321 5706613 1675357	
79 535 3102843 6972679	
131 698 8506196 7295501	
113 852 7018567 1994106	
93 971 4313179 8277674	
300 320 6287384 1792487	
359 555 845558 951143	
868 867 8221186 4615649	
128 429 8606805 8433833	
18 988 2292846 5618341	
212 681 8161189 9782068	
643 261 3251250 9203172	
887 558 2393892 8928442	
249 415 6677503 1221711	
518 612 1351126 176246	
779 876 4707710 3496927	
310 436 2257354 9319754	
379 235 9803751 6232420	
3 943 4976413 548516	
38 740 5256101 2038342	
89 156 4640145 6245987	
896 522 3177284 4936683	
194 968 5027226 3786131	
530 918 285821 4081526	
578 433 9692890 5901463	
885 985 8032231 6577528	
335 680 8375186 6988932	
664 989 4408307 9423818	
749 710 6059827 906383	
861 438 5457798 4863063	
454 961 9414033 4307401	
838 7 8057762 8676134	
478 697 8936437 2959059	
809 529 4024520 9031752	
7 22 3881971 9858687	
841 75 9348179 9496291	
708 531 6167776 3608763	
512 17 4755631 157752	
755 402 9449404 610507	
195 927 4643598 5536293	
273 22 9748620 4908998	
515 56 948030 9224604	
787 112 6042494 6478987	
903 134 8205593 9725555	
401 636 2674455 9069971	
345 285 7144118 9094592	
837 719 2168651 6952933	
335 802 6896355 7601404	
206 204 2195263 2411890	
799 694 7378084 8942587	
321 456 6614301 2475851	
210 930 1162327 8335373	
680 505 2004686 7121315	
434 536 2400502 1268941	
744 650 6629838 5513170	
909 755 8676498 8365160	
998 194 9880154 376684	
569 786 6824019 4226476	
394 69 9175706 7079058	
593 755 2900988 8554877	
135 750 2379505 8990218	
441 897 27358 8708303	
473 961 1175790 387514	
835 170 3246190 3710488	
116 401 9499798 3373023	
318 869 4334510 7722959	
89 900 5885875 7682884	
752 169 9869769 5523320	
413 191 597185 3240470	
697 864 7297105 1132812	
754 704 270125 6917254	
854 51 8425961 2594923	
280 665 3677200 6391883	
927 891 1772951 4966530	
316 44 5017576 7825530	
83 101 2157097 1758670	
56 835 1429985 7177042	
846 309 8559075 5046384	
461 507 7004570 9650112	
764 980 9580929 2653973	
736 384 2119086 5407447	
289 142 4825715 9638817	
223 237 5273652 3334629	
448 790 3705944 9521506	
326 287 9718149 8854940	
560 471 5798955 2503128	
142 405 9568164 7447565	
855 172 3480950 4780652	
779 305 9822837 2298010	
227 411 7491216 218270	
983 143 5047275 2182669	
403 81 7721410 6259587	
547 39 2021382 1740997	
812 405 9167785 8722795	
191 698 945692 6443977	
37 122 6087544 6100829	
27 470 6006164 1311021	
257 868 1082079 5018432	
465 918 8777924 9347357	
340 553 8422889 8692880	
442 202 1366161 7143279	
230 412 7414595 5105371	
141 353 1891628 1658021	
143 359 9519472 532413	
947 828 7385275 1916871	
648 166 8964564 1027310	
274 564 3239260 4700605	
95 12 3384682 1021536	
979 125 6501510 463872	
997 942 1488136 1593702	
586 433 9792971 4871092	
945 793 1980613 894214	
152 5 7009957 826197	
303 260 3278576 58595	
686 564 3223976 1240378	
481 824 8613143 9345347	
222 432 8861728 9058961	
842 464 2506152 1092316	
235 67 6439609 2243348	
354 160 3409624 2531153	
920 729 684780 2469271	
960 462 4307632 8441112	
943 310 5822655 7190901	
275 596 2010635 3088152	
674 974 3918785 575697	
573 816 546687 994497	
592 450 7977265 9521160	
295 59 5775368 9542687	
505 429 2969631 2186685	
208 208 4709022 8265205	
447 804 5111174 1661877	
134 701 4982815 8319191	
648 184 2291780 2452825	
691 521 8154922 7311849	
770 386 9580370 2261698	
801 99 4543158 2408610	
668 474 1761478 3875825	
811 48 8864815 3722366	
308 162 7873752 4592995	
961 160 1674471 3587644	
114 341 9660621 2042039	
571 578 8004020 4961410	
925 857 2240940 2968275	
779 635 6545244 1900221	
985 592 5393345 4378010	
867 365 9506257 2270571	
800 376 4083231 7643479	
213 361 8523483 4427758	
568 253 6974824 5997259	
701 231 9479770 2887017	
830 134 619045 2367421	
974 602 9606909 5521838	
398 937 2773844 1313377	
263 312 4620306 7058342	
173 896 2874973 359482	
641 137 3929357 7106754	
404 844 5282842 1606263	
492 200 6807615 2838778	
66 917 6676682 9861720	
623 950 5093583 2291066	
519 317 4532425 3997501	
958 473 7636588 7574744	
350 465 1882921 8293909	
983 679 8453603 4685415	
278 150 1990954 372933	
158 892 9712981 8782711	
350 21 420281 1815915	
302 173 411289 8862039	
200 90 2738665 7579744	
584 743 3473788 7240251	
14 758 1783562 286737	
93 808 7330680 3182929	
988 228 9919764 1114646	
154 89 4038971 6225882	
493 79 5554724 7540597	
462 436 6411522 8827574	
836 210 9201989 8374643	
852 940 5336366 3220003	
554 302 8565507 4905943	
7 86 5031880 5423848	
358 474 1933925 1116061	
687 593 565003 7367945	
482 801 6490834 8521679	
159 807 8076684 8810635	
948 940 1818820 2197776	
291 631 4773093 1827843	
409 177 8965897 2508177	
459 281 6053732 3794738	
609 854 823587 3978487	
793 362 2696406 9627402	
191 256 3214539 7098041	
474 75 2797221 139698	
495 725 6295488 365369	
783 678 3919860 6820862	
279 9 9610435 2816871	
337 676 9486509 7449291	
760 542 7147676 5732234	
478 603 3273540 7583477	
222 685 818682 1423362	
126 673 8305088 8405601	
453 720 3518698 7762942	
437 21 5019794 7311963	
718 740 8791304 2808887	
568 728 7085972 6100735	
514 463 8315849 6219913	
424 352 5498714 2643742	
379 365 9301044 6898122	
770 200 9889170 4386479	
153 482 7719668 3076431	
260 169 2892308 2252789	
609 692 9005263 9984329	
966 571 3307404 9267712	
150 262 9141098 2798265	
766 14 4067015 8974233	
267 989 5485682 767770	
498 33 3561696 4507154	
854 323 2170798 1709971	
154 919 9382185 6575890	
14 408 7299123 1798719	
501 872 4274620 8194385	
925 164 1099032 621741	
434 383 8052694 4721248	
515 102 5678182 5310846	
21 543 9702927 769321	
95 821 9552637 1440067	
730 803 7018622 4754873	
901 786 8587917 4871288	
523 531 1562865 1898533	
483 259 3248350 1235300	
556 633 2138502 4673993	
143 50 5792957 8831296	
45 411 3444954 6034610	
274 994 7922087 6008448	
436 746 4727043 2110761	
262 989 3622224 9754373	
419 724 3950122 2956433	
750 691 6567986 9513956	
439 782 988750 3766392	
534 980 6243549 4997870	
343 532 2155247 9806739	
6 628 26109 6247509	
499 458 2128245 2446601	
89 650 5354075 3232631	
217 808 5131773 7456582	
854 256 8921439 308465	
601 125 8435800 5184857	
565 375 2445135 8346062	
15 25 3153953 9601021	
716 271 8760660 4710159	
189 42 9170827 7870224	
751 855 4590397 6284692	
629 561 6161097 3210182	
537 909 592002 8134040	
387 147 5854605 9840745	
340 608 2841618 7679450	
436 836 6400389 9078568	
998 387 7053118 9165659	
893 323 4679026 4837608	
238 414 4262089 8961844	
36 268 565341 8488653	
575 692 483911 336411	
631 401 5920515 8685889	
65 56 8768883 9324605	
401 448 8132990 3106219	
218 165 8289095 8263200	
513 414 2218293 573419	
778 914 9858622 1659123	
909 169 7934957 1622773	
696 555 2260721 9373391	
908 863 7803240 8442933	
552 224 1070226 438221	
961 170 2981982 5181880	
881 497 1072327 9914232	
673 980 9589524 6353367	
353 68 4459194 7392664	
188 739 8909475 9307963	
515 604 8887080 940751	
829 261 9354355 2220121	
848 423 742180 1658590	
445 543 3216061 6970499	
244 606 1412154 7194853	
247 752 5134225 9722197	
572 828 3631065 2623338	
78 325 322675 9030667	
954 246 865214 8948127	
921 870 8181820 5034794	
496 475 4576155 5312506	
179 334 9337169 5634288	
688 841 1748667 1537542	
701 737 1406282 5285696	
435 810 1340993 5647402	
807 628 901558 3453927	
687 750 1018149 751684	
560 289 2576890 122328	
920 951 332692 3380145	
395 627 5634228 5376108	
340 131 3159889 543438	
755 674 8164214 6446783	
478 483 426750 5996125	
816 533 2160104 2145446	
70 724 8039094 6034654	
482 679 6529657 4138855	
449 454 2918561 7071403	
830 517 5361773 4721201	
451 593 2046404 4756164	
856 198 2462890 8739563	
784 647 268021 5724814	
890 783 8204304 8094312	
87 988 165515 8648930	
347 988 2168752 8021750	
453 421 5908184 8738760	
519 897 6441550 7975324	
30 815 6605447 591237	
971 233 1400346 615102	
389 708 8927668 9027026	
737 10 2720599 4002873	
794 368 4299839 8463119	
886 637 4716590 8093592	
130 978 4581260 9214344	
273 844 9278828 8090695	
225 283 5209802 5915168	
198 102 24602 7502534	
555 227 4973154 6812282	
499 598 3685800 7378014	
775 898 5214808 1832589	
99 181 1341121 3490541	
399 320 172874 3271309	
358 105 593131 8738371	
967 472 9658198 4560787	
684 869 3962350 8823987	
426 251 5117169 3171262	
711 916 3478398 8191223	
86 931 5465325 2354328	
27 447 5993076 7930256	
444 124 709235 1749889	
860 173 488856 8131345	
362 110 8231023 1787143	
379 395 3175401 6571357	
565 942 4164577 8435386	
203 377 3726452 6770651	
220 660 8784263 2029979	
589 640 1840177 9545892	
366 505 7330198 7573130	
242 474 2730608 1579088	
335 82 1598454 4636973	
81 619 7326011 893971	
866 985 1104158 8253877	
433 852 9418269 5909868	
567 551 7279633 5458152	
989 928 3945191 7090035	
479 5 1934664 4139946	
584 140 5773681 9402671	
35 509 5803578 6275745	
317 564 520110 5453321	
349 274 3064836 1345695	
776 941 9405400 1565631	
878 182 4072528 631080	
182 990 1491018 5169538	
730 110 2863384 2164396	
40 880 5601323 7533640	
489 484 6586948 951791	
534 563 1783129 4205382	
327 395 8532430 470824	
245 580 3514987 7282057	
240 996 5092754 2514355	
911 43 9277816 1580692	
744 810 3772742 2255718	
948 462 7442002 1695118	
13 961 6003286 3124011	
104 211 4187364 637260	
463 384 4590749 7499804	
149 496 4950129 9770730	
40 470 2418441 3740089	
811 842 8726543 8448793	
6 695 9401498 730712	
175 270 9153866 3055385	
867 316 2870681 5064124	
646 534 9570122 6818824	
194 282 1270325 752246	
207 19 9342595 8943945	
450 173 3868459 8145726	
79 153 5732363 5345114	
663 81 8876316 556485	
111 483 7153176 7949459	
684 58 2142466 2277741	
172 887 9800198 6445989	
43 960 736738 5070009	
593 732 3605226 7791422	
905 262 7233892 2528218	
206 190 7655533 9681829	
464 667 1143225 1700388	
884 333 6834133 4921380	
131 203 9755757 3906821	
536 71 7888854 7865845	
303 744 9262543 2961823	
421 476 2794741 4918892	
92 867 5405353 6006484	
284 540 7131190 7590686	
321 246 1474926 2265896	
259 969 1946052 3288871	
335 812 8593005 3450961	
711 170 9534577 2795632	
607 313 1554257 772648	
180 194 1765863 7769503	
930 897 6585490 5201408	
370 48 3550432 6609537	
1 924 7036795 4126534	
720 424 2953399 5027631	
566 190 8782938 4238684	
379 620 3443620 2819173	
871 390 6519763 8942249	
599 133 3193507 8789837	
76 752 1452457 7295465	
424 177 1673678 8099963	
453 403 1552277 2127846	
254 162 2612912 7936701	
667 231 3954318 5059239	
332 989 7245640 6945207	
118 717 3641400 5228058	
469 884 4726260 6580557	
408 447 254070 6458634	
309 346 4603319 3912762	
255 771 4453557 6011749	
318 742 6422921 2284573	
737 440 8399498 6344467	
199 992 1361195 6586815	
677 811 5730695 6327315	
886 780 6587749 9408278	
40 640 6354590 2568575	
357 736 3894809 5785749	
693 351 2405974 6285228	
504 70 5300167 3099187	
577 114 8926957 1965039	
980 213 2003778 1134424	
276 11 3347435 2751508	
457 129 9465433 8640124	
311 86 52247 2569500	
7 70 8531492 4544922	
975 71 5385570 2363471	
396 746 5867432 9925710	
381 166 6063626 6106648	
906 67 2095381 2093150	
491 301 2316099 2912433	
929 805 1780530 9664179	
309 977 2634562 5198400	
999 861 9274910 4546590	
63 872 1334690 7163983	
108 20 7894694 4937335	
182 130 5049146 2540638	
106 469 7158342 9243446	
90 434 2353183 8807385	
775 684 3921717 6582169	
371 720 4998509 3024096	
653 649 4907966 241730	
640 657 3982172 6627936	
24 831 999606 9312419	
558 816 9699811 1799215	
591 741 3611054 7563932	
754 823 2212489 8556322	
204 424 2885911 9934964	
109 600 1584605 7367960	
685 684 7952633 2666894	
713 265 5312545 3114863	
229 456 9674447 4506976	
86 126 241981 3411617	
70 229 6509628 4402759	
671 730 2356210 8153487	
133 97 6070483 8215025	
422 868 9502102 9209017	
124 607 529834 6067739	
326 987 7557537 9760086	
123 251 9301755 5980514	
53 525 5333007 3706925	
57 145 8215489 9744112	
514 234 5646814 9771529	
579 168 3748886 3273304	
29 735 8952899 3152609	
763 587 6795911 7872940	
922 124 8656125 1288490	
735 985 6996247 8497722	
914 687 5635801 9389545	
818 137 9754014 9478276	
296 486 4167530 6899209	
14 319 8716472 4047794	
985 777 7647706 3372550	
704 443 2155799 9863832	
823 55 8617008 7663331	
229 289 7897955 7492598	
22 786 3261306 7516218	
618 80 3337206 946765	
601 751 8032620 1489010	
142 621 8831585 4326727	
729 249 7937519 1391546	
451 226 5970669 2064406	
338 374 2795194 4235251	
86 677 6157324 5885227	
83 956 6646586 4039231	
793 585 9964971 8410197	
705 729 3266494 1822830	
628 561 8392629 9839651	
106 806 9372261 6552244	
72 782 5723817 2002912	
7 538 2539767 4667719	
501 686 2636540 9950198	
894 405 9741982 3895736	
137 737 6158967 8285440	
60 672 773903 1015768	
269 404 440409 6056684	
910 147 9226232 5905639	
937 789 2049892 9511605	
466 555 7550791 3720253	
454 607 106092 3528680	
821 694 3048752 1011439	
99 549 9929730 1745543	
667 771 7859971 9325979	
100 412 9190889 9715978	
437 50 7013349 5166151	
516 759 5418468 4938323	
452 215 8837701 622617	
979 308 2020870 1721504	
523 675 4781650 8099718	
310 645 293096 9424547	
829 345 1096534 5130956	
946 407 1422783 6474363	
518 332 2803764 6662124	
738 521 5383143 273693	
420 348 3310400 7473227	
124 661 4398198 4960134	
450 591 1372148 9097457	
913 660 6548124 837047	
777 301 4505097 3649163	
919 187 5349229 6711546	
583 214 562450 8930994	
426 668 6235657 8640226	
306 620 5740907 589084	
96 70 9701721 6807159	
578 826 5220287 7945753	
216 871 8120722 1989588	
677 388 1489050 433753	
344 280 686331 3391991	
209 595 1851916 2144570	
294 485 383745 3390189	
908 363 4747209 5125283	
113 580 233694 674260	
905 834 6101973 1936769	
158 540 7782356 5782099	
517 733 2974625 4704437	
639 551 794997 4847323	
681 742 3980624 9928632	
9 845 2643436 4810458	
403 945 4840454 4030715	
428 110 1619388 2835571	
202 707 3610470 4105163	
98 484 8044386 1504735	
375 162 7149478 5280391	
631 162 25504 3549789	
60 877 6568742 6420963	
823 580 788401 2255026	
483 168 4196307 1741234	
63 256 9593305 9992611	
511 920 5538809 6360446	
410 374 2111872 8381445	
559 801 2247477 2366334	
816 369 2861820 3995501	
241 192 7791343 9974713	
272 820 8428177 2342126	
634 205 7902809 1249837	
715 212 1954141 7765681	
907 726 6638612 3019758	
407 248 1083190 296494	
135 482 1121229 8754965	
55 673 5477889 1124395	
533 759 8493626 8471842	
430 810 9109334 7218862	
29 572 8502894 5675610	
373 281 9472929 9166011	
5 716 4610504 9694064	
69 747 5196862 1667642	
322 402 3016853 1727096	
215 821 5960823 6292561	
229 860 1959966 3354453	
249 698 2396350 4138360	
563 636 4775840 1437064	
111 480 9354192 2654472	
724 39 9471019 1351878	
95 584 2571450 8059439	
282 597 3490770 8036313	
254 146 5916786 3447346	
686 222 4844979 7665312	
449 796 3759098 7088588	
507 158 9948791 9695869	
580 749 2766040 2296832	
810 776 9241916 2524386	
769 718 2102019 7377876	
774 687 3372379 5664536	
245 763 7496314 210469	
409 660 278969 844104	
481 809 7877211 5996942	
297 363 538684 148306	
694 256 1960535 1980635	
603 986 8034278 9341287	
147 771 7634497 2293554	
195 405 1020183 7850929	
836 111 942093 9441639	
634 642 5169254 7507492	
55 546 1617403 8007472	
949 64 2601300 8913329	
996 298 9224219 9798782	
566 902 2806505 7341169	
50 151 7015208 9366055	
