25 299 0 92	
605 216 54 68	
778 167 75 44	
403 3 33 94	
825 963 77 81	
938 476 63 84	
613 696 96 53	
608 446 91 56	
709 866 88 44	
743 982 46 76	
678 252 64 98	
71 707 104 27	
804 431 37 118	
522 23 139 79	
281 296 105 26	
160 522 91 51	
616 943 91 40	
829 385 43 100	
790 534 84 55	
257 630 87 49	
364 928 89 94	
678 754 62 85	
131 187 116 45	
803 388 139 84	
90 297 97 47	
823 321 113 39	
499 802 113 18	
447 425 81 56	
509 397 145 12	
441 796 67 119	
409 881 112 89	
954 635 77 109	
838 340 107 94	
1 285 123 50	
409 814 124 31	
799 92 64 98	
52 235 143 15	
359 692 86 100	
69 886 128 42	
578 689 78 105	
307 213 123 48	
354 619 124 109	
85 349 127 58	
679 589 133 19	
509 361 77 83	
457 929 97 108	
604 816 102 91	
847 766 141 42	
228 959 158 20	
236 431 142 72	
108 491 84 104	
571 252 127 84	
447 633 80 89	
695 368 119 62	
458 970 164 0	
438 857 115 86	
872 309 126 55	
758 660 130 109	
952 636 101 108	
876 476 113 62	
758 109 128 34	
434 82 86 90	
488 888 93 110	
946 253 124 58	
490 545 106 112	
453 821 130 87	
174 717 133 55	
80 203 86 89	
385 661 114 89	
407 115 123 69	
5 376 67 128	
938 99 106 103	
439 984 144 48	
677 894 132 53	
419 154 72 110	
799 674 92 114	
986 432 90 101	
689 639 147 112	
874 502 184 6	
125 489 147 27	
509 538 114 87	
275 878 127 54	
746 25 112 99	
224 986 119 77	
43 640 130 95	
180 28 146 112	
189 72 113 69	
174 597 113 106	
934 888 132 103	
998 509 153 50	
768 962 159 29	
410 921 152 49	
898 236 147 51	
80 339 143 54	
999 68 142 120	
637 334 91 99	
602 748 156 56	
175 633 148 60	
106 273 164 28	
978 562 122 74	
260 901 130 109	
877 708 144 61	
621 568 105 81	
524 51 117 78	
945 722 150 41	
132 741 150 60	
664 773 133 79	
678 200 126 93	
615 902 122 104	
340 151 147 69	
998 640 141 123	
986 768 145 97	
35 275 109 98	
875 167 119 111	
217 857 159 80	
327 23 162 58	
115 279 105 124	
4 272 105 113	
643 691 133 86	
646 449 155 62	
354 282 167 113	
526 440 130 77	
816 279 165 60	
640 87 165 64	
376 898 89 113	
670 395 119 101	
633 816 144 64	
44 800 146 113	
774 687 142 63	
1 301 155 123	
514 162 136 63	
434 74 166 57	
744 839 149 120	
411 591 127 117	
181 593 138 100	
718 111 150 84	
217 758 119 123	
454 879 131 118	
897 730 138 104	
703 341 153 100	
481 638 163 55	
569 126 161 59	
269 872 163 45	
417 626 174 36	
502 437 119 126	
974 529 142 71	
947 263 190 97	
86 744 123 104	
411 869 173 46	
269 806 177 101	
846 22 127 95	
931 959 141 126	
900 287 143 73	
29 823 127 87	
705 767 157 123	
199 755 113 118	
489 590 163 76	
926 752 228 7	
102 157 140 82	
67 34 137 100	
868 541 140 96	
167 213 157 122	
267 881 149 88	
362 360 169 76	
829 112 119 112	
269 68 215 20	
291 836 173 92	
234 62 178 58	
470 743 116 128	
479 839 159 111	
579 496 169 63	
192 246 226 16	
662 641 139 119	
355 919 159 79	
639 732 166 69	
177 62 119 115	
5 496 161 121	
301 16 186 101	
566 593 201 51	
576 765 121 102	
735 250 163 71	
94 540 146 82	
807 775 153 81	
325 406 121 104	
314 791 124 117	
679 860 145 78	
64 820 157 79	
533 199 205 89	
663 705 160 53	
779 626 208 93	
423 267 146 133	
272 906 143 102	
283 457 151 80	
93 594 146 100	
72 275 148 85	
445 788 139 125	
707 642 149 123	
121 656 182 59	
182 471 182 57	
894 935 151 117	
37 183 154 81	
917 999 155 93	
825 20 169 109	
168 66 132 113	
505 584 173 118	
276 610 161 113	
10 174 162 73	
584 80 188 60	
321 657 172 61	
158 535 134 106	
182 814 139 103	
528 963 166 62	
238 310 180 75	
392 612 175 71	
798 718 200 50	
122 832 147 82	
585 300 164 78	
922 613 180 68	
818 577 132 112	
689 207 149 81	
740 76 177 77	
153 968 137 113	
200 8 155 83	
672 815 174 52	
244 83 200 123	
159 541 166 63	
758 62 150 84	
905 501 171 117	
53 171 163 83	
820 125 170 125	
990 989 172 69	
414 47 166 78	
639 961 150 97	
139 613 176 65	
697 261 181 60	
146 988 203 129	
912 337 208 69	
293 34 163 113	
508 102 144 90	
291 726 189 61	
192 394 148 106	
203 875 167 96	
664 35 195 96	
107 506 166 125	
688 523 185 62	
655 426 160 75	
643 202 160 130	
402 80 136 117	
240 464 182 69	
251 35 152 86	
483 452 153 90	
95 122 188 81	
252 494 177 130	
739 502 192 107	
902 460 152 85	
508 712 151 115	
78 99 172 81	
494 46 185 80	
558 371 131 129	
295 450 148 124	
304 784 151 110	
191 520 152 115	
44 733 155 121	
181 19 157 94	
675 883 174 70	
955 842 191 69	
477 723 160 73	
910 265 179 62	
620 502 144 130	
531 808 155 120	
769 903 136 100	
70 116 151 123	
599 976 172 108	
230 743 191 63	
927 36 163 129	
692 887 153 95	
761 475 186 53	
731 679 136 117	
988 692 145 115	
805 816 164 86	
616 619 173 85	
989 3 215 37	
430 667 240 57	
337 864 162 116	
707 254 166 66	
789 753 161 122	
151 453 170 79	
26 132 158 105	
496 747 132 124	
752 34 149 92	
386 272 186 80	
268 428 187 61	
942 452 179 119	
803 199 169 95	
134 428 142 115	
36 822 152 126	
497 196 162 88	
400 787 196 81	
950 979 193 86	
297 247 188 82	
478 943 189 65	
58 376 194 104	
216 980 190 122	
591 464 128 127	
56 2 162 84	
948 791 170 83	
209 806 201 72	
662 954 144 128	
319 398 195 106	
612 395 148 125	
596 304 179 120	
322 568 145 126	
151 309 146 126	
74 348 153 125	
178 782 188 72	
945 969 193 68	
869 673 199 115	
886 83 203 48	
993 95 190 68	
267 229 119 136	
876 366 153 109	
895 393 167 119	
124 305 214 47	
370 96 158 113	
778 552 180 73	
760 858 182 111	
806 709 193 72	
56 799 184 86	
693 123 191 126	
508 519 147 119	
690 209 164 97	
975 411 190 75	
734 319 205 72	
668 23 231 59	
343 283 210 98	
207 118 175 89	
876 928 163 106	
766 651 173 92	
352 72 177 122	
172 941 181 80	
689 699 178 81	
206 952 172 116	
613 329 192 81	
61 754 237 46	
655 820 194 82	
834 889 195 70	
673 228 168 96	
175 617 177 124	
39 633 200 116	
730 713 205 59	
190 305 151 112	
839 801 137 122	
546 915 193 84	
974 7 188 71	
896 12 162 120	
814 18 227 107	
229 404 144 123	
475 569 155 135	
635 657 159 114	
336 699 163 121	
369 399 181 113	
99 110 191 120	
334 725 212 48	
230 396 184 82	
312 611 144 118	
663 917 163 103	
996 833 155 124	
731 589 158 97	
466 608 174 106	
573 962 198 67	
85 825 202 119	
937 500 204 68	
947 495 149 141	
125 123 153 118	
862 768 172 128	
45 711 182 130	
600 717 187 127	
777 461 187 84	
566 833 192 115	
782 662 203 64	
336 101 210 56	
917 766 174 88	
493 345 194 75	
707 333 206 56	
58 517 162 121	
909 778 155 124	
358 470 171 123	
263 690 211 122	
598 801 149 133	
454 805 198 74	
510 328 208 72	
766 708 216 74	
431 795 216 108	
558 664 154 126	
867 509 168 111	
737 32 152 126	
98 659 184 81	
632 140 187 84	
655 264 199 123	
221 586 211 57	
598 810 170 116	
518 405 194 74	
308 859 166 107	
16 730 178 109	
200 139 163 102	
466 91 177 96	
119 864 189 87	
981 732 154 123	
395 364 160 133	
363 946 161 113	
498 363 168 104	
815 665 172 113	
979 667 141 127	
726 290 226 65	
929 352 173 91	
966 12 190 89	
475 978 191 73	
274 673 193 116	
971 821 197 82	
611 575 162 118	
363 543 202 78	
79 478 177 108	
911 283 204 83	
819 482 167 129	
862 658 178 95	
619 353 182 113	
904 739 187 113	
357 367 181 83	
214 688 200 88	
234 714 183 89	
711 348 184 95	
756 40 193 117	
697 762 204 103	
790 733 156 110	
367 298 170 115	
584 212 221 124	
861 756 229 41	
589 497 186 87	
390 633 176 108	
50 93 190 127	
671 466 196 126	
789 309 210 54	
378 43 211 81	
384 924 165 124	
570 78 179 127	
891 289 214 59	
77 864 144 130	
630 771 147 128	
653 325 178 104	
71 741 182 127	
288 802 170 126	
767 129 175 112	
450 962 187 125	
384 960 195 94	
196 123 196 74	
326 173 216 61	
12 431 233 76	
141 438 178 114	
971 322 184 94	
900 707 190 126	
307 843 194 119	
976 638 239 58	
754 526 163 125	
227 141 181 113	
120 673 164 109	
406 801 182 124	
340 125 200 95	
725 37 187 114	
939 772 192 127	
901 462 184 93	
203 390 219 50	
678 82 172 130	
561 593 174 132	
774 622 187 118	
667 94 189 95	
451 509 193 90	
368 758 196 113	
391 761 213 81	
354 361 189 122	
404 318 176 119	
520 334 192 88	
521 151 198 86	
233 280 226 56	
432 836 236 53	
517 459 225 122	
843 129 200 121	
876 16 206 94	
258 466 167 129	
867 194 177 112	
894 313 179 114	
785 425 187 112	
922 643 208 73	
826 718 174 117	
2 912 156 123	
847 442 186 123	
105 368 190 128	
434 272 167 118	
982 599 170 119	
317 718 202 84	
205 840 209 119	
316 445 184 121	
636 620 206 89	
876 289 223 90	
330 38 186 116	
980 716 187 96	
335 102 190 105	
657 263 209 82	
606 288 182 117	
581 353 184 109	
225 723 186 95	
294 783 232 65	
476 160 181 95	
356 66 187 126	
838 220 206 121	
380 776 174 107	
882 240 176 124	
238 34 185 118	
146 383 189 99	
905 229 204 107	
513 609 222 70	
342 190 173 134	
338 525 175 118	
534 9 183 117	
496 80 196 131	
305 887 205 88	
864 579 211 73	
815 474 170 124	
234 520 190 98	
703 331 201 89	
525 283 202 86	
680 382 244 47	
257 829 173 118	
26 398 183 133	
635 149 182 101	
813 847 195 108	
279 375 212 111	
911 735 217 114	
570 137 186 110	
754 354 168 131	
852 959 180 103	
638 252 183 98	
198 245 225 73	
828 76 166 127	
289 642 214 77	
76 391 204 83	
13 450 174 113	
240 7 178 137	
752 970 194 104	
581 813 196 91	
981 687 261 25	
950 665 160 124	
690 442 161 127	
555 360 187 105	
404 812 222 75	
161 354 244 62	
998 268 173 111	
639 440 178 133	
313 742 183 126	
518 262 185 104	
605 746 186 101	
765 204 196 81	
206 206 197 128	
386 873 205 97	
360 817 208 79	
539 147 234 67	
132 803 199 86	
770 480 203 118	
396 616 205 101	
678 12 208 125	
439 322 171 123	
760 760 178 126	
384 88 214 83	
476 122 175 134	
697 478 177 111	
569 709 191 101	
328 979 193 114	
512 528 199 94	
592 553 211 88	
538 406 217 90	
813 781 214 104	
89 587 180 129	
819 594 199 95	
682 385 187 120	
874 430 191 109	
110 870 197 87	
277 134 198 107	
644 598 202 87	
886 840 212 128	
375 505 213 137	
73 612 213 78	
139 242 215 71	
143 579 216 101	
516 353 219 86	
144 946 213 82	
248 938 197 97	
22 254 201 132	
45 635 172 123	
527 944 191 99	
150 31 206 122	
926 427 217 76	
236 900 237 61	
546 486 181 109	
151 994 262 44	
370 130 210 89	
817 441 185 126	
480 691 211 106	
90 218 218 138	
898 279 223 128	
693 567 192 140	
464 485 192 110	
493 662 206 94	
753 575 173 127	
165 337 174 116	
692 281 193 106	
51 146 196 103	
419 693 188 109	
380 646 203 114	
177 697 251 55	
279 261 186 104	
485 838 191 112	
984 789 200 125	
623 522 220 81	
462 177 225 81	
479 964 198 97	
188 882 198 120	
190 346 219 77	
214 839 191 121	
561 255 208 93	
727 765 214 81	
177 571 178 119	
273 302 186 104	
275 641 194 102	
444 280 200 95	
921 728 214 83	
359 219 218 75	
733 468 225 97	
455 26 238 118	
448 299 202 79	
205 727 213 103	
910 582 183 118	
128 8 193 117	
636 478 193 117	
104 247 196 91	
964 440 208 129	
348 765 208 87	
972 577 187 127	
570 930 197 107	
722 41 202 111	
786 901 213 72	
137 996 217 89	
958 781 192 128	
762 741 226 73	
150 105 181 114	
984 973 192 103	
153 690 200 115	
742 293 204 135	
634 69 222 85	
703 535 181 123	
651 889 220 123	
884 636 213 92	
53 927 214 137	
169 353 219 81	
664 588 196 113	
783 298 192 113	
356 84 203 107	
799 442 207 128	
57 779 209 93	
932 441 215 75	
529 566 219 79	
432 891 222 69	
254 487 239 60	
656 886 243 61	
83 286 205 86	
18 69 208 85	
428 946 239 68	
319 677 214 95	
599 832 240 57	
160 998 243 55	
597 476 181 133	
16 995 188 129	
79 672 201 127	
787 837 203 95	
454 45 206 130	
115 506 214 92	
42 899 215 125	
495 657 196 95	
44 789 203 117	
336 432 210 95	
608 892 228 89	
337 965 195 119	
628 981 202 93	
275 944 212 126	
47 530 219 101	
108 659 238 68	
333 204 180 127	
512 668 208 111	
492 832 224 88	
402 354 183 118	
437 735 196 109	
746 376 199 100	
813 153 214 86	
973 269 215 98	
379 402 240 126	
591 186 199 101	
866 309 212 111	
199 133 173 128	
860 394 198 127	
950 835 209 133	
580 281 209 123	
657 777 219 84	
614 809 184 130	
138 836 187 132	
622 347 188 124	
140 372 198 98	
696 916 201 131	
144 588 202 128	
603 791 202 132	
596 488 209 132	
410 408 219 81	
718 754 223 128	
43 567 212 90	
816 442 210 99	
190 122 224 80	
165 486 191 103	
577 536 200 99	
892 593 203 132	
57 20 225 126	
25 290 220 76	
127 165 222 80	
721 548 226 91	
490 390 191 124	
50 618 254 53	
991 812 176 127	
107 471 201 130	
810 561 208 95	
121 494 219 86	
110 983 223 79	
235 913 228 70	
420 599 232 77	
38 738 199 121	
933 175 228 117	
554 893 231 63	
509 773 234 106	
319 619 177 121	
670 196 196 132	
362 128 214 124	
60 772 212 118	
444 979 217 87	
831 99 190 122	
607 638 215 91	
255 926 227 133	
183 173 218 82	
336 77 209 133	
722 156 206 136	
645 957 212 92	
922 360 218 84	
634 988 193 113	
499 17 222 125	
655 986 225 82	
167 996 191 110	
566 366 190 107	
298 505 193 116	
292 823 201 126	
598 565 206 116	
941 36 207 130	
137 807 210 127	
145 772 214 95	
377 878 225 77	
47 746 225 82	
427 54 230 74	
27 481 233 81	
584 518 238 75	
569 421 251 109	
410 104 185 126	
860 565 222 115	
963 211 199 109	
653 905 204 96	
561 41 208 121	
639 28 214 89	
379 240 195 109	
56 368 201 129	
513 565 202 108	
588 711 203 120	
643 172 210 125	
629 696 213 125	
271 710 214 88	
846 311 218 91	
633 491 224 131	
613 546 225 81	
762 592 226 78	
280 676 226 95	
845 948 194 130	
434 904 196 125	
4 125 197 133	
280 421 208 126	
807 693 215 90	
17 311 218 138	
421 893 218 107	
627 92 225 89	
998 496 212 101	
796 102 219 104	
102 630 221 98	
784 399 230 81	
202 646 229 122	
938 309 190 105	
31 976 196 105	
210 261 208 125	
431 325 209 116	
456 107 210 115	
570 487 225 93	
535 672 204 133	
863 524 206 105	
222 911 215 96	
743 46 222 89	
711 642 226 92	
412 834 188 137	
91 536 207 130	
95 160 208 125	
469 711 208 106	
878 656 223 131	
594 11 237 73	
156 803 244 68	
690 804 186 129	
816 667 188 131	
946 958 201 105	
823 763 209 131	
536 409 217 126	
538 594 217 106	
324 655 182 127	
154 673 196 123	
432 357 204 133	
917 616 186 133	
645 144 193 128	
395 178 207 92	
262 683 215 100	
887 966 218 114	
321 40 230 93	
254 923 239 131	
355 349 241 105	
815 547 242 73	
697 907 263 62	
720 310 185 131	
133 800 215 128	
146 616 223 131	
172 332 224 88	
951 203 231 92	
494 644 245 124	
983 875 247 62	
194 62 182 131	
25 33 185 138	
296 923 210 117	
518 520 216 94	
625 861 219 94	
577 992 232 88	
537 764 202 116	
457 63 208 130	
198 949 206 112	
635 264 220 104	
69 383 194 124	
873 3 198 121	
11 143 216 129	
148 459 221 122	
945 713 221 132	
135 658 244 120	
326 94 226 121	
29 728 203 119	
772 167 224 85	
808 723 191 136	
103 253 194 108	
728 225 206 109	
621 262 207 108	
725 370 220 111	
18 426 226 127	
631 858 238 72	
384 141 205 136	
589 959 223 92	
925 60 201 121	
800 543 202 113	
657 219 213 110	
813 677 218 132	
999 631 224 105	
872 369 226 97	
495 480 247 81	
472 666 203 127	
3 786 203 101	
123 390 224 98	
643 162 229 93	
554 467 229 82	
441 74 259 66	
991 985 205 134	
93 836 223 131	
899 829 212 126	
540 438 221 91	
608 958 224 95	
47 151 231 103	
504 221 233 90	
298 829 239 107	
97 838 260 67	
660 716 194 134	
83 594 205 128	
59 565 262 66	
697 69 212 100	
148 909 198 125	
70 223 210 105	
353 319 224 134	
985 11 240 69	
88 588 185 132	
452 688 206 122	
961 877 215 94	
739 984 217 98	
57 976 221 115	
99 312 229 106	
439 27 248 120	
211 749 207 130	
901 215 207 105	
501 624 223 103	
551 210 216 132	
874 147 231 122	
284 341 190 132	
85 664 194 133	
368 830 205 115	
901 835 206 130	
313 699 206 125	
492 190 208 127	
976 330 211 120	
922 306 212 130	
385 34 213 106	
514 113 214 121	
34 419 217 103	
845 620 220 111	
576 762 234 81	
558 720 240 70	
634 95 243 79	
774 574 185 132	
167 204 204 127	
837 503 212 120	
221 313 212 120	
314 211 214 114	
173 737 198 121	
669 659 225 127	
499 459 229 133	
785 885 229 135	
960 168 205 121	
563 582 216 115	
595 982 217 106	
152 325 218 103	
303 790 221 105	
986 906 224 135	
905 828 224 94	
677 362 234 127	
469 919 237 76	
991 923 274 56	
393 558 228 93	
612 302 193 131	
201 863 205 115	
92 440 208 114	
265 257 216 113	
438 95 226 118	
669 628 239 89	
69 385 253 57	
296 646 277 60	
451 773 194 125	
759 834 202 116	
598 740 205 109	
227 996 206 110	
732 831 209 112	
286 599 210 113	
874 608 210 124	
1 738 223 112	
774 498 224 109	
976 410 226 100	
634 484 252 74	
779 895 187 137	
311 82 209 131	
334 210 191 128	
236 47 200 127	
978 716 206 118	
134 851 208 136	
714 233 210 115	
716 34 214 124	
794 140 216 111	
923 120 217 97	
225 316 221 85	
972 28 225 134	
928 960 234 83	
389 481 244 76	
283 713 244 73	
489 203 252 83	
511 844 257 78	
242 407 257 53	
940 640 231 91	
267 361 232 94	
417 548 233 105	
807 614 208 109	
324 86 222 101	
856 818 225 92	
464 992 237 82	
279 925 196 119	
769 616 213 114	
671 966 214 124	
214 58 217 101	
932 536 218 116	
529 188 223 100	
978 557 224 101	
344 226 225 93	
815 911 231 103	
117 225 234 93	
233 50 220 138	
817 466 236 132	
698 719 205 109	
664 458 205 104	
659 571 216 125	
317 971 220 137	
333 514 228 128	
873 287 229 98	
255 308 237 110	
675 642 245 112	
295 116 204 124	
413 661 204 128	
604 403 211 100	
267 431 216 114	
945 848 225 96	
858 739 230 88	
187 668 231 101	
586 941 234 134	
300 114 231 97	
532 832 265 62	
66 678 215 119	
488 904 216 117	
839 968 216 98	
819 376 218 135	
141 68 222 135	
805 399 228 104	
549 650 198 128	
833 946 219 129	
357 89 232 87	
323 972 233 95	
715 253 250 75	
508 568 205 140	
537 761 210 123	
332 14 212 135	
272 981 214 125	
474 811 216 106	
753 159 217 124	
230 19 221 89	
732 687 224 116	
317 453 225 102	
381 672 257 130	
895 637 218 136	
977 618 231 92	
62 677 198 126	
269 296 205 132	
805 603 212 128	
462 574 212 122	
981 97 213 111	
663 271 222 105	
127 958 224 127	
592 920 233 86	
84 77 233 114	
812 631 234 93	
238 180 238 131	
339 137 238 82	
856 131 246 89	
399 495 250 78	
426 85 232 122	
351 851 242 79	
148 383 213 134	
223 138 214 127	
707 668 221 133	
118 548 229 108	
246 357 233 131	
783 197 239 90	
17 220 246 98	
950 390 203 125	
538 590 206 113	
681 539 224 109	
223 370 230 130	
839 854 232 102	
314 830 237 107	
987 636 240 93	
696 940 249 127	
446 107 216 110	
592 819 224 97	
6 501 241 82	
409 724 193 141	
791 324 193 134	
48 912 202 122	
74 499 206 124	
776 574 215 135	
405 396 219 134	
390 46 223 135	
322 611 226 105	
727 429 227 117	
981 696 231 108	
800 796 243 84	
548 956 249 95	
712 167 218 110	
822 872 222 135	
261 547 222 107	
614 641 228 103	
636 392 229 116	
608 841 233 128	
888 6 233 85	
36 258 237 100	
924 557 208 121	
277 427 229 90	
607 578 229 95	
655 592 239 94	
203 39 187 126	
42 339 196 129	
766 365 223 116	
587 358 223 130	
315 42 229 124	
850 437 240 93	
546 763 212 128	
812 30 258 86	
645 469 211 122	
798 454 205 128	
256 946 223 118	
115 81 234 130	
972 139 241 87	
299 646 245 129	
861 715 206 135	
239 203 219 105	
327 955 223 113	
35 34 225 111	
353 482 233 107	
456 317 234 137	
569 953 239 95	
979 198 248 78	
783 377 222 109	
934 445 210 127	
678 294 250 127	
30 807 194 140	
96 755 205 109	
569 758 209 121	
945 639 240 122	
22 329 274 77	
71 581 263 54	
198 365 204 125	
575 499 214 118	
180 602 234 125	
996 464 236 98	
349 665 270 57	
394 452 202 132	
268 229 206 135	
918 339 213 118	
942 320 222 113	
651 351 222 114	
996 964 226 127	
546 53 238 108	
586 173 240 115	
130 909 251 110	
455 552 266 72	
185 349 207 118	
407 672 239 89	
47 285 251 83	
608 692 254 77	
280 22 213 125	
541 626 233 102	
450 543 199 130	
155 94 206 132	
421 225 216 123	
730 337 235 135	
108 133 214 125	
260 781 217 125	
910 204 219 115	
654 456 220 126	
90 749 222 114	
970 128 225 103	
232 949 228 103	
920 106 230 111	
526 212 232 129	
328 276 234 125	
32 522 238 110	
883 90 243 96	
268 239 247 130	
483 903 254 88	
447 57 217 129	
683 268 247 96	
412 254 262 64	
328 533 222 126	
884 708 224 125	
174 394 235 105	
922 582 236 122	
453 799 217 131	
604 23 220 96	
652 5 240 128	
816 695 240 93	
435 400 243 99	
687 506 197 139	
548 154 239 129	
638 355 203 121	
776 640 226 132	
258 391 226 120	
478 76 227 114	
194 804 228 102	
999 791 233 126	
39 840 240 137	
334 87 257 91	
767 378 267 64	
696 674 209 142	
597 119 221 111	
308 289 227 114	
301 157 231 110	
574 190 275 116	
882 458 212 133	
18 896 239 88	
240 557 219 115	
764 710 228 129	
884 640 229 130	
142 255 230 104	
46 966 243 95	
944 547 257 78	
540 544 227 105	
225 854 253 93	
566 823 213 126	
58 914 216 121	
205 158 220 122	
564 926 223 126	
768 754 240 104	
654 99 240 132	
310 815 245 124	
333 419 245 112	
529 661 252 85	
153 764 241 93	
40 656 215 120	
359 426 225 129	
471 871 226 111	
547 590 229 109	
133 572 231 101	
209 393 235 91	
70 747 236 94	
350 673 237 94	
153 132 243 139	
499 653 243 100	
486 369 218 118	
804 409 221 115	
823 243 224 123	
581 117 224 105	
866 179 231 128	
652 759 236 128	
288 557 231 117	
23 183 248 116	
81 711 255 100	
988 133 260 97	
367 879 234 109	
536 186 245 94	
99 796 214 126	
997 288 215 128	
193 57 215 120	
275 943 216 117	
516 843 216 125	
591 981 224 128	
787 145 224 110	
644 221 225 113	
909 116 225 104	
249 270 226 133	
454 810 235 115	
45 185 235 107	
34 99 239 131	
585 685 240 133	
73 261 245 90	
215 156 250 94	
52 350 209 129	
433 714 219 130	
644 179 225 130	
67 229 231 115	
292 463 216 133	
479 260 241 122	
679 433 216 126	
186 575 223 138	
237 24 230 108	
734 53 234 112	
294 554 237 127	
410 503 239 111	
740 676 242 94	
376 187 246 133	
90 248 251 88	
130 576 255 88	
663 699 247 99	
746 215 211 127	
178 428 225 116	
243 368 226 122	
436 693 227 135	
540 517 229 116	
945 542 230 102	
901 671 236 102	
241 290 238 135	
473 864 243 93	
409 185 248 112	
479 216 261 132	
804 980 272 82	
958 373 230 133	
245 247 238 118	
408 226 249 90	
13 470 255 78	
585 301 256 92	
862 122 273 81	
798 369 237 133	
833 167 239 120	
418 363 264 73	
101 700 218 132	
7 927 224 115	
256 692 231 109	
431 518 231 103	
406 182 232 97	
550 251 232 136	
221 546 237 113	
577 410 238 107	
578 933 239 118	
39 797 239 139	
784 293 242 126	
303 918 246 84	
451 919 248 103	
33 353 248 85	
951 915 249 97	
542 488 259 124	
82 438 233 108	
981 226 234 124	
941 197 238 99	
452 200 244 125	
318 185 204 141	
656 481 225 121	
823 273 226 116	
457 765 232 132	
823 890 239 113	
741 554 245 94	
775 726 244 119	
362 886 244 101	
921 29 247 100	
481 782 247 135	
412 856 216 133	
583 667 217 134	
849 363 219 131	
564 687 221 120	
920 999 222 123	
775 34 224 133	
268 330 239 135	
631 71 241 133	
977 32 242 129	
395 336 246 85	
134 501 247 117	
84 239 252 85	
655 431 253 90	
975 586 255 133	
270 653 261 80	
96 922 222 124	
811 529 234 102	
171 14 245 98	
241 173 230 114	
993 713 241 103	
662 829 244 135	
817 894 252 88	
381 819 215 132	
404 69 218 125	
528 526 226 107	
594 824 235 112	
57 93 235 120	
849 227 237 110	
972 593 238 100	
18 898 238 115	
543 704 238 97	
677 566 242 109	
794 81 244 102	
853 475 244 119	
76 919 249 100	
503 258 252 129	
610 498 252 87	
193 468 260 123	
951 758 261 84	
565 254 236 127	
999 405 215 137	
750 363 219 127	
767 324 223 117	
658 937 227 117	
417 594 229 108	
161 397 237 118	
138 750 245 109	
554 1 250 96	
372 498 251 89	
310 589 222 126	
502 531 229 119	
64 369 233 110	
574 690 233 123	
986 569 253 88	
861 232 263 86	
164 230 225 110	
34 617 231 107	
392 392 235 132	
541 832 244 131	
830 490 215 128	
323 937 217 132	
286 778 230 122	
333 223 231 110	
512 232 232 141	
495 98 234 135	
812 480 238 132	
603 575 239 101	
378 964 240 104	
359 19 242 123	
284 703 243 101	
237 629 244 131	
769 766 244 131	
95 28 246 137	
463 784 248 122	
484 121 249 91	
509 610 255 92	
436 420 260 85	
125 557 279 80	
85 869 229 111	
978 447 231 125	
877 259 232 102	
937 113 239 134	
253 276 240 104	
119 866 250 130	
648 318 255 94	
939 879 221 126	
373 232 222 120	
772 403 225 121	
412 275 230 118	
162 222 231 125	
509 699 242 110	
25 788 242 132	
913 551 249 104	
162 4 249 100	
66 457 277 68	
450 740 229 141	
61 406 219 130	
527 793 221 123	
210 779 227 134	
430 85 230 110	
141 195 231 138	
605 673 231 118	
890 35 241 126	
946 281 242 99	
174 883 244 128	
28 822 251 96	
562 481 227 121	
516 685 219 133	
591 232 235 114	
785 328 236 138	
951 730 245 136	
174 83 250 139	
742 251 251 105	
903 918 224 125	
478 672 229 125	
662 346 229 137	
932 823 231 127	
4 542 232 123	
157 829 233 122	
246 251 247 97	
977 620 248 102	
281 13 251 105	
103 418 255 91	
796 790 256 97	
485 674 263 89	
682 126 268 76	
965 610 237 100	
78 535 252 84	
344 272 216 137	
328 977 233 129	
905 749 235 136	
371 879 235 133	
152 997 239 105	
452 388 241 103	
948 532 242 101	
867 208 243 131	
525 109 258 82	
404 657 262 85	
832 400 263 97	
473 329 264 82	
553 575 218 130	
493 60 248 139	
666 651 253 100	
953 727 262 103	
833 451 235 134	
715 804 240 136	
37 26 241 132	
558 448 229 113	
839 422 236 111	
636 371 237 123	
366 761 239 100	
554 690 239 126	
566 687 239 114	
981 433 242 135	
665 387 243 103	
316 421 243 132	
705 538 244 116	
707 800 245 102	
988 746 246 124	
884 569 247 101	
795 263 248 114	
593 77 248 102	
217 9 250 102	
164 627 254 92	
88 266 255 99	
636 971 256 94	
999 671 257 99	
151 726 265 121	
101 523 272 84	
788 458 260 131	
963 809 213 129	
872 485 233 124	
62 745 241 109	
813 218 246 132	
531 79 247 103	
928 226 248 120	
750 903 251 126	
317 69 256 87	
942 210 256 94	
812 343 261 81	
422 959 227 131	
202 306 237 135	
343 25 237 130	
410 922 237 125	
816 965 241 116	
124 162 245 107	
12 205 252 134	
340 897 253 97	
459 884 262 99	
701 816 251 112	
100 326 218 125	
46 336 227 136	
732 780 228 121	
527 650 231 134	
467 915 232 111	
803 650 244 113	
431 238 248 109	
272 688 252 96	
462 529 253 100	
48 815 256 89	
794 163 276 74	
402 417 277 70	
741 110 238 108	
682 899 242 109	
214 318 247 104	
306 422 253 97	
496 116 215 137	
283 482 224 127	
104 248 240 116	
867 538 241 105	
650 199 226 135	
355 765 227 119	
657 447 235 116	
755 444 235 110	
904 410 242 134	
47 462 242 108	
449 920 242 105	
983 911 243 105	
716 203 244 119	
995 754 244 119	
125 507 245 107	
514 127 246 127	
559 729 246 105	
203 906 247 106	
630 589 249 104	
941 798 224 132	
60 192 227 131	
98 350 227 127	
725 82 231 132	
552 975 233 119	
869 242 235 127	
217 288 241 133	
727 810 244 106	
269 776 246 142	
351 696 246 120	
131 154 250 117	
738 683 251 101	
307 471 254 96	
450 57 259 113	
560 488 270 81	
801 256 237 116	
528 598 247 98	
330 597 254 136	
818 42 259 99	
728 591 260 93	
825 73 263 90	
619 29 263 130	
996 175 240 114	
552 533 255 116	
31 463 225 132	
394 977 231 114	
557 876 236 114	
853 775 237 119	
163 884 239 129	
201 796 242 135	
242 955 246 105	
401 350 246 106	
41 201 249 107	
755 458 250 106	
451 237 251 101	
861 425 251 134	
532 477 261 101	
149 531 261 129	
511 816 233 133	
524 527 234 114	
999 864 245 113	
655 498 248 108	
485 695 252 107	
