789 987 0 92	
773 166 54 68	
349 759 75 44	
538 143 33 94	
650 852 77 81	
174 248 63 84	
79 147 96 53	
679 710 91 56	
821 211 88 44	
710 653 46 76	
753 834 64 98	
875 134 104 27	
891 151 37 118	
868 86 139 79	
292 889 105 26	
323 771 91 51	
963 448 91 40	
438 632 43 100	
307 154 84 55	
423 776 87 49	
820 273 89 94	
532 641 62 85	
348 116 116 45	
23 830 139 84	
927 815 97 47	
640 442 113 39	
385 184 113 18	
391 754 81 56	
169 390 145 12	
172 531 67 119	
584 63 112 89	
529 749 77 109	
476 824 107 94	
243 116 123 50	
650 186 124 31	
655 260 64 98	
771 218 143 15	
647 128 86 100	
277 369 128 42	
979 739 78 105	
868 368 123 48	
254 99 124 109	
484 159 127 58	
93 794 133 19	
259 449 77 83	
297 515 97 108	
884 536 102 91	
585 475 141 42	
930 738 158 20	
285 549 142 72	
163 942 84 104	
738 715 127 84	
633 480 80 89	
496 272 119 62	
295 801 164 0	
378 175 115 86	
256 181 126 55	
283 748 130 109	
302 987 101 108	
255 987 113 62	
219 919 128 34	
665 625 86 90	
575 926 93 110	
530 164 124 58	
41 482 106 112	
931 105 130 87	
41 278 133 55	
226 667 86 89	
498 382 114 89	
213 429 123 69	
726 383 67 128	
739 398 106 103	
34 96 144 48	
265 249 132 53	
486 919 72 110	
756 606 92 114	
318 66 90 101	
922 512 147 112	
942 461 184 6	
179 471 147 27	
132 299 114 87	
953 742 127 54	
914 881 112 99	
895 873 119 77	
980 619 130 95	
282 854 146 112	
875 783 113 69	
512 586 113 106	
92 891 132 103	
801 862 153 50	
222 410 159 29	
373 412 152 49	
714 789 147 51	
256 126 143 54	
396 724 142 120	
480 7 91 99	
877 918 156 56	
912 6 148 60	
129 588 164 28	
156 402 122 74	
19 357 130 109	
988 63 144 61	
368 249 105 81	
547 474 117 78	
136 941 150 41	
69 175 150 60	
641 564 133 79	
317 862 126 93	
390 854 122 104	
968 200 147 69	
922 655 141 123	
120 103 145 97	
296 335 109 98	
788 71 119 111	
263 940 159 80	
720 961 162 58	
930 574 105 124	
111 442 105 113	
734 729 133 86	
827 244 155 62	
806 121 167 113	
576 276 130 77	
464 820 165 60	
27 562 165 64	
330 354 89 113	
301 989 119 101	
804 806 144 64	
371 828 146 113	
992 841 142 63	
869 44 155 123	
904 10 136 63	
512 480 166 57	
725 657 149 120	
866 110 127 117	
246 252 138 100	
441 672 150 84	
48 962 119 123	
173 178 131 118	
903 892 138 104	
206 969 153 100	
950 430 163 55	
500 254 161 59	
577 838 163 45	
197 262 174 36	
652 314 119 126	
883 510 142 71	
677 450 190 97	
839 932 123 104	
651 247 173 46	
113 25 177 101	
8 548 127 95	
813 514 141 126	
722 66 143 73	
310 485 127 87	
812 955 157 123	
118 348 113 118	
785 244 163 76	
142 492 228 7	
243 273 140 82	
602 999 137 100	
783 739 140 96	
381 330 157 122	
513 817 149 88	
802 425 169 76	
5 331 119 112	
789 350 215 20	
286 931 173 92	
183 151 178 58	
481 752 116 128	
547 326 159 111	
83 88 169 63	
118 975 226 16	
409 197 139 119	
704 430 159 79	
735 494 166 69	
239 929 119 115	
711 2 161 121	
370 686 186 101	
177 132 201 51	
963 517 121 102	
187 590 163 71	
614 58 146 82	
104 420 153 81	
327 479 121 104	
884 975 124 117	
311 516 145 78	
296 954 157 79	
451 590 205 89	
625 398 160 53	
385 754 208 93	
625 999 146 133	
258 241 143 102	
820 911 151 80	
199 386 146 100	
42 690 148 85	
258 804 139 125	
9 993 149 123	
34 794 182 59	
74 115 182 57	
542 51 151 117	
765 476 154 81	
904 987 155 93	
622 749 169 109	
289 104 132 113	
891 385 173 118	
175 99 161 113	
87 901 162 73	
408 699 188 60	
48 490 172 61	
691 403 134 106	
113 131 139 103	
164 750 166 62	
247 639 180 75	
415 989 175 71	
486 826 200 50	
871 470 147 82	
851 188 164 78	
768 459 180 68	
969 385 132 112	
17 547 149 81	
2 95 177 77	
180 279 137 113	
110 675 155 83	
393 154 174 52	
627 502 200 123	
529 682 166 63	
301 746 150 84	
113 760 171 117	
446 856 163 83	
493 217 170 125	
643 948 172 69	
580 28 166 78	
629 898 150 97	
985 358 176 65	
384 924 181 60	
779 282 203 129	
20 81 208 69	
190 777 163 113	
958 165 144 90	
473 312 189 61	
81 233 148 106	
887 179 167 96	
947 49 195 96	
158 511 166 125	
980 541 185 62	
70 801 160 75	
452 584 160 130	
883 599 136 117	
468 154 182 69	
42 995 152 86	
697 279 153 90	
267 450 188 81	
454 983 177 130	
502 479 192 107	
888 828 152 85	
314 752 151 115	
464 528 172 81	
316 164 185 80	
601 577 131 129	
886 534 148 124	
355 760 151 110	
956 684 152 115	
253 924 155 121	
926 781 157 94	
981 417 174 70	
835 989 191 69	
428 137 160 73	
756 677 179 62	
694 254 144 130	
992 656 155 120	
101 245 136 100	
94 190 151 123	
855 71 172 108	
874 770 191 63	
39 970 163 129	
588 42 153 95	
762 587 186 53	
173 530 136 117	
914 872 145 115	
8 289 164 86	
652 474 173 85	
935 936 215 37	
930 161 240 57	
402 31 162 116	
690 117 166 66	
435 208 161 122	
963 861 170 79	
854 995 158 105	
107 915 132 124	
518 788 149 92	
540 273 186 80	
667 7 187 61	
889 206 179 119	
392 89 169 95	
167 918 142 115	
62 590 152 126	
694 94 162 88	
89 332 196 81	
794 420 193 86	
772 222 188 82	
877 794 189 65	
77 137 194 104	
464 992 190 122	
104 960 128 127	
825 268 162 84	
728 713 170 83	
416 500 201 72	
306 490 144 128	
971 245 195 106	
635 803 148 125	
187 268 179 120	
382 804 145 126	
175 930 146 126	
982 747 153 125	
492 82 188 72	
647 59 193 68	
368 976 199 115	
453 294 203 48	
930 78 190 68	
665 316 119 136	
630 523 153 109	
397 48 167 119	
779 456 214 47	
387 223 158 113	
99 383 180 73	
224 677 182 111	
438 217 193 72	
601 839 184 86	
381 685 191 126	
249 252 147 119	
282 349 164 97	
50 150 190 75	
370 539 205 72	
465 356 231 59	
983 176 210 98	
787 995 175 89	
632 540 163 106	
962 844 173 92	
569 790 177 122	
648 433 181 80	
772 187 178 81	
968 373 172 116	
757 775 192 81	
917 784 237 46	
440 512 194 82	
726 83 195 70	
355 648 168 96	
541 863 177 124	
877 513 200 116	
696 69 205 59	
758 719 151 112	
488 155 137 122	
188 182 193 84	
791 508 188 71	
827 316 162 120	
109 926 227 107	
709 208 144 123	
619 585 155 135	
689 548 159 114	
573 552 163 121	
183 674 181 113	
968 572 191 120	
235 69 212 48	
758 525 184 82	
595 306 144 118	
989 723 163 103	
358 514 155 124	
165 936 158 97	
885 89 174 106	
812 840 198 67	
222 571 202 119	
724 414 204 68	
898 325 149 141	
563 641 153 118	
77 856 172 128	
581 771 182 130	
267 452 187 127	
2 316 187 84	
426 53 192 115	
207 874 203 64	
123 171 210 56	
261 900 174 88	
572 992 194 75	
441 488 206 56	
793 719 162 121	
402 338 155 124	
821 635 171 123	
308 92 211 122	
905 345 149 133	
766 366 198 74	
894 117 208 72	
702 924 216 74	
543 300 216 108	
334 599 154 126	
317 329 168 111	
298 771 152 126	
381 924 184 81	
575 448 187 84	
833 710 199 123	
272 229 211 57	
948 627 170 116	
516 743 194 74	
118 187 166 107	
692 469 178 109	
429 839 163 102	
974 194 177 96	
337 464 189 87	
674 745 154 123	
671 255 160 133	
215 70 161 113	
326 109 168 104	
642 147 172 113	
299 920 141 127	
470 724 226 65	
433 103 173 91	
297 364 190 89	
103 995 191 73	
74 837 193 116	
306 822 197 82	
147 450 162 118	
110 246 202 78	
156 524 177 108	
157 630 204 83	
688 853 167 129	
993 591 178 95	
143 658 182 113	
300 514 187 113	
583 209 181 83	
738 266 200 88	
521 74 183 89	
981 479 184 95	
440 654 193 117	
714 419 204 103	
593 494 156 110	
800 619 170 115	
43 660 221 124	
578 211 229 41	
200 334 186 87	
251 70 176 108	
117 652 190 127	
646 730 196 126	
626 751 210 54	
169 278 211 81	
995 895 165 124	
678 292 179 127	
166 572 214 59	
121 282 144 130	
767 428 147 128	
194 933 178 104	
74 971 182 127	
18 945 170 126	
764 28 175 112	
766 181 187 125	
862 42 195 94	
496 335 196 74	
491 468 216 61	
934 397 233 76	
189 619 178 114	
839 672 184 94	
319 581 190 126	
644 275 194 119	
777 6 239 58	
484 580 163 125	
581 856 181 113	
393 302 164 109	
129 466 182 124	
395 528 200 95	
880 608 187 114	
465 252 192 127	
961 611 184 93	
837 700 219 50	
727 939 172 130	
944 24 174 132	
631 80 187 118	
348 704 189 95	
850 26 193 90	
390 404 196 113	
982 109 213 81	
912 824 189 122	
782 459 176 119	
350 546 192 88	
374 902 198 86	
665 761 226 56	
552 670 236 53	
123 262 225 122	
825 917 200 121	
625 44 206 94	
606 662 167 129	
416 415 177 112	
538 431 179 114	
259 549 187 112	
286 585 208 73	
825 3 174 117	
234 47 156 123	
912 847 186 123	
465 879 190 128	
285 726 167 118	
55 991 170 119	
387 276 202 84	
204 20 209 119	
906 138 184 121	
987 353 206 89	
200 965 223 90	
501 81 186 116	
857 647 187 96	
40 617 190 105	
313 244 209 82	
505 661 182 117	
200 995 184 109	
631 155 186 95	
368 115 232 65	
773 897 181 95	
839 975 187 126	
934 518 206 121	
710 746 174 107	
436 580 176 124	
7 484 185 118	
133 690 189 99	
731 170 204 107	
353 626 222 70	
917 230 173 134	
817 654 175 118	
328 620 183 117	
618 407 196 131	
532 634 205 88	
993 922 211 73	
507 225 170 124	
2 695 190 98	
570 780 201 89	
427 897 202 86	
408 960 244 47	
189 223 173 118	
191 437 183 133	
294 194 182 101	
305 88 195 108	
899 113 212 111	
999 510 217 114	
363 302 186 110	
351 497 168 131	
252 681 180 103	
293 460 183 98	
180 227 225 73	
107 661 166 127	
950 378 214 77	
695 515 204 83	
981 965 174 113	
147 129 178 137	
159 844 194 104	
611 750 196 91	
298 975 261 25	
259 755 160 124	
152 375 161 127	
132 335 187 105	
488 988 222 75	
50 118 244 62	
91 251 173 111	
330 526 178 133	
660 819 183 126	
962 792 185 104	
525 734 186 101	
85 223 196 81	
713 34 197 128	
13 448 205 97	
465 697 208 79	
860 146 234 67	
463 611 199 86	
771 937 203 118	
122 164 205 101	
86 951 208 125	
86 980 171 123	
371 838 178 126	
663 248 214 83	
55 869 175 134	
337 63 177 111	
592 125 191 101	
589 260 193 114	
502 648 199 94	
291 182 211 88	
286 918 217 90	
562 966 214 104	
276 904 180 129	
544 994 199 95	
693 505 187 120	
803 284 191 109	
744 172 197 87	
133 808 198 107	
435 66 202 87	
391 870 212 128	
870 230 213 137	
616 912 213 78	
206 800 215 71	
70 417 216 101	
103 518 219 86	
69 806 213 82	
463 402 197 97	
405 603 201 132	
496 714 172 123	
929 453 191 99	
643 63 206 122	
393 986 217 76	
717 771 237 61	
954 936 181 109	
684 448 262 44	
869 338 210 89	
852 15 185 126	
729 156 211 106	
911 351 218 138	
307 159 223 128	
171 77 192 140	
469 422 192 110	
535 941 206 94	
865 398 173 127	
267 762 174 116	
87 105 193 106	
336 818 196 103	
775 614 188 109	
215 156 203 114	
732 689 251 55	
287 311 186 104	
411 98 191 112	
679 528 200 125	
304 895 220 81	
180 699 225 81	
657 688 198 97	
119 862 198 120	
619 706 219 77	
509 317 191 121	
397 315 208 93	
495 82 214 81	
258 470 178 119	
176 718 186 104	
242 488 194 102	
159 261 200 95	
260 422 214 83	
783 346 218 75	
838 275 225 97	
815 430 238 118	
185 284 202 79	
556 404 213 103	
347 480 183 118	
724 749 193 117	
233 798 193 117	
181 866 196 91	
948 68 208 129	
556 144 208 87	
409 332 187 127	
90 815 197 107	
479 52 202 111	
558 713 213 72	
952 943 217 89	
984 551 192 128	
520 380 226 73	
937 466 181 114	
507 513 192 103	
622 171 200 115	
573 545 204 135	
628 219 222 85	
744 844 181 123	
166 546 220 123	
132 951 213 92	
851 706 214 137	
423 847 219 81	
616 899 196 113	
784 263 192 113	
122 235 203 107	
110 191 207 128	
124 418 209 93	
663 259 215 75	
618 428 219 79	
16 44 222 69	
206 594 239 60	
857 946 243 61	
76 898 205 86	
692 801 208 85	
167 243 239 68	
633 917 214 95	
608 904 240 57	
549 905 243 55	
241 374 181 133	
553 232 188 129	
129 305 201 127	
420 149 203 95	
257 370 206 130	
850 304 214 92	
257 380 215 125	
635 95 196 95	
847 163 203 117	
649 568 210 95	
908 343 228 89	
354 478 195 119	
502 338 202 93	
882 907 212 126	
942 598 219 101	
97 737 238 68	
984 375 180 127	
2 119 208 111	
545 62 224 88	
719 28 183 118	
908 452 196 109	
835 900 199 100	
259 127 214 86	
295 377 215 98	
508 510 240 126	
177 130 199 101	
811 67 212 111	
630 839 173 128	
878 523 198 127	
963 429 209 133	
157 963 209 123	
381 780 219 84	
238 157 184 130	
145 272 187 132	
395 463 188 124	
5 680 198 98	
973 267 201 131	
577 135 202 128	
468 930 202 132	
998 81 209 132	
531 914 219 81	
548 455 223 128	
801 823 212 90	
176 547 210 99	
417 861 224 80	
784 386 191 103	
304 345 200 99	
922 784 203 132	
852 712 225 126	
26 617 220 76	
377 695 222 80	
687 281 226 91	
865 166 191 124	
534 747 254 53	
843 486 176 127	
144 109 201 130	
857 52 208 95	
110 985 219 86	
972 142 223 79	
786 765 228 70	
923 101 232 77	
487 158 199 121	
986 340 228 117	
891 177 231 63	
473 648 234 106	
190 305 177 121	
729 823 196 132	
104 242 214 124	
917 686 212 118	
200 340 217 87	
397 134 190 122	
96 560 215 91	
484 992 227 133	
41 549 218 82	
492 105 209 133	
31 202 206 136	
420 241 212 92	
119 927 218 84	
416 152 193 113	
801 666 222 125	
128 314 225 82	
416 596 191 110	
355 706 190 107	
277 393 193 116	
31 241 201 126	
898 822 206 116	
366 336 207 130	
8 471 210 127	
181 459 214 95	
213 379 225 77	
836 384 225 82	
135 410 230 74	
911 341 233 81	
538 263 238 75	
717 179 251 109	
463 109 185 126	
64 177 222 115	
693 10 199 109	
183 150 204 96	
921 398 208 121	
572 54 214 89	
822 125 195 109	
649 392 201 129	
891 795 202 108	
443 320 203 120	
287 375 210 125	
293 521 213 125	
118 335 214 88	
416 588 218 91	
591 942 224 131	
482 864 225 81	
171 615 226 78	
835 448 226 95	
446 706 194 130	
788 314 196 125	
702 432 197 133	
529 351 208 126	
320 147 215 90	
487 409 218 138	
940 641 218 107	
715 346 225 89	
72 622 212 101	
696 461 219 104	
171 113 221 98	
236 608 230 81	
516 38 229 122	
580 787 190 105	
159 913 196 105	
637 955 208 125	
14 140 209 116	
267 372 210 115	
747 103 225 93	
900 800 204 133	
437 963 206 105	
390 523 215 96	
99 757 222 89	
844 209 226 92	
121 163 188 137	
424 331 207 130	
295 115 208 125	
484 31 208 106	
616 241 223 131	
209 7 237 73	
288 956 244 68	
896 277 186 129	
377 940 188 131	
341 417 201 105	
403 623 209 131	
355 197 217 126	
711 279 217 106	
321 369 182 127	
883 268 196 123	
793 731 204 133	
588 2 186 133	
641 476 193 128	
184 250 207 92	
857 300 215 100	
169 444 218 114	
205 660 230 93	
998 785 239 131	
106 108 241 105	
140 60 242 73	
738 616 263 62	
244 235 185 131	
125 402 215 128	
204 130 223 131	
125 797 224 88	
458 656 231 92	
606 390 245 124	
329 386 247 62	
792 742 182 131	
358 511 185 138	
660 744 210 117	
595 567 216 94	
592 806 219 94	
506 637 232 88	
911 892 202 116	
749 163 208 130	
805 623 206 112	
331 879 220 104	
157 533 194 124	
797 840 198 121	
210 846 216 129	
950 4 221 122	
618 66 221 132	
254 310 244 120	
343 3 226 121	
547 772 203 119	
82 879 224 85	
872 639 191 136	
395 519 194 108	
245 306 206 109	
452 698 207 108	
977 271 220 111	
378 232 226 127	
720 124 238 72	
511 402 205 136	
731 227 223 92	
480 961 201 121	
24 472 202 113	
915 44 213 110	
930 289 218 132	
775 948 224 105	
325 834 226 97	
717 984 247 81	
200 128 203 127	
691 232 203 101	
565 755 224 98	
941 343 229 93	
652 646 229 82	
895 285 259 66	
226 332 205 134	
13 203 223 131	
393 50 212 126	
512 466 221 91	
702 39 224 95	
51 268 231 103	
438 375 233 90	
831 113 239 107	
993 730 260 67	
344 904 194 134	
913 513 205 128	
916 335 262 66	
679 975 212 100	
510 768 198 125	
627 944 210 105	
773 827 224 134	
420 88 240 69	
147 451 185 132	
359 719 206 122	
988 277 215 94	
439 485 217 98	
3 835 221 115	
464 421 229 106	
3 159 248 120	
715 262 207 130	
946 120 207 105	
652 125 223 103	
419 18 216 132	
861 95 231 122	
289 668 190 132	
16 597 194 133	
18 523 205 115	
902 864 206 130	
215 169 206 125	
683 252 208 127	
378 879 211 120	
437 628 212 130	
387 755 213 106	
665 598 214 121	
279 409 217 103	
899 808 220 111	
987 58 234 81	
770 214 240 70	
270 366 243 79	
887 742 185 132	
745 364 204 127	
665 457 212 120	
96 300 212 120	
798 956 214 114	
726 330 198 121	
438 467 225 127	
865 544 229 133	
222 809 229 135	
923 941 205 121	
263 165 216 115	
135 628 217 106	
831 368 218 103	
938 657 221 105	
7 285 224 135	
314 701 224 94	
738 654 234 127	
276 928 237 76	
885 690 274 56	
56 267 228 93	
528 642 193 131	
54 542 205 115	
505 451 208 114	
533 796 216 113	
463 627 226 118	
143 472 239 89	
898 478 253 57	
779 56 277 60	
564 857 194 125	
48 182 202 116	
394 679 205 109	
479 185 206 110	
539 538 209 112	
37 566 210 113	
425 914 210 124	
888 865 223 112	
805 612 224 109	
328 988 226 100	
612 253 252 74	
792 139 187 137	
45 924 209 131	
347 84 191 128	
736 268 200 127	
646 688 206 118	
42 659 208 136	
367 281 210 115	
431 394 214 124	
329 651 216 111	
762 179 217 97	
33 236 221 85	
703 597 225 134	
154 279 234 83	
905 641 244 76	
591 616 244 73	
629 843 252 83	
62 18 257 78	
386 20 257 53	
829 925 231 91	
817 145 232 94	
135 812 233 105	
492 421 208 109	
28 307 222 101	
490 173 225 92	
869 712 237 82	
669 805 196 119	
456 526 213 114	
282 689 214 124	
842 91 217 101	
167 511 218 116	
197 573 223 100	
102 316 224 101	
698 44 225 93	
15 201 231 103	
329 559 234 93	
658 376 220 138	
606 782 236 132	
58 102 205 109	
765 875 205 104	
488 824 216 125	
606 97 220 137	
8 692 228 128	
272 785 229 98	
594 522 237 110	
497 190 245 112	
752 184 204 124	
453 896 204 128	
44 343 211 100	
182 463 216 114	
386 450 225 96	
743 211 230 88	
106 892 231 101	
627 61 234 134	
676 272 231 97	
689 683 265 62	
797 810 215 119	
848 248 216 117	
958 30 216 98	
54 494 218 135	
927 946 222 135	
579 927 228 104	
662 223 198 128	
528 455 219 129	
979 880 232 87	
540 874 233 95	
955 438 250 75	
95 272 205 140	
439 563 210 123	
460 491 212 135	
220 657 214 125	
313 566 216 106	
415 70 217 124	
264 165 221 89	
333 27 224 116	
72 889 225 102	
643 728 257 130	
89 527 218 136	
985 468 231 92	
598 133 198 126	
230 120 205 132	
34 204 212 128	
501 753 212 122	
738 48 213 111	
723 707 222 105	
809 839 224 127	
874 940 233 86	
823 815 233 114	
373 96 234 93	
688 500 238 131	
16 274 238 82	
632 848 246 89	
659 182 250 78	
432 739 232 122	
414 956 242 79	
245 269 213 134	
456 692 214 127	
85 917 221 133	
691 393 229 108	
824 763 233 131	
412 862 239 90	
810 568 246 98	
776 807 203 125	
612 742 206 113	
408 272 224 109	
176 903 230 130	
666 355 232 102	
660 5 237 107	
177 72 240 93	
538 749 249 127	
998 98 216 110	
109 348 224 97	
447 125 241 82	
458 496 193 141	
909 491 193 134	
14 809 202 122	
198 801 206 124	
279 874 215 135	
895 247 219 134	
41 488 223 135	
871 445 226 105	
308 618 227 117	
660 705 231 108	
538 132 243 84	
655 745 249 95	
229 334 218 110	
161 94 222 135	
782 937 222 107	
162 542 228 103	
690 155 229 116	
323 311 233 128	
432 247 233 85	
116 798 237 100	
199 969 208 121	
166 94 229 90	
473 92 229 95	
900 758 239 94	
749 322 187 126	
288 721 196 129	
193 765 223 116	
45 532 223 130	
836 272 229 124	
946 615 240 93	
967 873 212 128	
15 624 258 86	
774 810 211 122	
207 476 205 128	
890 555 223 118	
896 145 234 130	
467 611 241 87	
876 832 245 129	
545 799 206 135	
826 726 219 105	
52 225 223 113	
200 126 225 111	
433 79 233 107	
258 379 234 137	
71 997 239 95	
541 720 248 78	
867 705 222 109	
423 805 210 127	
86 301 250 127	
513 458 194 140	
344 634 205 109	
569 917 209 121	
885 885 240 122	
297 641 274 77	
692 632 263 54	
845 568 204 125	
710 413 214 118	
106 573 234 125	
536 13 236 98	
902 745 270 57	
140 507 202 132	
24 33 206 135	
840 377 213 118	
590 732 222 113	
567 860 222 114	
692 309 226 127	
599 59 238 108	
314 993 240 115	
410 241 251 110	
567 691 266 72	
920 196 207 118	
929 784 239 89	
471 445 251 83	
715 511 254 77	
82 647 213 125	
256 744 233 102	
115 520 199 130	
377 157 206 132	
300 172 216 123	
549 966 235 135	
155 831 214 125	
765 651 217 125	
283 571 219 115	
561 318 220 126	
633 770 222 114	
828 693 225 103	
834 744 228 103	
996 985 230 111	
884 192 232 129	
940 292 234 125	
45 830 238 110	
492 531 243 96	
552 885 247 130	
747 361 254 88	
857 895 217 129	
453 939 247 96	
464 639 262 64	
645 906 222 126	
52 842 224 125	
350 422 235 105	
539 739 236 122	
609 698 217 131	
909 497 220 96	
318 974 240 128	
111 938 240 93	
338 533 243 99	
129 53 197 139	
162 952 239 129	
356 235 203 121	
951 490 226 132	
733 319 226 120	
112 156 227 114	
715 13 228 102	
708 788 233 126	
51 465 240 137	
925 185 257 91	
486 376 267 64	
456 142 209 142	
17 198 221 111	
191 71 227 114	
977 723 231 110	
807 725 275 116	
350 573 212 133	
920 428 239 88	
902 893 219 115	
239 145 228 129	
393 864 229 130	
785 646 230 104	
918 448 243 95	
612 33 257 78	
630 208 227 105	
593 856 253 93	
458 893 213 126	
819 145 216 121	
196 932 220 122	
848 694 223 126	
282 933 240 104	
535 95 240 132	
882 795 245 124	
500 101 245 112	
406 40 252 85	
295 103 241 93	
458 545 215 120	
223 675 225 129	
301 935 226 111	
373 385 229 109	
306 517 231 101	
823 318 235 91	
552 781 236 94	
188 60 237 94	
682 188 243 139	
627 191 243 100	
353 152 218 118	
196 715 221 115	
135 894 224 123	
944 223 224 105	
533 106 231 128	
504 991 236 128	
848 153 231 117	
952 691 248 116	
990 925 255 100	
681 833 260 97	
967 267 234 109	
600 603 245 94	
724 332 214 126	
469 269 215 128	
183 170 215 120	
382 912 216 117	
850 251 216 125	
390 863 224 128	
97 693 224 110	
82 800 225 113	
277 439 225 104	
459 210 226 133	
183 696 235 115	
821 533 235 107	
942 548 239 131	
477 98 240 133	
347 757 245 90	
27 663 250 94	
782 426 209 129	
627 232 219 130	
393 364 225 130	
150 550 231 115	
821 736 216 133	
351 633 241 122	
917 785 216 126	
253 482 223 138	
71 210 230 108	
716 102 234 112	
432 90 237 127	
785 884 239 111	
127 84 242 94	
768 362 246 133	
725 971 251 88	
177 383 255 88	
630 560 247 99	
565 783 211 127	
779 348 225 116	
67 705 226 122	
12 344 227 135	
880 797 229 116	
750 915 230 102	
289 705 236 102	
161 566 238 135	
806 382 243 93	
812 95 248 112	
949 976 261 132	
949 681 272 82	
705 262 230 133	
894 71 238 118	
198 846 249 90	
757 137 255 78	
256 684 256 92	
599 859 273 81	
529 725 237 133	
414 880 239 120	
555 911 264 73	
832 600 218 132	
740 83 224 115	
219 43 231 109	
493 803 231 103	
941 500 232 97	
860 541 232 136	
943 333 237 113	
897 117 238 107	
375 148 239 118	
661 857 239 139	
986 987 242 126	
132 413 246 84	
177 107 248 103	
614 781 248 85	
80 323 249 97	
163 681 259 124	
828 10 233 108	
354 48 234 124	
214 218 238 99	
284 84 244 125	
232 572 204 141	
39 18 225 121	
690 87 226 116	
989 419 232 132	
870 229 239 113	
171 702 245 94	
462 164 244 119	
713 218 244 101	
428 329 247 100	
741 194 247 135	
169 162 216 133	
409 570 217 134	
412 89 219 131	
799 745 221 120	
529 621 222 123	
184 79 224 133	
545 733 239 135	
780 7 241 133	
8 521 242 129	
479 568 246 85	
983 524 247 117	
206 167 252 85	
899 962 253 90	
495 417 255 133	
634 617 261 80	
587 16 222 124	
261 992 234 102	
853 657 245 98	
106 936 230 114	
645 170 241 103	
332 888 244 135	
710 202 252 88	
88 503 215 132	
187 970 218 125	
375 463 226 107	
791 852 235 112	
179 926 235 120	
233 805 237 110	
72 211 238 100	
79 939 238 115	
464 971 238 97	
252 861 242 109	
907 365 244 102	
114 751 244 119	
367 429 249 100	
591 563 252 129	
190 172 252 87	
146 100 260 123	
563 692 261 84	
460 193 236 127	
617 957 215 137	
596 690 219 127	
991 765 223 117	
54 455 227 117	
557 799 229 108	
557 131 237 118	
254 617 245 109	
674 982 250 96	
440 876 251 89	
307 750 222 126	
925 99 229 119	
941 51 233 110	
939 796 233 123	
53 575 253 88	
568 832 263 86	
440 978 225 110	
835 488 231 107	
383 111 235 132	
491 805 244 131	
406 4 215 128	
729 463 217 132	
151 792 230 122	
527 568 231 110	
296 601 232 141	
22 514 234 135	
750 250 238 132	
368 257 239 101	
335 535 240 104	
803 164 242 123	
28 758 243 101	
246 871 244 131	
400 110 244 131	
584 447 246 137	
281 493 248 122	
993 502 249 91	
823 405 255 92	
6 814 260 85	
86 487 279 80	
770 439 229 111	
976 486 231 125	
959 253 232 102	
901 408 239 134	
979 373 240 104	
720 839 250 130	
762 916 255 94	
711 530 221 126	
184 108 222 120	
78 548 225 121	
306 852 230 118	
130 548 231 125	
24 494 242 110	
728 947 242 132	
332 623 249 104	
731 85 249 100	
457 510 277 68	
160 780 229 141	
252 898 219 130	
562 48 221 123	
827 698 227 134	
584 96 230 110	
169 338 231 138	
50 196 231 118	
560 382 241 126	
974 391 242 99	
12 323 244 128	
800 555 251 96	
523 362 227 121	
792 768 219 133	
933 353 235 114	
986 556 236 138	
323 40 245 136	
286 88 250 139	
401 184 251 105	
318 26 224 125	
97 143 229 125	
433 389 229 137	
617 16 231 127	
799 407 232 123	
550 512 233 122	
889 77 247 97	
208 291 248 102	
768 848 251 105	
318 628 255 91	
534 622 256 97	
305 938 263 89	
906 28 268 76	
891 829 237 100	
460 791 252 84	
465 112 216 137	
237 837 233 129	
679 401 235 136	
511 647 235 133	
63 741 239 105	
289 335 241 103	
967 984 242 101	
710 833 243 131	
82 476 258 82	
932 552 262 85	
828 4 263 97	
174 897 264 82	
454 823 218 130	
593 71 248 139	
246 37 253 100	
366 642 262 103	
366 550 235 134	
818 480 240 136	
13 327 241 132	
790 783 229 113	
187 677 236 111	
424 94 237 123	
171 891 239 100	
457 388 239 126	
926 607 239 114	
689 562 242 135	
28 893 243 103	
734 879 243 132	
392 236 244 116	
325 260 245 102	
53 235 246 124	
429 583 247 101	
443 78 248 114	
186 562 248 102	
163 563 250 102	
186 89 254 92	
20 754 255 99	
952 412 256 94	
206 122 257 99	
567 919 265 121	
828 387 272 84	
252 788 260 131	
659 144 213 129	
398 274 233 124	
881 726 241 109	
942 959 246 132	
840 733 247 103	
235 828 248 120	
260 78 251 126	
534 661 256 87	
164 413 256 94	
42 871 261 81	
803 337 227 131	
967 557 237 135	
213 793 237 130	
438 262 237 125	
594 715 241 116	
222 632 245 107	
693 48 252 134	
104 967 253 97	
426 948 262 99	
482 382 251 112	
522 137 218 125	
193 195 227 136	
659 83 228 121	
826 940 231 134	
601 968 232 111	
856 351 244 113	
116 126 248 109	
667 508 252 96	
70 948 253 100	
219 357 256 89	
929 157 276 74	
410 729 277 70	
45 591 238 108	
400 46 242 109	
517 689 247 104	
59 878 253 97	
166 158 215 137	
448 677 224 127	
70 370 240 116	
741 2 241 105	
456 487 226 135	
258 798 227 119	
232 315 235 116	
368 376 235 110	
294 489 242 134	
845 961 242 108	
872 661 242 105	
908 929 243 105	
528 957 244 119	
552 61 244 119	
122 153 245 107	
999 490 246 127	
26 682 246 105	
52 283 247 106	
61 806 249 104	
864 2 224 132	
185 16 227 131	
235 926 227 127	
747 1 231 132	
756 80 233 119	
193 364 235 127	
336 602 241 133	
476 537 244 106	
413 533 246 142	
76 277 246 120	
891 550 250 117	
430 493 251 101	
232 742 254 96	
811 84 259 113	
373 106 270 81	
147 942 237 116	
142 9 247 98	
58 267 254 136	
610 535 259 99	
445 840 260 93	
403 268 263 90	
261 11 263 130	
328 773 240 114	
732 662 255 116	
792 780 225 132	
195 627 231 114	
416 797 236 114	
846 595 237 119	
909 699 239 129	
215 786 242 135	
765 657 246 105	
847 356 246 106	
572 615 249 107	
749 746 250 106	
772 399 251 101	
414 955 251 134	
521 490 261 101	
830 42 261 129	
868 398 233 133	
762 964 234 114	
909 581 245 113	
685 287 248 108	
648 853 252 107	
235 108 259 99	
303 255 237 133	
684 74 244 107	
479 447 263 129	
987 251 221 137	
151 795 234 125	
172 130 235 132	
652 411 244 108	
414 93 245 112	
970 622 252 110	
970 182 252 138	
454 528 271 86	
236 132 224 139	
695 504 246 131	
594 231 252 127	
733 803 253 120	
409 724 258 95	
930 683 277 101	
448 161 246 103	
830 809 250 109	
258 294 257 95	
73 21 236 126	
562 883 239 106	
947 974 243 121	
499 27 253 137	
522 539 264 108	
638 460 214 136	
321 301 224 134	
63 589 230 127	
466 9 235 139	
432 889 237 130	
792 278 238 138	
877 718 243 123	
941 440 243 126	
787 500 245 113	
613 982 249 116	
17 721 254 100	
171 613 261 110	
821 148 268 93	
603 644 241 127	
880 223 257 102	
365 35 236 138	
74 646 243 124	
988 142 245 122	
317 714 249 106	
498 935 255 97	
637 143 264 88	
525 226 270 86	
836 723 228 127	
753 203 232 131	
567 349 235 116	
764 442 243 131	
348 671 244 131	
619 362 246 118	
100 855 254 141	
540 16 255 92	
51 741 261 94	
862 997 263 98	
454 938 216 142	
43 216 224 137	
417 308 242 123	
849 237 254 113	
280 573 254 123	
67 930 265 94	
413 763 265 122	
930 176 222 135	
3 582 228 136	
281 473 230 135	
366 786 234 130	
875 381 236 124	
631 116 242 134	
627 872 243 108	
145 393 243 121	
566 833 247 116	
791 903 249 97	
181 138 252 100	
562 316 256 95	
427 963 262 99	
33 969 265 133	
81 269 266 131	
158 540 269 105	
322 634 276 78	
688 755 278 85	
384 6 233 139	
771 56 252 130	
878 218 278 78	
827 832 241 123	
916 572 255 99	
563 150 257 108	
468 138 260 102	
82 662 218 134	
499 922 221 133	
406 793 238 129	
311 503 242 108	
377 73 246 134	
123 240 252 123	
789 959 262 91	
443 723 263 96	
870 416 230 133	
932 689 234 134	
656 910 237 134	
494 218 243 120	
607 586 241 127	
115 688 246 136	
840 800 251 114	
514 615 260 114	
702 333 226 135	
38 187 231 136	
993 134 233 131	
327 60 233 143	
67 580 234 122	
235 718 241 129	
184 919 242 118	
112 504 246 113	
972 673 249 113	
90 225 249 117	
561 569 253 119	
211 131 260 99	
986 755 266 92	
313 907 272 90	
759 856 284 121	
365 261 226 134	
67 716 232 125	
563 610 233 125	
937 527 234 115	
864 394 237 129	
841 399 239 124	
800 483 244 125	
624 338 245 139	
328 256 250 98	
370 5 253 135	
237 942 256 122	
780 627 263 95	
87 973 243 133	
917 896 245 134	
963 165 224 143	
723 714 235 135	
397 772 239 138	
519 235 240 138	
612 631 241 137	
850 690 244 141	
950 807 244 118	
385 141 259 95	
649 476 259 133	
289 435 263 127	
413 19 266 94	
415 323 286 91	
143 632 231 124	
914 911 241 114	
948 141 244 120	
371 366 250 110	
111 38 251 139	
371 54 268 93	
967 233 269 98	
485 120 270 130	
786 409 235 128	
25 828 241 137	
570 375 239 137	
540 877 244 122	
407 322 265 132	
994 270 269 98	
389 395 270 94	
706 290 248 133	
371 619 249 101	
680 565 251 134	
831 761 257 103	
676 201 263 118	
862 389 263 99	
446 505 239 123	
923 27 241 123	
872 852 241 118	
282 20 241 122	
366 861 244 143	
236 436 251 113	
770 140 256 106	
98 92 262 107	
192 517 266 96	
613 595 235 126	
621 877 240 121	
952 98 241 135	
966 398 246 124	
682 314 247 110	
109 241 248 111	
123 256 248 142	
917 548 253 127	
356 15 254 107	
718 850 257 101	
688 918 258 110	
569 889 260 105	
812 323 260 134	
869 172 262 84	
999 326 262 113	
208 503 265 127	
664 738 268 92	
85 185 274 92	
295 707 276 93	
135 480 281 90	
301 486 227 130	
723 506 248 128	
568 993 256 102	
344 674 251 138	
612 958 263 129	
90 408 267 100	
27 638 268 82	
553 912 276 101	
585 353 238 131	
927 426 245 110	
743 293 246 135	
738 487 250 118	
474 396 250 110	
593 497 252 101	
352 362 254 116	
579 987 255 108	
539 280 260 106	
444 822 261 108	
873 667 264 104	
493 793 284 76	
555 191 237 133	
236 882 247 140	
35 744 252 107	
141 803 257 106	
583 57 263 103	
539 319 240 116	
667 512 251 107	
591 193 251 112	
712 392 255 132	
493 604 240 127	
35 331 245 116	
533 292 247 136	
745 379 247 111	
403 697 252 120	
191 690 252 110	
212 889 255 109	
69 541 256 135	
980 134 258 101	
715 40 261 101	
987 524 263 91	
151 670 265 136	
266 233 224 134	
421 517 242 128	
680 589 247 129	
419 853 248 108	
504 358 264 100	
880 567 273 88	
120 313 223 127	
464 753 236 138	
521 446 238 138	
877 720 242 120	
542 926 244 118	
821 505 244 112	
379 214 247 123	
119 22 247 120	
762 596 248 111	
766 866 248 111	
349 761 254 121	
813 872 255 109	
269 927 260 100	
889 503 261 101	
489 493 264 111	
964 283 266 101	
663 107 242 115	
377 526 249 111	
350 570 256 108	
472 796 258 136	
91 10 258 138	
269 670 266 104	
612 303 249 134	
385 579 260 123	
580 824 241 132	
116 741 233 138	
673 216 250 140	
918 441 252 108	
460 19 254 101	
807 210 258 136	
486 685 260 107	
69 785 261 140	
240 715 275 130	
504 75 284 82	
159 378 220 142	
924 734 229 141	
644 790 232 136	
918 387 239 134	
140 899 244 139	
39 952 249 109	
683 259 250 135	
413 50 252 122	
975 374 252 107	
431 902 252 136	
943 766 256 107	
631 787 260 118	
974 865 262 113	
90 551 247 115	
488 257 261 137	
646 402 231 130	
269 865 245 129	
70 768 253 124	
43 124 254 122	
836 693 255 143	
97 260 259 103	
522 938 232 137	
369 423 236 137	
970 688 243 137	
308 480 244 136	
260 516 248 136	
986 953 249 127	
223 41 251 135	
407 783 251 131	
713 555 255 132	
659 273 257 132	
84 735 259 109	
641 840 261 140	
359 438 264 111	
293 973 268 103	
404 486 271 129	
943 82 273 127	
988 337 277 93	
171 778 238 137	
25 437 244 116	
749 499 245 138	
391 140 246 134	
679 269 247 136	
736 64 247 126	
978 824 247 137	
322 852 252 111	
928 324 255 122	
524 398 256 106	
713 297 258 109	
835 734 261 123	
938 574 263 104	
329 944 264 136	
367 451 286 104	
343 663 287 106	
292 443 243 138	
800 935 253 120	
370 614 261 137	
983 495 266 105	
424 591 260 122	
748 789 237 131	
654 69 238 136	
165 407 238 129	
946 833 243 131	
293 911 243 135	
488 46 251 122	
361 491 254 140	
678 834 255 117	
905 204 255 117	
429 21 256 140	
529 99 262 132	
283 167 264 122	
837 927 265 134	
438 979 265 101	
721 686 267 109	
682 523 268 106	
644 785 269 101	
441 605 277 101	
767 167 281 98	
647 179 240 140	
785 358 244 132	
868 585 247 119	
97 24 247 132	
235 995 248 121	
517 275 251 115	
963 458 251 110	
75 694 280 98	
973 546 280 83	
560 738 251 118	
887 718 227 146	
423 965 234 133	
964 172 236 132	
251 300 239 128	
914 98 246 136	
603 398 250 122	
301 44 251 134	
161 993 251 137	
246 230 254 118	
228 24 254 112	
469 538 255 132	
405 221 258 138	
231 128 259 136	
874 824 270 129	
654 496 236 135	
101 18 241 127	
27 182 248 135	
886 748 248 123	
79 181 253 118	
720 567 255 118	
992 597 270 133	
4 263 271 130	
823 5 277 133	
290 105 291 85	
335 485 258 108	
941 698 240 135	
755 340 244 122	
665 580 246 127	
810 30 255 137	
239 892 259 127	
504 969 260 109	
364 718 264 120	
499 438 270 101	
993 881 235 126	
617 14 236 124	
663 346 237 138	
957 603 248 136	
325 644 249 122	
330 384 249 122	
946 120 260 115	
264 676 261 103	
655 164 269 105	
593 84 270 103	
519 34 283 101	
757 993 239 137	
175 286 245 143	
275 926 249 142	
358 335 262 112	
499 36 262 128	
68 160 269 133	
703 486 280 107	
533 723 242 128	
733 380 249 139	
363 233 249 116	
941 335 250 130	
261 972 252 113	
906 821 252 115	
494 86 253 138	
476 911 254 124	
812 336 258 109	
998 110 259 119	
931 578 259 119	
220 556 262 108	
757 389 267 104	
231 994 268 101	
468 93 268 101	
984 546 271 131	
262 162 271 102	
411 520 274 117	
18 848 280 93	
837 196 288 123	
411 706 238 135	
474 757 242 126	
19 569 244 125	
16 337 248 135	
780 481 256 110	
979 423 263 113	
790 981 246 146	
275 741 265 134	
729 166 266 106	
620 63 236 134	
450 919 240 142	
873 308 244 126	
140 793 251 134	
20 754 254 135	
211 25 257 106	
567 79 263 127	
570 341 242 132	
351 518 248 140	
201 307 260 120	
302 397 269 130	
55 130 251 121	
568 869 257 114	
104 57 270 97	
487 784 241 124	
4 694 242 128	
280 215 247 126	
260 878 249 112	
44 336 253 138	
951 974 255 121	
551 20 257 123	
48 834 258 138	
599 716 259 130	
105 977 260 112	
179 956 261 128	
654 959 263 131	
526 64 264 114	
920 279 266 107	
203 465 267 105	
583 659 268 95	
700 373 292 95	
194 988 257 133	
716 405 257 113	
496 720 258 132	
172 173 269 95	
362 76 274 102	
239 769 232 138	
233 969 238 132	
132 556 245 142	
17 164 246 120	
196 627 246 133	
109 810 247 135	
848 896 250 139	
827 188 252 136	
289 742 253 116	
843 151 257 114	
480 801 260 110	
366 531 260 138	
796 566 264 106	
705 477 265 112	
931 124 267 102	
545 536 270 112	
77 541 285 87	
737 74 244 124	
146 106 249 139	
644 500 249 132	
823 905 253 131	
142 646 257 106	
515 955 257 122	
147 548 259 137	
854 442 265 108	
189 850 266 108	
299 438 267 106	
866 7 268 113	
457 860 268 130	
236 479 279 111	
234 291 286 98	
74 158 293 125	
596 762 248 123	
709 316 257 110	
711 528 240 143	
606 502 250 126	
504 366 255 128	
150 904 261 137	
227 954 262 105	
183 909 267 120	
441 449 270 96	
655 735 270 96	
964 450 271 106	
385 289 285 90	
665 183 242 132	
342 618 245 128	
722 852 247 120	
46 654 250 126	
891 821 250 136	
646 224 254 142	
544 484 256 130	
998 709 266 105	
786 411 275 100	
582 63 280 98	
757 668 281 138	
429 349 281 89	
263 982 238 135	
302 402 242 134	
302 768 237 133	
284 676 245 141	
634 910 247 133	
537 869 250 143	
518 594 251 133	
476 448 255 134	
892 379 260 125	
800 760 264 131	
808 229 274 115	
838 51 234 140	
661 142 244 135	
417 283 246 129	
821 592 247 125	
76 397 247 135	
597 34 249 124	
746 263 249 140	
80 307 250 123	
164 375 253 138	
283 903 254 114	
194 54 258 123	
210 696 258 131	
924 720 260 117	
889 928 261 116	
854 655 266 112	
178 956 267 113	
764 447 268 105	
153 490 271 123	
884 300 271 107	
193 847 271 107	
775 210 273 117	
440 55 275 100	
958 8 243 125	
199 439 246 129	
685 239 253 125	
947 755 256 128	
398 853 264 120	
99 761 260 132	
383 707 267 115	
307 614 246 130	
827 978 248 139	
135 395 251 118	
981 676 256 126	
151 588 258 137	
451 564 258 139	
73 338 258 138	
642 990 262 131	
403 894 266 108	
301 300 270 112	
116 708 270 137	
644 750 274 143	
344 296 281 125	
50 86 237 141	
690 99 237 140	
408 248 254 137	
730 290 256 114	
244 979 260 109	
530 649 266 120	
455 485 284 98	
500 399 254 126	
41 634 255 130	
708 161 257 137	
519 661 259 123	
861 992 259 130	
815 738 261 112	
527 805 261 114	
289 256 262 130	
781 340 264 123	
220 212 268 131	
439 254 268 111	
503 580 270 136	
178 837 274 108	
550 156 238 138	
390 298 245 133	
359 944 245 136	
339 592 257 109	
517 815 269 135	
259 260 293 96	
480 792 255 114	
358 812 243 135	
766 55 247 133	
299 782 249 133	
894 455 251 125	
620 690 257 139	
746 106 259 113	
740 796 259 121	
754 395 260 131	
625 725 261 121	
777 589 269 105	
965 736 270 111	
772 65 277 130	
680 665 278 105	
411 57 282 100	
916 333 239 134	
594 765 251 125	
247 532 253 130	
430 573 255 116	
647 528 260 140	
580 133 261 112	
988 389 263 129	
92 74 265 111	
175 345 267 123	
714 126 274 136	
783 825 279 131	
455 520 251 132	
45 774 259 118	
625 651 263 114	
255 328 265 112	
891 88 267 114	
275 993 270 112	
932 205 275 107	
598 983 248 126	
134 910 249 131	
571 482 250 123	
385 146 250 133	
741 215 252 136	
446 118 257 137	
1 855 263 132	
535 502 264 110	
118 477 265 108	
780 180 266 113	
506 476 268 113	
896 421 271 113	
595 120 273 105	
4 811 274 104	
941 173 283 106	
823 645 283 97	
344 840 254 124	
546 932 270 104	
529 609 249 143	
587 657 258 134	
672 438 259 134	
75 452 260 112	
897 150 261 121	
353 347 266 116	
126 797 269 108	
31 870 271 116	
124 260 275 108	
55 356 275 111	
373 290 276 111	
138 946 279 103	
416 778 282 93	
368 458 286 101	
677 54 235 138	
218 955 257 128	
372 615 257 139	
274 623 258 120	
976 820 259 135	
923 273 267 113	
958 699 267 113	
920 622 268 120	
860 245 270 108	
226 289 270 132	
620 238 264 110	
761 318 283 103	
984 923 250 137	
758 918 253 143	
196 603 256 121	
192 22 260 125	
706 545 224 156	
371 206 244 131	
526 420 244 126	
166 527 244 136	
963 864 248 142	
475 771 249 126	
933 659 257 125	
492 727 258 117	
706 438 259 131	
50 111 262 111	
980 817 263 141	
812 908 264 111	
392 318 264 138	
388 2 267 116	
158 483 268 124	
461 143 271 134	
347 144 274 117	
938 517 276 101	
418 875 276 135	
684 366 276 106	
17 317 250 133	
843 403 255 125	
723 145 276 108	
955 49 251 135	
402 212 257 119	
9 820 276 116	
997 537 249 135	
339 579 259 119	
205 606 262 118	
824 711 263 136	
164 700 265 127	
134 736 268 105	
478 771 270 135	
857 289 276 109	
163 734 282 104	
277 882 286 99	
806 916 246 139	
134 400 256 123	
125 770 256 140	
220 755 256 129	
314 936 259 109	
852 782 260 130	
87 170 264 114	
247 988 264 116	
20 636 266 107	
628 442 276 107	
937 644 278 100	
474 740 284 104	
337 884 256 126	
603 688 246 138	
487 873 249 141	
987 57 254 138	
753 400 258 141	
41 546 271 106	
816 427 273 104	
844 849 274 114	
964 80 275 108	
235 580 275 106	
334 62 279 111	
919 618 281 104	
7 92 284 102	
843 365 247 126	
181 716 249 124	
810 293 250 139	
172 165 253 136	
986 107 254 130	
915 760 255 126	
274 836 256 128	
738 748 257 129	
702 182 262 144	
612 317 267 111	
925 462 278 135	
802 16 281 102	
628 590 255 129	
806 730 261 135	
162 627 270 109	
748 876 280 101	
978 563 280 106	
938 489 283 112	
541 155 285 122	
140 450 245 140	
187 861 253 130	
198 172 254 141	
85 122 261 121	
65 688 263 131	
804 483 263 140	
945 235 264 132	
230 400 266 117	
229 97 275 105	
494 808 278 95	
110 708 282 101	
394 969 285 125	
324 731 288 101	
231 428 277 107	
219 114 236 138	
395 380 257 129	
454 929 265 117	
49 152 269 108	
989 168 272 114	
178 5 272 118	
669 446 274 113	
929 967 276 112	
616 100 277 100	
577 947 280 135	
871 959 287 95	
693 937 247 143	
185 636 257 132	
103 745 258 127	
644 118 262 134	
969 299 262 137	
863 973 264 134	
942 243 266 133	
788 581 268 112	
614 261 268 135	
788 308 275 120	
689 252 278 102	
589 747 278 112	
161 267 293 95	
786 740 266 117	
476 909 268 123	
110 93 293 85	
151 707 251 137	
374 611 255 142	
532 821 264 118	
46 336 265 138	
457 354 266 116	
663 597 272 115	
351 406 274 132	
922 858 276 135	
922 13 244 155	
105 125 257 129	
959 41 259 111	
666 67 259 129	
934 143 260 126	
217 922 260 135	
6 913 261 134	
848 648 262 140	
774 458 264 137	
720 777 264 116	
636 682 267 111	
121 909 269 113	
830 754 274 126	
726 809 281 104	
395 347 285 99	
641 627 286 102	
40 473 257 142	
902 836 264 136	
603 944 269 139	
515 129 271 112	
146 753 287 99	
768 633 251 132	
949 955 253 127	
542 507 255 138	
616 971 262 140	
525 174 264 138	
268 546 269 111	
807 204 269 136	
327 33 276 103	
97 145 277 115	
714 30 280 103	
887 360 280 117	
359 905 280 110	
274 324 280 134	
826 166 296 83	
731 660 239 139	
496 167 258 133	
137 615 264 119	
182 198 265 122	
471 590 266 134	
290 545 273 113	
154 826 254 132	
631 725 231 146	
724 308 244 139	
764 736 254 116	
623 499 255 141	
324 826 262 119	
159 569 265 142	
131 975 265 119	
370 349 266 129	
4 27 267 118	
356 393 267 120	
99 132 268 112	
852 147 269 116	
300 16 270 120	
262 424 274 135	
635 325 274 124	
91 98 275 117	
976 232 277 113	
762 157 281 109	
265 321 281 106	
77 40 281 99	
372 692 284 96	
157 496 250 136	
261 205 262 128	
585 20 264 122	
495 697 269 134	
585 310 271 136	
330 94 271 137	
520 74 276 108	
504 299 283 137	
666 950 277 107	
632 883 241 137	
