699 678 0 92 66 9 26	
879 194 54 68 55 12 26	
417 336 75 44 91 13 2	
959 198 33 94 70 7 27	
669 759 77 81 28 19 34	
84 389 63 84 53 14 27	
855 241 96 53 58 12 26	
643 137 91 56 60 13 27	
919 959 88 44 87 21 9	
300 122 46 76 86 19 23	
314 760 64 98 56 4 28	
296 458 104 27 84 14 26	
289 937 37 118 63 9 33	
686 493 139 79 0 11 32	
608 236 105 26 104 19 9	
188 364 91 51 91 20 11	
581 884 91 40 96 25 14	
417 913 43 100 60 30 35	
862 194 84 55 87 16 27	
592 627 87 49 91 17 28	
809 884 89 94 47 11 32	
409 831 62 85 85 18 24	
330 104 116 45 98 13 4	
674 534 139 84 11 11 31	
34 789 97 47 98 24 12	
457 890 113 39 84 15 27	
215 873 113 18 109 21 19	
978 526 81 56 98 20 26	
652 615 145 12 86 18 26	
195 591 67 119 61 8 33	
456 213 112 89 34 21 32	
31 711 77 109 57 13 33	
239 722 107 94 44 13 32	
542 766 123 50 98 16 5	
694 246 124 31 105 20 15	
847 698 64 98 91 18 26	
257 265 143 15 109 21 9	
534 448 86 100 77 8 27	
901 3 128 42 93 23 12	
387 436 78 105 76 16 28	
284 689 123 48 93 16 23	
713 921 124 109 29 7 34	
393 658 127 58 81 16 21	
230 16 133 19 99 23 29	
555 256 77 83 95 17 32	
482 59 97 108 52 19 29	
191 665 102 91 72 10 30	
16 601 141 42 75 16 33	
951 868 158 20 85 19 26	
74 219 142 72 47 16 33	
967 145 84 104 76 16 30	
430 959 127 84 59 9 32	
766 689 80 89 97 17 29	
62 319 119 62 82 20 29	
38 170 164 0 90 26 32	
776 250 115 86 81 13 18	
853 305 126 55 83 19 30	
563 846 130 109 34 9 32	
120 817 101 108 66 14 26	
409 50 113 62 100 20 20	
3 457 128 34 109 22 22	
539 921 86 90 92 19 30	
852 131 93 110 62 20 32	
571 771 124 58 104 20 11	
639 567 106 112 55 12 33	
865 700 130 87 62 11 28	
268 345 133 55 92 19 20	
424 940 86 89 98 17 29	
198 582 114 89 84 12 20	
76 690 123 69 83 19 26	
709 35 67 128 81 13 32	
293 14 106 103 73 14 25	
765 886 144 48 93 23 13	
937 802 132 53 103 21 13	
915 39 72 110 95 18 27	
424 674 92 114 69 16 32	
845 276 90 101 80 23 30	
270 200 147 112 24 7 34	
237 304 184 6 96 25 14	
784 808 147 27 105 24 24	
334 265 114 87 75 19 32	
674 254 127 54 108 21 18	
210 27 112 99 73 19 26	
692 593 119 77 86 20 27	
60 217 130 95 67 10 28	
66 190 146 112 31 13 29	
964 712 113 69 108 23 18	
303 397 113 106 66 15 31	
492 54 132 103 61 2 33	
196 220 153 50 100 18 10	
185 38 159 29 108 20 15	
253 418 152 49 90 18 22	
447 558 147 51 94 21 20	
547 249 143 54 90 23 25	
598 649 142 120 30 11 32	
981 277 91 99 93 20 33	
907 508 156 56 86 17 21	
274 452 148 60 88 21 20	
206 268 164 28 110 18 17	
523 977 122 74 111 22 9	
298 158 130 109 61 11 27	
110 300 144 61 86 22 28	
748 731 105 81 104 20 31	
802 950 117 78 98 22 26	
802 813 150 41 99 23 30	
373 848 150 60 84 22 27	
99 859 133 79 86 18 28	
721 107 126 93 75 18 32	
594 519 122 104 77 14 28	
513 357 147 69 87 19 24	
590 261 141 123 34 17 32	
568 92 145 97 62 11 33	
54 83 109 98 90 20 32	
831 546 119 111 66 19 34	
470 468 159 80 73 11 26	
533 200 162 58 85 13 31	
333 973 105 124 79 14 28	
306 76 105 113 86 21 25	
973 30 133 86 87 17 27	
378 612 155 62 90 25 18	
867 827 167 113 34 14 25	
667 45 130 77 98 20 29	
727 429 165 60 89 24 16	
525 925 165 64 89 20 16	
667 568 89 113 100 21 33	
140 587 119 101 87 21 28	
466 973 144 64 107 26 16	
114 148 146 113 61 7 30	
510 403 142 63 105 24 24	
515 877 155 123 32 15 33	
277 23 136 63 113 27 20	
815 603 166 57 95 22 20	
358 188 149 120 41 19 32	
453 115 127 117 70 14 33	
844 179 138 100 79 18 26	
419 450 150 84 85 13 29	
612 925 119 123 76 15 29	
188 301 131 118 63 17 33	
426 340 138 104 75 14 31	
502 735 153 100 63 15 31	
52 393 163 55 103 25 16	
36 876 161 59 105 19 19	
523 722 163 45 100 23 32	
692 191 174 36 97 24 32	
539 158 119 126 65 23 30	
371 535 142 71 103 22 25	
470 241 190 97 32 11 33	
337 206 123 104 91 18 28	
867 484 173 46 94 21 30	
978 777 177 101 51 2 33	
426 877 127 95 96 18 29	
579 671 141 126 47 18 34	
320 876 143 73 104 22 25	
944 28 127 87 106 16 32	
470 912 157 123 41 14 34	
162 633 113 118 91 21 27	
803 285 163 76 97 21 13	
495 377 228 7 85 22 28	
798 152 140 82 96 22 30	
467 948 137 100 88 17 29	
654 200 140 96 88 18 29	
436 261 157 122 43 15 34	
224 525 149 88 89 17 29	
591 388 169 76 82 18 27	
457 157 119 112 90 18 33	
124 654 215 20 95 26 16	
464 683 173 92 71 10 27	
488 867 178 58 91 20 26	
479 402 116 128 77 19 34	
97 587 159 111 58 12 34	
932 485 169 63 98 22 22	
457 766 226 16 84 19 29	
566 721 139 119 63 22 31	
810 50 159 79 88 18 30	
17 479 166 69 91 20 28	
525 504 119 115 88 19 34	
599 686 161 121 35 24 34	
111 607 186 101 53 4 31	
50 787 201 51 89 22 13	
497 831 121 102 100 21 34	
859 820 163 71 112 25 7	
369 292 146 82 107 26 18	
460 1 153 81 98 20 27	
715 520 121 104 96 23 35	
892 443 124 117 88 18 32	
437 575 145 78 111 22 23	
826 964 157 79 105 20 19	
808 400 205 89 43 11 32	
733 191 160 53 104 28 35	
823 513 208 93 36 11 32	
786 601 146 133 49 19 34	
968 922 143 102 83 20 33	
573 472 151 80 109 22 19	
771 347 146 100 88 19 29	
53 129 148 85 108 24 18	
545 707 139 125 76 12 31	
234 361 149 123 60 18 33	
122 154 182 59 101 21 20	
991 310 182 57 102 23 20	
979 745 151 117 69 16 31	
28 679 154 81 111 20 18	
144 354 155 93 91 14 31	
481 622 169 109 56 17 33	
378 222 132 113 97 14 29	
865 275 173 118 51 12 31	
735 137 161 113 67 16 29	
43 459 162 73 103 20 28	
251 127 188 60 88 18 32	
710 750 172 61 101 21 31	
643 125 134 106 92 23 32	
447 755 139 103 93 20 32	
202 117 166 62 105 23 31	
708 138 180 75 87 15 30	
637 847 175 71 102 21 18	
279 662 200 50 109 22 6	
613 304 147 82 115 22 22	
615 292 164 78 97 17 32	
770 831 180 68 100 21 19	
181 146 132 112 96 16 32	
596 914 149 81 107 20 31	
355 978 177 77 99 21 14	
157 383 137 113 89 18 31	
751 644 155 83 106 26 18	
758 22 174 52 108 23 31	
804 945 200 123 22 11 32	
917 372 166 63 105 23 32	
309 158 150 84 99 24 32	
552 776 171 117 56 12 33	
166 444 163 83 97 17 30	
210 592 170 125 42 20 33	
13 407 172 69 97 19 33	
270 842 166 78 107 14 26	
508 981 150 97 100 17 27	
486 497 176 65 117 17 16	
47 932 181 60 110 22 18	
933 964 203 129 18 8 33	
339 306 208 69 78 15 21	
417 403 163 113 74 13 29	
844 260 144 90 109 17 32	
655 874 189 61 93 22 27	
291 854 148 106 94 16 28	
119 457 167 96 82 18 29	
586 527 195 96 61 8 32	
209 958 166 125 55 14 33	
291 202 185 62 110 19 17	
594 934 160 75 103 23 32	
422 181 160 130 53 16 34	
891 402 136 117 87 21 33	
780 239 182 69 104 15 24	
573 701 152 86 103 20 34	
170 638 153 90 94 26 32	
926 727 188 81 92 18 16	
866 90 177 130 40 15 34	
122 887 192 107 57 9 31	
428 35 152 85 102 23 34	
964 935 151 115 83 16 31	
470 36 172 81 90 23 31	
720 97 185 80 91 21 20	
360 435 131 129 86 20 32	
452 677 148 124 76 17 33	
851 926 151 110 89 19 29	
694 726 152 115 88 14 29	
597 141 155 121 77 13 32	
918 164 157 94 98 17 32	
80 853 174 70 108 23 23	
169 192 191 69 93 22 23	
996 978 160 73 108 26 31	
451 739 179 62 106 23 28	
313 74 144 130 71 20 34	
952 150 155 120 75 17 32	
218 679 136 100 110 23 30	
907 319 151 123 79 13 33	
987 455 172 108 72 17 31	
20 12 191 63 99 20 27	
350 750 163 129 67 10 31	
634 133 153 95 102 22 29	
247 921 186 53 107 22 33	
487 336 136 117 99 20 29	
58 453 145 115 89 19 33	
749 454 164 86 97 23 31	
230 686 173 85 94 18 31	
256 890 215 37 95 23 31	
961 770 240 57 73 11 20	
249 281 162 116 74 17 33	
48 239 166 66 123 27 20	
728 481 161 122 66 20 33	
244 496 170 79 106 26 21	
489 127 158 105 93 19 28	
560 372 132 124 91 22 34	
251 834 149 92 110 25 27	
677 816 186 80 95 18 24	
829 392 187 61 110 23 22	
292 739 179 119 56 16 33	
208 122 169 95 92 17 31	
577 25 142 115 95 20 32	
457 993 152 126 71 21 34	
86 685 162 88 101 21 32	
911 928 196 81 82 19 26	
373 237 193 86 82 17 27	
698 194 188 82 95 20 20	
343 382 189 65 109 22 20	
707 740 194 104 73 3 31	
792 243 190 122 54 8 32	
338 821 128 127 98 20 33	
955 489 162 84 110 22 28	
952 267 170 83 104 19 30	
869 870 201 72 86 21 26	
728 334 144 128 80 21 34	
261 880 195 106 61 13 32	
777 156 148 125 83 19 33	
254 491 179 120 65 12 32	
744 398 145 126 85 18 34	
631 152 146 126 84 20 32	
793 929 153 125 81 16 33	
542 550 188 72 107 19 23	
844 940 193 68 100 19 29	
543 947 199 115 56 7 32	
145 200 203 48 115 22 21	
602 243 190 68 100 23 29	
788 859 119 136 100 20 35	
215 335 153 109 98 19 31	
589 485 167 119 77 13 34	
120 719 214 47 120 22 7	
794 834 158 113 97 17 26	
173 751 180 73 108 21 29	
487 184 182 111 73 14 31	
830 452 193 72 96 21 29	
163 928 184 86 100 20 22	
339 255 191 126 38 23 34	
888 538 147 119 85 27 35	
172 632 164 97 116 22 14	
666 917 190 75 104 24 20	
482 105 205 72 93 22 21	
99 640 231 59 86 17 20	
313 742 210 98 61 11 33	
223 558 175 89 103 19 28	
137 911 163 106 96 18 31	
418 801 173 92 101 18 30	
797 661 177 122 70 13 32	
657 205 181 80 100 22 31	
338 866 178 81 110 22 24	
925 855 172 116 79 15 33	
267 953 192 81 100 17 25	
571 494 237 46 95 20 17	
764 800 194 82 98 8 33	
503 208 195 70 109 18 23	
989 200 168 96 101 21 30	
606 25 177 124 63 19 33	
142 77 200 116 48 19 33	
485 692 205 59 103 23 26	
161 523 151 112 102 20 32	
653 231 137 122 102 24 32	
1 583 193 84 93 19 28	
607 565 188 71 101 26 31	
207 658 162 120 93 14 29	
767 881 227 107 38 12 34	
143 304 144 123 100 21 30	
161 187 155 135 79 15 34	
561 227 159 114 97 18 30	
846 902 163 121 85 18 31	
404 247 181 113 80 16 28	
508 228 191 120 61 15 31	
627 65 212 48 103 25 30	
345 470 184 82 104 23 25	
572 722 144 118 102 21 34	
380 439 163 103 97 23 33	
922 761 155 124 90 18 32	
562 556 158 97 109 22 33	
545 221 174 106 89 19 31	
602 326 198 67 101 22 31	
595 758 202 119 50 15 33	
288 363 204 68 99 23 25	
92 407 149 141 81 15 34	
169 284 153 118 101 18 30	
819 672 172 128 65 21 34	
847 360 182 130 56 18 34	
797 973 187 127 59 13 34	
830 8 187 84 108 13 28	
761 682 192 115 65 16 32	
822 841 203 64 105 16 32	
57 359 210 56 93 26 35	
583 251 174 88 107 22 30	
115 140 194 75 102 16 34	
989 206 206 56 110 22 27	
198 588 162 121 90 17 31	
746 238 155 124 91 21 30	
411 771 171 123 75 19 34	
255 401 211 122 43 12 34	
98 741 149 133 85 25 30	
521 309 198 74 107 19 24	
579 96 208 72 92 21 29	
627 225 216 74 92 19 21	
876 794 216 108 53 12 33	
198 610 154 126 91 18 33	
489 944 168 111 89 21 33	
514 412 152 126 93 19 33	
522 848 184 81 112 25 21	
416 888 187 84 107 18 27	
440 207 199 123 60 10 31	
865 721 211 57 114 23 18	
547 990 170 116 83 21 33	
149 716 194 74 101 23 31	
812 187 166 107 104 20 27	
964 437 178 109 87 18 32	
22 295 163 102 109 19 31	
306 703 177 96 103 21 27	
381 191 189 87 99 23 26	
893 5 154 123 93 23 32	
571 725 160 133 78 22 32	
129 531 161 113 98 20 33	
971 234 168 104 104 17 32	
955 712 172 113 85 22 33	
209 923 141 127 101 23 33	
781 843 226 65 93 23 18	
479 987 173 91 110 20 32	
603 640 190 89 105 20 22	
78 161 191 73 111 24 27	
801 347 193 116 72 15 30	
429 352 197 82 100 23 24	
635 290 162 118 93 20 33	
462 939 202 78 100 20 26	
315 658 177 108 98 14 30	
585 278 204 83 95 16 29	
719 609 167 129 86 15 30	
662 3 178 95 103 21 30	
180 733 182 113 83 18 31	
308 718 187 113 77 17 34	
516 337 181 83 109 24 31	
585 765 200 88 97 15 28	
468 931 183 89 107 21 29	
643 844 184 95 100 20 30	
928 872 193 117 73 17 29	
141 405 204 103 78 14 30	
948 42 156 110 103 26 34	
368 893 170 115 90 21 33	
294 97 221 124 39 13 32	
795 125 229 41 104 22 33	
474 829 186 87 108 20 29	
451 288 176 108 93 20 33	
511 852 190 127 57 22 34	
880 348 196 126 62 14 32	
436 931 210 54 116 25 25	
676 898 211 81 98 19 21	
423 11 165 124 90 21 30	
510 835 179 127 76 17 31	
706 144 214 59 106 23 28	
367 585 144 130 99 24 34	
976 322 147 128 101 22 33	
187 989 178 104 100 18 31	
702 446 182 127 69 20 33	
471 386 170 126 80 24 32	
937 498 175 112 96 17 32	
467 841 187 125 68 18 34	
519 312 195 94 89 22 32	
450 996 196 74 107 23 32	
211 202 216 61 118 17 20	
264 485 233 76 101 4 18	
257 117 178 114 89 20 31	
712 407 184 94 114 24 16	
39 901 190 126 65 18 33	
648 952 194 119 70 16 33	
973 732 239 58 104 20 11	
553 825 163 125 89 22 34	
617 770 181 113 95 12 32	
239 786 164 109 105 21 34	
914 598 182 124 85 12 30	
828 280 200 95 87 21 30	
923 82 187 114 84 16 32	
529 819 192 127 66 15 33	
933 855 184 93 108 22 27	
841 514 219 50 113 22 30	
767 781 172 130 82 18 32	
754 906 174 132 81 17 30	
266 348 187 118 79 21 29	
149 55 189 95 101 21 28	
380 186 193 90 101 23 27	
138 622 196 113 84 13 28	
52 564 213 81 99 20 21	
272 599 189 122 74 16 33	
53 995 176 119 103 7 30	
623 164 192 88 113 24 18	
291 832 198 86 114 25 12	
534 74 226 56 103 18 32	
624 65 236 53 113 26 7	
434 985 225 122 52 5 31	
124 339 200 121 62 19 34	
494 13 206 94 90 19 27	
843 618 167 129 88 19 33	
57 891 177 112 94 21 32	
594 776 179 114 98 14 31	
694 132 187 112 95 16 26	
899 858 208 73 112 28 15	
504 616 174 117 96 18 31	
329 708 156 123 98 25 35	
707 220 186 123 76 17 35	
648 152 190 128 66 19 34	
947 128 167 118 96 23 33	
765 940 170 119 92 21 35	
696 733 202 84 109 25 17	
325 237 209 119 58 18 33	
71 165 184 121 77 22 34	
849 486 206 89 97 19 27	
954 720 223 90 79 12 34	
777 150 186 116 94 13 29	
735 770 187 96 93 27 35	
377 934 190 105 97 16 30	
169 950 209 82 105 20 22	
502 800 182 117 88 18 33	
822 804 184 109 91 21 33	
361 287 186 95 109 26 22	
352 386 232 65 107 16 18	
18 394 181 95 110 24 29	
325 712 187 126 73 19 34	
109 574 206 121 63 17 32	
692 369 174 107 102 23 33	
372 147 176 124 81 23 35	
57 38 185 118 85 18 33	
910 836 189 99 105 15 31	
771 151 204 107 81 17 30	
797 969 222 70 102 20 25	
573 442 173 134 78 21 34	
495 262 175 118 100 19 28	
886 647 183 117 92 17 31	
825 88 196 131 63 22 28	
139 227 205 88 105 19 23	
670 563 211 73 106 25 25	
452 548 170 124 94 18 34	
368 756 190 98 109 22 21	
852 623 201 89 109 16 25	
807 908 202 86 109 18 25	
683 156 244 47 115 21 13	
573 540 173 118 97 20 33	
279 341 183 133 72 19 34	
71 967 182 101 103 23 32	
65 591 195 108 95 15 28	
481 831 212 111 75 18 25	
167 142 217 114 67 15 28	
565 891 186 110 94 20 31	
295 230 168 131 91 20 32	
762 559 180 103 106 24 29	
127 430 183 98 115 22 24	
808 293 225 73 89 23 32	
706 513 166 127 101 20 28	
78 275 214 77 104 20 27	
343 129 204 83 112 25 19	
173 544 174 113 104 24 28	
370 507 178 137 79 17 32	
850 51 194 104 100 19 26	
681 323 196 91 109 20 27	
241 961 261 25 105 23 29	
349 837 160 124 104 21 34	
470 896 161 127 99 23 33	
785 455 187 105 95 23 33	
188 682 222 75 101 20 25	
848 873 244 62 94 22 21	
234 627 173 111 105 22 33	
12 43 178 133 77 22 34	
653 314 183 126 84 19 32	
213 310 185 104 106 19 30	
539 364 186 101 99 24 34	
296 201 196 81 115 22 30	
716 666 197 128 67 19 33	
998 498 205 97 88 22 32	
132 136 208 79 102 24 31	
306 450 234 67 100 24 19	
910 124 199 86 106 25 28	
601 176 203 118 77 16 30	
428 241 205 101 85 22 31	
467 589 208 125 62 15 34	
437 497 171 123 97 24 30	
153 470 178 126 93 14 34	
216 340 214 83 102 22 24	
726 605 175 134 81 22 33	
976 396 177 111 102 21 34	
661 296 191 101 103 20 30	
244 444 193 114 92 15 31	
131 906 199 94 108 22 22	
760 451 211 88 104 18 24	
626 536 217 90 87 22 29	
507 266 214 104 81 15 31	
585 357 180 129 80 24 33	
827 957 199 95 102 22 28	
589 624 187 120 94 13 32	
258 600 191 109 91 22 33	
380 882 197 87 111 23 28	
605 741 198 107 98 16 27	
341 426 202 87 109 26 22	
13 700 212 128 59 14 33	
335 648 213 137 48 15 33	
236 328 213 78 102 22 31	
782 520 215 71 112 22 26	
118 818 216 101 96 16 17	
659 52 219 86 96 25 20	
314 724 213 82 104 21 26	
624 287 197 97 105 19 29	
627 363 201 132 68 14 32	
878 53 172 123 102 18 32	
930 379 191 99 107 20 30	
431 415 206 122 71 14 34	
557 373 217 76 112 24 18	
415 579 237 61 98 19 32	
195 138 181 109 104 22 31	
713 708 262 44 110 15 16	
781 225 210 89 105 15 29	
691 23 185 126 83 20 34	
642 272 211 106 87 16 28	
46 329 218 138 42 16 34	
112 794 223 128 56 9 32	
818 70 192 140 58 23 35	
187 869 192 110 101 20 25	
439 846 206 94 99 26 23	
349 492 173 127 92 24 33	
263 374 174 116 102 24 33	
526 190 193 106 100 17 33	
430 728 196 103 98 19 33	
337 871 188 109 104 20 28	
48 838 203 114 81 20 31	
164 767 251 55 102 20 21	
614 147 186 104 102 25 33	
305 755 191 112 104 18 25	
357 479 200 125 78 15 32	
458 349 220 81 110 24 15	
600 234 225 81 102 25 17	
35 65 198 97 108 16 31	
644 164 198 120 84 16 32	
357 980 219 77 101 26 27	
601 163 191 121 85 22 32	
638 792 208 93 107 24 19	
577 692 214 81 110 22 24	
721 796 178 119 100 21 33	
136 680 186 104 110 25 26	
977 825 194 102 105 22 28	
431 6 200 95 101 23 32	
416 342 214 83 117 26 11	
574 975 218 75 105 20 33	
19 531 225 97 78 23 28	
766 496 238 118 43 18 34	
557 491 202 79 114 26 30	
478 15 213 103 86 21 28	
643 331 183 118 102 17 32	
499 700 193 117 97 14 31	
591 274 193 117 97 14 31	
981 708 196 91 103 27 35	
718 674 208 129 63 18 34	
705 864 208 87 107 24 26	
107 177 187 127 91 14 33	
669 555 197 107 109 21 18	
446 127 202 111 96 13 30	
757 129 213 72 114 23 30	
547 743 217 89 95 21 30	
685 637 192 128 82 17 34	
285 490 226 73 110 22 22	
641 358 181 114 101 23 34	
227 531 192 103 103 22 33	
34 85 200 115 93 14 31	
978 179 204 135 62 18 34	
553 850 222 85 95 23 28	
311 742 181 123 95 20 35	
305 405 220 123 64 15 32	
471 252 213 92 100 21 28	
123 436 214 137 55 15 33	
683 106 219 81 108 20 26	
296 297 196 113 90 22 34	
752 836 192 113 97 22 31	
855 722 203 107 101 15 29	
836 806 207 128 70 16 34	
242 825 209 93 101 22 30	
914 844 215 75 115 26 24	
656 488 219 79 111 27 19	
226 550 222 69 113 22 29	
645 97 239 60 108 22 26	
949 206 243 61 115 26 10	
508 478 205 86 109 22 33	
713 66 208 85 113 23 26	
905 794 239 68 104 18 26	
81 34 214 95 101 19 27	
680 99 240 57 102 24 33	
44 619 243 55 117 24 17	
242 236 181 133 88 21 33	
666 433 188 129 90 16 33	
44 786 201 127 75 20 33	
489 343 203 95 107 21 30	
620 787 206 130 69 18 33	
945 885 214 92 104 19 27	
351 24 215 125 66 17 33	
91 469 196 95 112 24 30	
658 807 203 117 83 22 32	
175 397 210 95 101 19 32	
574 284 228 89 90 21 29	
136 765 195 119 96 16 31	
734 465 202 93 109 25 28	
942 859 212 126 67 18 34	
650 395 219 101 99 16 22	
804 736 238 68 109 27 15	
770 82 180 127 95 22 34	
677 313 208 111 95 14 30	
234 74 224 88 105 22 19	
131 433 183 118 101 22 34	
412 868 196 109 103 24 26	
662 50 199 100 106 21 32	
301 647 214 86 103 20 35	
690 899 215 98 102 16 27	
582 188 240 126 49 10 33	
68 749 199 101 109 26 23	
702 200 212 111 88 16 31	
678 609 173 128 103 24 31	
622 718 198 127 78 22 34	
801 93 209 133 68 15 34	
13 666 209 123 80 18 29	
289 431 219 84 112 22 22	
500 154 184 130 91 21 33	
204 545 187 132 88 18 34	
283 602 188 124 94 22 31	
550 952 198 98 110 22 31	
813 310 201 131 76 20 31	
873 235 202 128 74 21 34	
527 663 202 132 81 13 31	
30 231 209 132 68 18 32	
539 779 219 81 109 19 31	
171 150 223 128 58 17 33	
56 26 212 90 109 22 26	
67 277 210 99 105 17 29	
785 499 224 80 100 24 32	
162 56 191 103 111 23 32	
995 264 200 99 111 26 24	
450 847 203 132 70 21 34	
979 869 225 126 66 12 31	
61 864 220 76 111 23 30	
595 426 222 80 110 26 22	
692 357 226 91 96 21 26	
251 299 191 124 92 22 32	
439 360 254 53 107 19 28	
163 331 176 127 95 28 35	
309 980 201 130 80 17 33	
957 308 208 95 112 26 20	
747 499 219 86 96 26 34	
744 323 223 79 108 25 26	
774 259 228 70 109 25 29	
585 562 232 77 103 23 26	
929 717 199 121 90 20 32	
868 998 228 117 72 16 29	
61 774 231 63 119 22 27	
503 479 234 106 73 17 32	
168 931 177 121 109 22 33	
975 650 196 132 83 18 33	
901 713 214 124 71 20 33	
273 267 212 118 85 19 29	
37 179 217 87 110 25 24	
370 441 190 122 101 18 32	
227 387 215 91 107 23 27	
516 542 227 133 53 16 34	
612 90 218 82 109 23 31	
795 557 209 133 69 19 34	
392 18 206 136 68 20 34	
538 898 212 92 105 22 33	
313 635 218 84 107 25 30	
977 848 193 113 107 20 31	
135 359 222 125 65 18 34	
186 49 225 82 113 21 23	
511 829 191 110 111 26 26	
733 698 190 107 113 22 33	
415 979 193 116 99 24 33	
677 432 201 126 86 20 32	
194 348 206 116 99 17 27	
503 145 207 130 75 19 34	
539 253 210 127 72 22 34	
348 407 214 95 110 25 21	
227 233 225 77 115 22 26	
385 488 225 82 108 24 26	
240 393 230 74 113 25 23	
571 408 233 81 94 24 33	
976 139 238 75 110 19 23	
37 908 251 109 60 12 33	
618 86 185 126 101 21 32	
287 699 222 115 87 11 30	
356 812 199 109 107 22 29	
32 828 204 96 110 27 29	
107 543 208 121 82 21 34	
898 605 214 89 107 24 32	
559 734 195 109 108 21 33	
523 34 201 129 83 21 32	
859 43 202 108 103 21 32	
479 340 203 120 90 20 33	
28 129 210 125 80 18 33	
315 811 213 125 74 21 33	
240 261 214 88 103 28 33	
534 819 218 91 113 26 18	
433 774 224 131 65 13 33	
671 598 225 81 107 22 31	
310 984 226 78 108 23 31	
775 89 226 95 90 21 34	
710 312 194 130 90 20 33	
491 896 196 125 94 20 32	
477 997 197 133 87 16 34	
641 230 208 126 74 25 34	
426 981 215 90 110 22 30	
666 468 218 138 59 18 34	
719 226 218 107 100 19 23	
528 903 225 89 118 25 10	
20 999 212 101 116 13 25	
739 53 219 104 96 21 27	
36 442 221 98 94 21 33	
957 869 230 81 113 21 22	
700 988 229 122 61 22 34	
206 115 190 105 113 26 34	
49 111 196 105 107 27 33	
156 149 208 125 83 19 33	
34 183 209 116 98 17 28	
45 381 210 115 87 25 31	
901 176 225 93 105 22 23	
764 687 204 133 82 16 33	
507 325 206 105 109 25 23	
353 159 215 96 108 21 28	
871 869 222 89 109 22 26	
652 646 226 92 102 20 29	
608 461 188 137 88 22 34	
144 705 207 130 79 19 34	
356 854 208 125 85 19 32	
60 717 208 106 97 25 33	
195 68 223 131 58 22 35	
700 137 237 73 110 22 27	
142 259 244 68 111 22 24	
537 73 186 129 100 21 33	
201 209 188 131 96 21 33	
39 640 201 105 109 24 30	
120 434 209 131 79 17 33	
411 836 217 126 71 21 34	
962 651 217 106 98 17 31	
358 990 182 127 106 21 33	
847 489 196 123 102 20 29	
743 211 204 133 79 20 34	
691 151 186 133 98 22 31	
572 624 193 128 98 19 32	
635 925 207 92 114 24 33	
8 624 215 100 106 20 29	
884 330 218 114 86 20 32	
249 777 230 93 101 22 24	
45 935 239 131 48 18 34	
955 544 241 105 74 18 32	
714 849 242 73 109 22 24	
581 435 263 62 88 28 29	
977 185 185 131 98 23 33	
399 819 215 128 78 18 31	
669 814 223 131 68 15 34	
227 107 224 88 112 23 24	
761 137 231 92 119 27 2	
875 697 245 124 62 8 32	
990 601 247 62 115 24 23	
103 668 182 131 103 21 34	
884 245 185 138 89 24 35	
426 873 210 117 98 15 31	
687 556 216 94 116 27 18	
510 792 219 94 103 25 30	
294 576 232 88 110 26 15	
945 229 202 116 99 23 31	
165 244 208 130 77 21 35	
154 695 206 112 100 22 32	
426 674 220 104 97 22 29	
847 105 194 124 102 19 33	
747 200 198 121 99 22 32	
932 236 216 129 78 15 34	
366 748 221 122 75 20 34	
998 270 221 132 70 15 34	
643 371 244 120 54 20 34	
578 590 226 121 82 12 31	
801 476 203 119 92 25 34	
153 944 224 85 112 23 29	
122 688 191 136 94 18 34	
505 28 194 108 115 23 33	
685 16 206 109 105 23 30	
360 509 207 108 105 21 32	
942 460 220 111 94 17 31	
455 532 226 127 70 16 34	
759 21 238 72 109 24 30	
68 786 205 136 78 21 33	
335 536 223 92 109 18 31	
800 272 201 121 97 22 33	
360 740 202 113 108 19 32	
886 23 213 110 102 17 32	
36 413 218 132 78 14 32	
581 178 224 105 100 16 29	
150 512 226 97 106 25 20	
252 932 247 81 107 17 22	
201 757 203 127 89 21 34	
651 131 203 101 114 25 31	
707 212 224 98 109 17 26	
444 464 229 93 110 26 16	
204 997 229 82 111 24 28	
508 508 259 66 111 22 16	
110 491 205 134 82 20 34	
690 133 223 131 68 19 34	
613 958 212 126 80 23 34	
665 101 221 91 113 22 28	
939 851 224 95 116 26 14	
333 84 231 103 88 20 33	
892 709 233 90 105 22 25	
662 648 239 107 85 14 30	
368 878 260 67 101 22 25	
270 227 194 134 93 23 31	
591 83 205 128 88 21 33	
58 499 262 66 91 26 30	
220 209 212 100 109 21 33	
151 111 198 125 102 19 32	
76 537 210 105 112 19 30	
12 155 224 134 64 20 34	
190 39 240 69 115 25 27	
54 382 185 132 104 22 33	
80 324 206 122 96 19 33	
294 683 215 94 114 27 26	
610 239 217 98 114 25 22	
598 977 221 115 88 22 30	
612 140 229 106 86 22 33	
819 286 248 120 63 12 33	
441 398 207 130 83 21 35	
743 428 207 105 110 26 28	
3 699 223 103 96 23 31	
62 487 216 132 76 19 34	
385 363 231 122 73 17 34	
721 888 190 132 100 21 34	
123 939 194 133 100 18 32	
943 734 205 115 102 23 32	
288 81 206 130 89 19 33	
835 792 206 125 88 24 34	
72 774 208 127 87 21 34	
44 382 211 120 102 14 30	
237 821 212 130 79 22 34	
105 241 213 106 106 22 30	
854 612 214 121 98 14 30	
222 338 217 103 107 19 31	
21 92 220 111 96 19 31	
963 526 234 81 112 25 25	
844 58 240 70 115 22 30	
20 859 243 79 108 22 25	
848 806 185 132 104 23 33	
497 392 204 127 93 20 33	
61 503 212 120 98 15 32	
410 262 212 120 96 16 33	
509 532 214 114 101 17 31	
938 937 198 121 110 17 32	
543 548 225 127 75 19 32	
778 539 229 133 64 18 34	
354 878 229 135 61 19 34	
384 274 205 121 95 24 33	
377 437 216 115 95 20 32	
192 153 217 106 105 19 31	
788 341 218 103 110 22 25	
976 317 221 105 108 24 20	
122 951 224 135 65 19 35	
347 494 224 94 112 22 26	
170 173 234 127 68 14 35	
998 356 237 76 110 23 32	
711 457 274 56 103 30 15	
754 768 228 93 108 26 23	
269 89 193 131 100 21 34	
621 258 205 115 105 22 32	
89 45 208 114 103 22 32	
38 308 216 113 103 17 30	
715 888 226 118 85 17 33	
273 456 239 89 108 24 19	
123 952 253 57 117 27 25	
429 574 277 60 110 17 15	
80 290 194 125 109 23 28	
850 83 202 116 116 13 32	
584 713 205 109 111 26 28	
810 340 206 110 111 22 30	
502 563 209 112 109 19 30	
239 895 210 113 101 22 33	
221 718 210 124 89 23 33	
902 818 223 112 91 22 31	
38 760 224 109 99 19 28	
884 856 226 100 106 20 27	
214 139 252 74 107 23 23	
449 731 187 137 101 21 33	
108 630 209 131 87 19 34	
359 507 191 128 106 23 32	
556 403 200 127 102 18 33	
488 579 206 118 101 23 32	
746 506 208 136 84 20 32	
177 509 210 115 105 22 28	
129 652 214 124 89 19 34	
64 616 216 111 105 22 26	
525 766 217 97 110 26 30	
305 986 221 85 117 23 34	
520 888 225 134 74 13 34	
970 278 234 83 114 25 24	
330 649 244 76 111 24 25	
104 545 244 73 109 24 30	
866 744 252 83 106 22 17	
393 71 257 78 98 23 24	
398 521 257 53 112 26 32	
677 94 231 91 111 26 21	
251 62 232 94 106 18 30	
509 175 233 105 94 17 31	
281 886 208 109 110 24 30	
836 859 222 101 115 24 19	
445 738 225 92 113 24 27	
441 270 237 82 114 24 24	
624 730 196 119 110 23 33	
168 203 213 114 101 22 31	
35 509 214 124 90 21 32	
