253 12 0 92	
735 97 54 68	
520 626 75 44	
66 390 33 94	
730 540 77 81	
350 968 63 84	
358 828 96 53	
238 212 91 56	
418 954 88 44	
224 954 46 76	
478 134 64 98	
696 425 104 27	
768 894 37 118	
665 13 139 79	
988 109 105 26	
657 548 91 51	
248 948 91 40	
346 852 43 100	
201 472 84 55	
917 932 87 49	
846 780 89 94	
814 364 62 85	
643 989 116 45	
466 55 139 84	
580 577 97 47	
854 825 113 39	
566 22 113 18	
261 967 81 56	
60 35 145 12	
367 210 67 119	
164 93 112 89	
935 355 77 109	
487 427 107 94	
669 153 123 50	
992 125 124 31	
487 872 64 98	
665 469 143 15	
380 409 86 100	
295 208 128 42	
210 725 78 105	
888 21 123 48	
297 847 124 109	
215 29 127 58	
429 670 133 19	
785 849 77 83	
932 318 97 108	
118 353 102 91	
819 882 141 42	
487 976 158 20	
609 942 142 72	
496 176 84 104	
320 378 127 84	
694 356 80 89	
288 655 119 62	
173 422 164 0	
964 935 115 86	
517 884 126 55	
518 58 130 109	
786 339 101 108	
137 714 113 62	
159 8 128 34	
196 897 86 90	
772 935 93 110	
44 991 124 58	
811 410 106 112	
18 751 130 87	
319 116 133 55	
447 735 86 89	
350 564 114 89	
808 711 123 69	
12 386 67 128	
933 928 106 103	
679 119 144 48	
114 159 132 53	
153 251 72 110	
255 865 92 114	
822 402 90 101	
739 923 147 112	
961 688 184 6	
532 823 147 27	
110 524 114 87	
126 415 127 54	
148 327 112 99	
353 847 119 77	
58 855 130 95	
739 523 146 112	
559 214 113 69	
47 543 113 106	
785 856 132 103	
869 365 153 50	
893 286 159 29	
680 102 152 49	
75 540 147 51	
511 197 143 54	
689 939 142 120	
543 990 91 99	
410 56 156 56	
223 51 148 60	
68 313 164 28	
181 988 122 74	
606 144 130 109	
146 908 144 61	
954 178 105 81	
241 523 117 78	
862 488 150 41	
563 496 150 60	
743 552 133 79	
671 492 126 93	
346 188 122 104	
692 998 147 69	
639 418 141 123	
70 14 145 97	
655 883 109 98	
589 268 119 111	
135 186 159 80	
202 801 162 58	
752 267 105 124	
355 338 105 113	
364 757 133 86	
978 89 155 62	
218 996 167 113	
22 323 130 77	
285 350 165 60	
436 316 165 64	
928 258 89 113	
817 998 119 101	
931 429 144 64	
491 12 146 113	
495 488 142 63	
677 645 155 123	
196 402 136 63	
520 549 166 57	
68 1 149 120	
199 970 127 117	
866 935 138 100	
28 741 150 84	
355 532 119 123	
428 162 131 118	
898 38 138 104	
966 446 153 100	
953 953 163 55	
140 410 161 59	
137 273 163 45	
468 637 174 36	
327 647 119 126	
537 448 142 71	
962 749 190 97	
37 617 123 104	
47 322 173 46	
510 927 177 101	
584 750 127 95	
482 334 141 126	
139 244 143 73	
874 716 127 87	
954 139 157 123	
129 970 113 118	
618 159 163 76	
254 402 228 7	
528 918 140 82	
97 269 137 100	
585 399 140 96	
505 594 157 122	
330 576 149 88	
666 265 169 76	
459 933 119 112	
858 836 215 20	
71 86 173 92	
37 380 178 58	
206 356 116 128	
169 178 159 111	
267 703 169 63	
997 68 226 16	
660 82 139 119	
956 749 159 79	
593 932 166 69	
304 448 119 115	
281 239 161 121	
128 881 186 101	
948 286 201 51	
791 624 121 102	
947 22 163 71	
551 601 146 82	
940 727 153 81	
515 619 121 104	
639 499 124 117	
893 565 145 78	
779 916 157 79	
444 137 205 89	
92 145 160 53	
373 748 208 93	
795 641 146 133	
500 567 143 102	
791 577 151 80	
344 451 146 100	
48 63 148 85	
980 952 139 125	
883 280 149 123	
871 444 182 59	
754 654 182 57	
640 831 151 117	
872 290 154 81	
705 321 155 93	
522 961 169 109	
971 168 132 113	
173 127 173 118	
321 366 161 113	
579 564 162 73	
476 806 188 60	
901 443 172 61	
920 508 134 106	
502 864 139 103	
945 134 166 62	
472 171 180 75	
573 183 175 71	
154 591 200 50	
58 897 147 82	
862 159 164 78	
895 159 180 68	
798 129 132 112	
806 376 149 81	
637 555 177 77	
926 653 137 113	
627 80 155 83	
555 327 174 52	
94 437 200 123	
125 295 166 63	
159 655 150 84	
757 427 171 117	
100 445 163 83	
627 763 170 125	
245 801 172 69	
616 115 166 78	
502 428 150 97	
195 153 176 65	
638 176 181 60	
229 67 203 129	
177 346 208 69	
499 397 163 113	
375 351 144 90	
989 705 189 61	
87 937 148 106	
663 308 167 96	
405 888 195 96	
306 470 166 125	
939 908 185 62	
207 44 160 75	
230 142 160 130	
886 761 136 117	
285 644 182 69	
825 88 152 86	
492 937 153 90	
165 770 188 81	
159 696 177 130	
642 35 192 107	
766 499 152 85	
612 621 151 115	
627 552 172 81	
854 766 185 80	
989 246 131 129	
11 529 148 124	
803 435 151 110	
939 824 152 115	
294 353 155 121	
937 907 157 94	
219 154 174 70	
814 50 191 69	
176 189 160 73	
21 616 179 62	
614 227 144 130	
625 801 155 120	
260 24 136 100	
735 801 151 123	
527 824 172 108	
67 336 191 63	
95 622 163 129	
787 2 153 95	
244 240 186 53	
393 133 136 117	
736 611 145 115	
361 479 164 86	
993 934 173 85	
541 273 215 37	
69 751 240 57	
771 956 162 116	
458 373 166 66	
5 148 161 122	
93 478 170 79	
298 203 158 105	
957 186 132 124	
395 93 149 92	
658 357 186 80	
254 164 187 61	
908 389 179 119	
824 752 169 95	
358 328 142 115	
546 574 152 126	
396 673 162 88	
546 235 196 81	
559 857 193 86	
295 242 188 82	
968 24 189 65	
484 388 194 104	
785 390 190 122	
270 452 128 127	
985 162 162 84	
591 751 170 83	
942 726 201 72	
196 174 144 128	
140 569 195 106	
170 9 148 125	
91 193 179 120	
203 23 145 126	
973 97 146 126	
590 999 153 125	
739 756 188 72	
962 152 193 68	
517 419 199 115	
42 613 203 48	
901 438 190 68	
297 536 119 136	
368 824 153 109	
247 124 167 119	
360 671 214 47	
279 324 158 113	
829 105 180 73	
286 796 182 111	
882 475 193 72	
137 202 184 86	
947 548 191 126	
953 812 147 119	
358 580 164 97	
474 964 190 75	
541 286 205 72	
290 846 231 59	
60 869 210 98	
600 739 175 89	
584 496 163 106	
223 850 173 92	
538 788 177 122	
7 538 181 80	
521 225 178 81	
449 868 172 116	
833 571 192 81	
275 99 237 46	
383 818 194 82	
995 946 195 70	
6 448 168 96	
942 189 177 124	
778 231 200 116	
101 450 205 59	
187 178 151 112	
130 831 137 122	
136 705 193 84	
330 360 188 71	
648 562 162 120	
939 127 227 107	
763 577 144 123	
92 361 155 135	
578 801 159 114	
938 626 163 121	
599 225 181 113	
962 795 191 120	
571 831 212 48	
237 436 184 82	
737 387 144 118	
469 783 163 103	
32 23 155 124	
960 507 158 97	
79 389 174 106	
260 97 198 67	
968 852 202 119	
150 785 204 68	
707 998 149 141	
801 582 153 118	
916 457 172 128	
369 184 182 130	
837 937 187 127	
37 218 187 84	
933 163 192 115	
563 548 203 64	
428 297 210 56	
633 109 174 88	
919 403 194 75	
941 73 206 56	
817 349 162 121	
764 984 155 124	
713 629 171 123	
935 843 211 122	
967 526 149 133	
560 39 198 74	
703 101 208 72	
499 470 216 74	
176 565 216 108	
648 136 154 126	
907 692 168 111	
303 971 152 126	
342 62 184 81	
442 748 187 84	
765 81 199 123	
597 387 211 57	
143 952 170 116	
89 153 194 74	
100 953 166 107	
785 772 178 109	
717 670 163 102	
237 721 177 96	
978 114 189 87	
980 550 154 123	
692 975 160 133	
27 374 161 113	
442 607 168 104	
102 386 172 113	
674 728 141 127	
972 495 226 65	
330 255 173 91	
276 50 190 89	
526 92 191 73	
651 897 193 116	
669 223 197 82	
586 929 162 118	
45 926 202 78	
336 638 177 108	
350 491 204 83	
457 166 167 129	
882 380 178 95	
9 760 182 113	
65 380 187 113	
207 578 181 83	
806 932 200 88	
401 267 183 89	
729 481 184 95	
549 836 193 117	
652 381 204 103	
971 910 156 110	
859 645 170 115	
90 562 221 124	
555 543 229 41	
983 593 186 87	
630 893 176 108	
92 301 190 127	
321 664 196 126	
96 464 210 54	
579 392 211 81	
50 568 165 124	
31 791 179 127	
119 13 214 59	
192 847 144 130	
860 391 147 128	
217 617 178 104	
855 742 182 127	
827 981 170 126	
620 57 175 112	
223 541 187 125	
177 222 195 94	
719 941 196 74	
335 993 216 61	
582 960 233 76	
754 597 178 114	
13 781 184 94	
88 986 190 126	
529 43 194 119	
99 872 239 58	
71 394 163 125	
427 163 181 113	
961 479 164 109	
820 524 182 124	
517 530 200 95	
37 445 187 114	
492 974 192 127	
271 269 184 93	
735 765 219 50	
955 401 172 130	
400 483 174 132	
975 55 187 118	
807 561 189 95	
887 698 193 90	
597 439 196 113	
518 584 213 81	
100 791 189 122	
386 593 176 119	
965 485 192 88	
783 939 198 86	
983 361 226 56	
948 146 236 53	
634 452 225 122	
729 128 200 121	
405 803 206 94	
311 110 167 129	
83 605 177 112	
81 611 179 114	
273 980 187 112	
465 682 208 73	
131 388 174 117	
621 138 156 123	
901 257 186 123	
197 558 190 128	
186 195 167 118	
984 440 170 119	
963 798 202 84	
175 976 209 119	
346 903 184 121	
112 615 206 89	
689 847 223 90	
873 705 186 116	
185 187 187 96	
776 265 190 105	
279 127 209 82	
869 154 182 117	
341 841 184 109	
842 687 186 95	
750 732 232 65	
289 53 181 95	
249 664 187 126	
171 718 206 121	
696 163 174 107	
455 395 176 124	
602 593 185 118	
317 10 189 99	
675 344 204 107	
5 578 222 70	
412 155 173 134	
457 831 175 118	
203 795 183 117	
22 940 196 131	
742 444 205 88	
173 704 211 73	
577 305 170 124	
960 132 190 98	
486 150 201 89	
27 427 202 86	
996 750 244 47	
413 7 173 118	
761 388 183 133	
81 329 182 101	
703 938 195 108	
978 993 212 111	
795 336 217 114	
768 792 186 110	
125 593 168 131	
801 112 180 103	
376 916 183 98	
775 386 225 73	
229 878 166 127	
531 97 214 77	
229 63 204 83	
855 148 174 113	
571 71 178 137	
768 313 194 104	
915 277 196 91	
713 863 261 25	
753 275 160 124	
258 402 161 127	
102 526 187 105	
403 386 222 75	
275 304 244 62	
384 851 173 111	
285 704 178 133	
858 314 183 126	
978 100 185 104	
737 937 186 101	
345 173 196 81	
508 611 197 128	
596 332 205 97	
798 711 208 79	
494 132 234 67	
99 962 199 86	
82 47 203 118	
16 1 205 101	
498 830 208 125	
166 952 171 123	
728 496 178 126	
826 585 214 83	
248 863 175 134	
789 360 177 111	
284 530 191 101	
384 16 193 114	
31 62 199 94	
565 167 211 88	
537 177 217 90	
50 750 214 104	
115 729 180 129	
930 61 199 95	
100 288 187 120	
914 553 191 109	
470 236 197 87	
271 530 198 107	
355 381 202 87	
905 356 212 128	
749 207 213 137	
465 843 213 78	
793 67 215 71	
245 9 216 101	
851 828 219 86	
768 503 213 82	
214 667 197 97	
300 624 201 132	
688 16 172 123	
212 963 191 99	
510 925 206 122	
124 446 217 76	
983 441 237 61	
905 699 181 109	
13 928 262 44	
204 451 210 89	
213 691 185 126	
927 938 211 106	
610 616 218 138	
207 94 223 128	
29 43 192 140	
698 617 192 110	
132 518 206 94	
770 929 173 127	
770 621 174 116	
994 377 193 106	
691 578 196 103	
602 8 188 109	
901 937 203 114	
29 678 251 55	
991 223 186 104	
446 275 191 112	
476 65 200 125	
238 332 220 81	
797 20 225 81	
678 389 198 97	
982 950 198 120	
707 33 219 77	
46 585 191 121	
588 663 208 93	
164 631 214 81	
374 695 178 119	
329 601 186 104	
616 68 194 102	
649 338 200 95	
431 665 214 83	
717 75 218 75	
89 480 225 97	
518 751 238 118	
587 129 202 79	
136 221 213 103	
229 640 183 118	
122 923 193 117	
101 273 193 117	
782 601 196 91	
497 477 208 129	
768 599 208 87	
732 27 187 127	
303 386 197 107	
517 772 202 111	
128 952 213 72	
39 437 217 89	
689 882 192 128	
153 340 226 73	
440 1 181 114	
669 13 192 103	
135 694 200 115	
496 161 204 135	
881 171 222 85	
565 577 181 123	
317 156 220 123	
818 172 213 92	
689 812 214 137	
228 478 219 81	
819 906 196 113	
763 650 192 113	
881 623 203 107	
470 190 207 128	
683 740 209 93	
316 375 215 75	
687 270 219 79	
298 648 222 69	
293 116 239 60	
331 20 243 61	
18 685 205 86	
850 872 208 85	
86 938 239 68	
667 455 214 95	
584 812 240 57	
546 689 243 55	
793 518 181 133	
199 919 188 129	
509 799 201 127	
840 636 203 95	
193 800 206 130	
244 228 214 92	
531 875 215 125	
273 345 196 95	
602 283 203 117	
198 479 210 95	
143 452 228 89	
702 993 195 119	
566 219 202 93	
410 939 212 126	
271 161 219 101	
885 614 238 68	
483 8 180 127	
572 59 208 111	
336 864 224 88	
818 348 183 118	
131 883 196 109	
181 793 199 100	
795 877 214 86	
504 957 215 98	
309 292 240 126	
826 684 199 101	
516 903 212 111	
40 151 173 128	
90 581 198 127	
377 392 209 133	
573 453 209 123	
203 549 219 84	
378 886 184 130	
317 615 187 132	
318 723 188 124	
931 356 198 98	
770 337 201 131	
785 588 202 128	
833 223 202 132	
371 49 209 132	
924 958 219 81	
107 601 223 128	
89 620 212 90	
386 652 210 99	
920 913 224 80	
826 239 191 103	
429 586 200 99	
708 421 203 132	
325 942 225 126	
569 271 220 76	
219 622 222 80	
122 986 226 91	
944 148 191 124	
219 383 254 53	
755 139 176 127	
348 290 201 130	
482 492 208 95	
243 205 219 86	
786 286 223 79	
553 869 228 70	
573 642 232 77	
156 314 199 121	
242 278 228 117	
608 317 231 63	
918 35 234 106	
448 154 177 121	
17 233 196 132	
549 963 214 124	
490 301 212 118	
479 75 217 87	
907 774 190 122	
870 127 215 91	
45 416 227 133	
150 919 218 82	
56 893 209 133	
566 463 206 136	
384 214 212 92	
362 857 218 84	
482 829 193 113	
94 264 222 125	
131 145 225 82	
578 404 191 110	
570 981 190 107	
653 750 193 116	
949 391 201 126	
990 814 206 116	
597 90 207 130	
450 681 210 127	
464 740 214 95	
103 305 225 77	
650 196 225 82	
850 847 230 74	
332 836 233 81	
754 774 238 75	
539 146 251 109	
591 267 185 126	
198 671 222 115	
861 984 199 109	
539 627 204 96	
452 143 208 121	
508 481 214 89	
437 380 195 109	
73 998 201 129	
48 907 202 108	
394 391 203 120	
640 993 210 125	
673 413 213 125	
658 912 214 88	
112 457 218 91	
916 126 224 131	
826 998 225 81	
250 585 226 78	
752 979 226 95	
507 749 194 130	
542 90 196 125	
101 118 197 133	
198 217 208 126	
856 808 215 90	
748 761 218 138	
687 5 218 107	
541 874 225 89	
706 884 212 101	
863 186 219 104	
749 993 221 98	
453 7 230 81	
918 888 229 122	
130 547 190 105	
686 267 196 105	
207 201 208 125	
299 749 209 116	
575 529 210 115	
697 922 225 93	
342 182 204 133	
966 265 206 105	
686 624 215 96	
327 68 222 89	
183 204 226 92	
58 576 188 137	
143 777 207 130	
325 91 208 125	
695 875 208 106	
779 950 223 131	
216 100 237 73	
979 934 244 68	
388 275 186 129	
125 803 188 131	
679 676 201 105	
340 428 209 131	
248 509 217 126	
764 172 217 106	
318 715 182 127	
977 999 196 123	
917 74 204 133	
909 60 186 133	
397 531 193 128	
205 338 207 92	
603 656 215 100	
178 363 218 114	
679 134 230 93	
912 809 239 131	
421 255 241 105	
751 308 242 73	
850 412 263 62	
429 712 185 131	
157 746 215 128	
351 586 223 131	
427 180 224 88	
67 666 231 92	
678 281 245 124	
832 651 247 62	
523 572 182 131	
259 724 185 138	
444 126 210 117	
414 844 216 94	
49 564 219 94	
464 4 232 88	
861 848 202 116	
844 299 208 130	
207 595 206 112	
226 915 220 104	
442 959 194 124	
29 823 198 121	
375 576 216 129	
61 304 221 122	
991 397 221 132	
907 189 244 120	
716 761 226 121	
90 62 203 119	
305 482 224 85	
622 527 191 136	
136 253 194 108	
555 43 206 109	
83 223 207 108	
248 771 220 111	
405 140 226 127	
654 329 238 72	
48 98 205 136	
630 334 223 92	
575 517 201 121	
333 176 202 113	
484 691 213 110	
122 461 218 132	
10 900 224 105	
960 207 226 97	
665 826 247 81	
234 960 203 127	
641 785 203 101	
40 655 224 98	
905 45 229 93	
503 236 229 82	
303 349 259 66	
363 740 205 134	
194 600 223 131	
111 830 212 126	
229 559 221 91	
280 483 224 95	
643 307 231 103	
18 905 233 90	
67 186 239 107	
978 530 260 67	
219 902 194 134	
685 362 205 128	
7 477 262 66	
947 801 212 100	
485 785 198 125	
630 536 210 105	
877 489 224 134	
25 32 240 69	
317 261 185 132	
381 660 206 122	
294 347 215 94	
688 516 217 98	
823 677 221 115	
594 538 229 106	
217 913 248 120	
523 633 207 130	
944 81 207 105	
384 119 223 103	
515 647 216 132	
981 955 231 122	
443 262 190 132	
146 910 194 133	
386 623 205 115	
894 19 206 130	
267 334 206 125	
400 435 208 127	
716 3 211 120	
359 66 212 130	
510 205 213 106	
456 149 214 121	
750 432 217 103	
926 322 220 111	
427 591 234 81	
921 536 240 70	
646 133 243 79	
254 638 185 132	
251 442 204 127	
340 309 212 120	
785 685 212 120	
618 552 214 114	
756 899 198 121	
503 907 225 127	
908 769 229 133	
968 80 229 135	
820 182 205 121	
212 736 216 115	
455 346 217 106	
409 824 218 103	
429 14 221 105	
529 841 224 135	
677 55 224 94	
285 202 234 127	
865 486 237 76	
801 951 274 56	
394 815 228 93	
283 855 193 131	
54 469 205 115	
996 92 208 114	
476 901 216 113	
192 569 226 118	
272 961 239 89	
124 198 253 57	
410 972 277 60	
253 261 194 125	
712 8 202 116	
794 434 205 109	
534 836 206 110	
246 857 209 112	
613 47 210 113	
193 146 210 124	
806 933 223 112	
724 126 224 109	
931 847 226 100	
991 644 252 74	
194 806 187 137	
66 768 209 131	
781 386 191 128	
8 265 200 127	
20 43 206 118	
237 365 208 136	
108 302 210 115	
624 384 214 124	
897 467 216 111	
447 961 217 97	
319 818 221 85	
272 347 225 134	
64 571 234 83	
86 373 244 76	
860 245 244 73	
492 490 252 83	
234 436 257 78	
613 537 257 53	
931 450 231 91	
383 696 232 94	
309 656 233 105	
318 450 208 109	
838 927 222 101	
453 187 225 92	
553 23 237 82	
89 543 196 119	
698 333 213 114	
168 476 214 124	
