879 215 0 92 66 9	
483 686 54 68 55 12	
266 608 75 44 91 13	
245 88 33 94 70 7	
945 92 77 81 28 19	
168 15 63 84 53 14	
613 985 96 53 58 12	
142 398 91 56 60 13	
784 280 88 44 87 21	
225 677 46 76 86 19	
101 693 64 98 56 4	
849 952 104 27 84 14	
272 3 37 118 63 9	
743 264 139 79 0 11	
848 238 105 26 104 19	
78 388 91 51 91 20	
177 640 91 40 96 25	
584 523 43 100 60 30	
303 251 84 55 87 16	
280 285 87 49 91 17	
317 380 89 94 47 11	
164 503 62 85 85 18	
563 173 116 45 98 13	
760 413 139 84 11 11	
487 20 97 47 98 24	
673 979 113 39 84 15	
346 522 113 18 109 21	
341 228 81 56 98 20	
930 344 145 12 86 18	
83 688 67 119 61 8	
475 313 112 89 34 21	
97 265 77 109 57 13	
389 787 107 94 44 13	
523 100 123 50 98 16	
67 441 124 31 105 20	
847 307 64 98 91 18	
25 304 143 15 109 21	
892 753 86 100 77 8	
820 97 128 42 93 23	
409 443 78 105 76 16	
744 657 123 48 93 16	
794 398 124 109 29 7	
70 526 127 58 81 16	
798 416 133 19 99 23	
708 548 77 83 95 17	
143 444 97 108 52 19	
512 713 102 91 72 10	
892 872 141 42 75 16	
64 298 158 20 85 19	
43 484 142 72 47 16	
764 788 84 104 76 16	
241 399 127 84 59 9	
185 998 80 89 97 17	
784 877 119 62 82 20	
174 230 164 0 90 26	
18 476 115 86 81 13	
958 354 126 55 83 19	
58 669 130 109 34 9	
523 190 101 108 66 14	
330 726 113 62 100 20	
894 624 128 34 109 22	
727 323 86 90 92 19	
554 492 93 110 62 20	
364 86 124 58 104 20	
104 381 106 112 55 12	
769 51 130 87 62 11	
472 129 133 55 92 19	
75 776 86 89 98 17	
420 17 114 89 84 12	
216 710 123 69 83 19	
819 322 67 128 81 13	
409 210 106 103 73 14	
208 183 144 48 93 23	
212 561 132 53 103 21	
414 461 72 110 95 18	
278 205 92 114 69 16	
639 624 90 101 80 23	
517 351 147 112 24 7	
224 492 184 6 96 25	
745 139 147 27 105 24	
476 68 114 87 75 19	
67 499 127 54 108 21	
374 560 112 99 73 19	
168 920 119 77 86 20	
636 146 130 95 67 10	
429 393 146 112 31 13	
663 989 113 69 108 23	
247 908 113 106 66 15	
90 507 132 103 61 2	
261 23 153 50 100 18	
278 906 159 29 108 20	
222 155 152 49 90 18	
861 587 147 51 94 21	
105 491 143 54 90 23	
599 66 142 120 30 11	
675 603 91 99 93 20	
178 709 156 56 86 17	
137 123 148 60 88 21	
260 719 164 28 110 18	
677 127 122 74 111 22	
49 473 130 109 61 11	
693 202 144 61 86 22	
874 565 105 81 104 20	
228 513 117 78 98 22	
804 604 150 41 99 23	
692 568 150 60 84 22	
95 118 133 79 86 18	
241 811 126 93 75 18	
390 725 122 104 77 14	
291 601 147 69 87 19	
895 48 141 123 34 17	
523 630 145 97 62 11	
446 730 109 98 90 20	
374 320 119 111 66 19	
266 320 159 80 73 11	
482 301 162 58 85 13	
454 696 105 124 79 14	
721 626 105 113 86 21	
698 190 133 86 87 17	
532 4 155 62 90 25	
489 543 167 113 34 14	
956 922 130 77 98 20	
155 374 165 60 89 24	
422 265 165 64 89 20	
369 863 89 113 100 21	
619 635 119 101 87 21	
397 971 144 64 107 26	
952 431 146 113 61 7	
219 625 142 63 105 24	
965 365 155 123 32 15	
866 931 136 63 113 27	
815 10 166 57 95 22	
754 687 149 120 41 19	
337 697 127 117 70 14	
504 156 138 100 79 18	
517 7 150 84 85 13	
812 311 119 123 76 15	
192 913 131 118 63 17	
179 544 138 104 75 14	
617 632 153 100 63 15	
905 125 163 55 103 25	
168 98 161 59 105 19	
636 540 163 45 100 23	
750 13 174 36 97 24	
848 217 119 126 65 23	
745 421 142 71 103 22	
122 11 190 97 32 11	
151 777 123 104 91 18	
734 307 173 46 94 21	
384 570 177 101 51 2	
95 507 127 95 96 18	
664 659 141 126 47 18	
802 188 143 73 104 22	
203 608 127 87 106 16	
687 244 157 123 41 14	
456 483 113 118 91 21	
966 872 163 76 97 21	
590 749 228 7 85 22	
825 347 140 82 96 22	
894 169 137 100 88 17	
64 150 140 96 88 18	
297 812 157 122 43 15	
166 186 149 88 89 17	
337 633 169 76 82 18	
85 468 119 112 90 18	
897 349 215 20 95 26	
262 877 173 92 71 10	
777 716 178 58 91 20	
940 372 116 128 77 19	
690 713 159 111 58 12	
615 248 169 63 98 22	
598 506 226 16 84 19	
533 898 139 119 63 22	
406 559 159 79 88 18	
538 842 166 69 91 20	
874 707 119 115 88 19	
182 645 161 121 35 24	
305 534 186 101 53 4	
953 790 201 51 89 22	
975 911 121 102 100 21	
674 449 163 71 112 25	
515 168 146 82 107 26	
591 592 153 81 98 20	
426 911 121 104 96 23	
494 860 124 117 88 18	
723 208 145 78 111 22	
186 141 157 79 105 20	
250 439 205 89 43 11	
995 858 160 53 104 28	
539 907 208 93 36 11	
635 558 146 133 49 19	
263 940 143 102 83 20	
568 504 151 80 109 22	
157 24 146 100 88 19	
253 640 148 85 108 24	
62 294 139 125 76 12	
77 457 149 123 60 18	
146 520 182 59 101 21	
519 5 182 57 102 23	
643 570 151 117 69 16	
106 566 154 81 111 20	
473 241 155 93 91 14	
20 230 169 109 56 17	
914 237 132 113 97 14	
803 962 173 118 51 12	
109 47 161 113 67 16	
454 572 162 73 103 20	
540 419 188 60 88 18	
351 351 172 61 101 21	
799 177 134 106 92 23	
884 71 139 103 93 20	
864 115 166 62 105 23	
344 440 180 75 87 15	
878 838 175 71 102 21	
636 100 200 50 109 22	
871 466 147 82 115 22	
629 704 164 78 97 17	
186 270 180 68 100 21	
514 698 132 112 96 16	
410 497 149 81 107 20	
369 915 177 77 99 21	
468 795 137 113 89 18	
231 234 155 83 106 26	
162 918 174 52 108 23	
382 144 200 123 22 11	
837 612 166 63 105 23	
221 215 150 84 99 24	
63 902 171 117 56 12	
34 154 163 83 97 17	
154 321 170 125 42 20	
246 330 172 69 97 19	
159 932 166 78 107 14	
217 409 150 97 100 17	
412 455 176 65 117 17	
452 14 181 60 110 22	
120 131 203 129 18 8	
211 101 208 69 78 15	
496 502 163 113 74 13	
784 127 144 90 109 17	
879 673 189 61 93 22	
448 915 148 106 94 16	
886 189 167 96 82 18	
925 540 195 96 61 8	
123 183 166 125 55 14	
477 473 185 62 110 19	
175 14 160 75 103 23	
168 717 160 130 53 16	
605 226 136 117 87 21	
655 617 182 69 104 15	
484 296 152 86 103 20	
876 587 153 90 94 26	
507 287 188 81 92 18	
356 23 177 130 40 15	
138 242 192 107 57 9	
449 295 152 85 102 23	
316 859 151 115 83 16	
733 785 172 81 90 23	
177 773 185 80 91 21	
947 627 131 129 86 20	
943 521 148 124 76 17	
311 953 151 110 89 19	
574 136 152 115 88 14	
794 194 155 121 77 13	
62 131 157 94 98 17	
954 190 174 70 108 23	
245 530 191 69 93 22	
203 677 160 73 108 26	
871 526 179 62 106 23	
992 995 144 130 71 20	
194 276 155 120 75 17	
252 708 136 100 110 23	
783 339 151 123 79 13	
531 200 172 108 72 17	
407 257 191 63 99 20	
764 202 163 129 67 10	
727 825 153 95 102 22	
245 648 186 53 107 22	
329 665 136 117 99 20	
395 200 145 115 89 19	
70 826 164 86 97 23	
183 287 173 85 94 18	
22 270 215 37 95 23	
591 549 240 57 73 11	
357 239 162 116 74 17	
362 78 166 66 123 27	
357 750 161 122 66 20	
345 985 170 79 106 26	
356 633 158 105 93 19	
207 441 132 124 91 22	
843 820 149 92 110 25	
874 421 186 80 95 18	
124 890 187 61 110 23	
94 171 179 119 56 16	
924 159 169 95 92 17	
674 522 142 115 95 20	
65 990 152 126 71 21	
554 997 162 88 101 21	
857 393 196 81 82 19	
567 882 193 86 82 17	
212 324 188 82 95 20	
914 263 189 65 109 22	
508 656 194 104 73 3	
686 361 190 122 54 8	
191 168 128 127 98 20	
408 374 162 84 110 22	
673 452 170 83 104 19	
542 402 201 72 86 21	
609 199 144 128 80 21	
43 7 195 106 61 13	
771 838 148 125 83 19	
576 398 179 120 65 12	
819 165 145 126 85 18	
766 215 146 126 84 20	
987 188 153 125 81 16	
880 427 188 72 107 19	
298 108 193 68 100 19	
707 919 199 115 56 7	
253 30 203 48 115 22	
969 906 190 68 100 23	
99 753 119 136 100 20	
528 449 153 109 98 19	
612 713 167 119 77 13	
787 3 214 47 120 22	
120 965 158 113 97 17	
180 79 180 73 108 21	
866 918 182 111 73 14	
340 852 193 72 96 21	
139 364 184 86 100 20	
586 758 191 126 38 23	
567 245 147 119 85 27	
633 910 164 97 116 22	
847 518 190 75 104 24	
51 479 205 72 93 22	
712 406 231 59 86 17	
806 998 210 98 61 11	
366 322 175 89 103 19	
418 951 163 106 96 18	
747 756 173 92 101 18	
633 859 177 122 70 13	
937 437 181 80 100 22	
266 558 178 81 110 22	
714 183 172 116 79 15	
806 294 192 81 100 17	
807 933 237 46 95 20	
687 754 194 82 98 8	
646 595 195 70 109 18	
643 196 168 96 101 21	
477 510 177 124 63 19	
413 371 200 116 48 19	
563 525 205 59 103 23	
154 43 151 112 102 20	
825 912 137 122 102 24	
345 504 193 84 93 19	
650 589 188 71 101 26	
597 664 162 120 93 14	
823 440 227 107 38 12	
761 932 144 123 100 21	
486 816 155 135 79 15	
969 364 159 114 97 18	
788 663 163 121 85 18	
736 260 181 113 80 16	
402 104 191 120 61 15	
62 689 212 48 103 25	
436 731 184 82 104 23	
563 216 144 118 102 21	
327 287 163 103 97 23	
997 437 155 124 90 18	
180 904 158 97 109 22	
210 816 174 106 89 19	
722 594 198 67 101 22	
432 701 202 119 50 15	
399 180 204 68 99 23	
98 315 149 141 81 15	
440 483 153 118 101 18	
791 27 172 128 65 21	
663 147 182 130 56 18	
732 138 187 127 59 13	
610 112 187 84 108 13	
243 994 192 115 65 16	
129 454 203 64 105 16	
977 261 210 56 93 26	
909 951 174 88 107 22	
285 797 194 75 102 16	
569 508 206 56 110 22	
5 688 162 121 90 17	
798 295 155 124 91 21	
123 623 171 123 75 19	
784 285 211 122 43 12	
205 8 149 133 85 25	
579 654 198 74 107 19	
246 914 208 72 92 21	
338 390 216 74 92 19	
589 187 216 108 53 12	
380 326 154 126 91 18	
862 824 168 111 89 21	
861 740 152 126 93 19	
483 70 184 81 112 25	
396 597 187 84 107 18	
99 425 199 123 60 10	
395 493 211 57 114 23	
527 259 170 116 83 21	
3 369 194 74 101 23	
128 490 166 107 104 20	
478 109 178 109 87 18	
284 320 163 102 109 19	
576 190 177 96 103 21	
635 926 189 87 99 23	
976 676 154 123 93 23	
976 511 160 133 78 22	
126 964 161 113 98 20	
285 156 168 104 104 17	
857 870 172 113 85 22	
162 459 141 127 101 23	
84 822 226 65 93 23	
95 24 173 91 110 20	
390 178 190 89 105 20	
341 505 191 73 111 24	
847 918 193 116 72 15	
871 47 197 82 100 23	
494 275 162 118 93 20	
831 627 202 78 100 20	
928 166 177 108 98 14	
137 68 204 83 95 16	
212 670 167 129 86 15	
406 152 178 95 103 21	
796 144 182 113 83 18	
182 636 187 113 77 17	
516 11 181 83 109 24	
495 691 200 88 97 15	
776 699 183 89 107 21	
178 675 184 95 100 20	
940 667 193 117 73 17	
986 1 204 103 78 14	
588 986 156 110 103 26	
490 257 170 115 90 21	
741 476 221 124 39 13	
917 684 229 41 104 22	
380 953 186 87 108 20	
617 547 176 108 93 20	
577 782 190 127 57 22	
566 959 196 126 62 14	
353 522 210 54 116 25	
400 240 211 81 98 19	
917 143 165 124 90 21	
767 907 179 127 76 17	
324 980 214 59 106 23	
435 54 144 130 99 24	
657 331 147 128 101 22	
449 907 178 104 100 18	
824 321 182 127 69 20	
822 87 170 126 80 24	
662 522 175 112 96 17	
703 193 187 125 68 18	
584 548 195 94 89 22	
679 123 196 74 107 23	
215 779 216 61 118 17	
911 724 233 76 101 4	
497 192 178 114 89 20	
81 182 184 94 114 24	
586 228 190 126 65 18	
714 821 194 119 70 16	
411 551 239 58 104 20	
316 898 163 125 89 22	
198 545 181 113 95 12	
861 234 164 109 105 21	
353 394 182 124 85 12	
651 534 200 95 87 21	
114 636 187 114 84 16	
221 610 192 127 66 15	
20 150 184 93 108 22	
975 694 219 50 113 22	
815 642 172 130 82 18	
497 547 174 132 81 17	
648 821 187 118 79 21	
25 65 189 95 101 21	
494 639 193 90 101 23	
421 652 196 113 84 13	
601 133 213 81 99 20	
63 731 189 122 74 16	
335 674 176 119 103 7	
472 330 192 88 113 24	
271 665 198 86 114 25	
201 912 226 56 103 18	
502 5 236 53 113 26	
397 218 225 122 52 5	
152 992 200 121 62 19	
757 151 206 94 90 19	
815 678 167 129 88 19	
68 467 177 112 94 21	
168 44 179 114 98 14	
314 294 187 112 95 16	
328 826 208 73 112 28	
472 318 174 117 96 18	
618 238 156 123 98 25	
389 828 186 123 76 17	
282 310 190 128 66 19	
858 645 167 118 96 23	
328 105 170 119 92 21	
880 383 202 84 109 25	
166 575 209 119 58 18	
325 429 184 121 77 22	
853 419 206 89 97 19	
687 461 223 90 79 12	
844 882 186 116 94 13	
395 340 187 96 93 27	
843 103 190 105 97 16	
180 733 209 82 105 20	
987 246 182 117 88 18	
352 872 184 109 91 21	
897 377 186 95 109 26	
416 441 232 65 107 16	
259 750 181 95 110 24	
381 722 187 126 73 19	
528 950 206 121 63 17	
270 736 174 107 102 23	
10 103 176 124 81 23	
791 358 185 118 85 18	
66 217 189 99 105 15	
887 23 204 107 81 17	
423 544 222 70 102 20	
861 961 173 134 78 21	
609 738 175 118 100 19	
119 610 183 117 92 17	
353 525 196 131 63 22	
94 190 205 88 105 19	
365 506 211 73 106 25	
847 262 170 124 94 18	
320 743 190 98 109 22	
905 452 201 89 109 16	
981 732 202 86 109 18	
373 427 244 47 115 21	
390 446 173 118 97 20	
51 628 183 133 72 19	
714 191 182 101 103 23	
250 254 195 108 95 15	
903 112 212 111 75 18	
302 443 217 114 67 15	
529 337 186 110 94 20	
259 674 168 131 91 20	
289 893 180 103 106 24	
177 911 183 98 115 22	
488 737 225 73 89 23	
403 145 166 127 101 20	
420 465 214 77 104 20	
754 575 204 83 112 25	
12 538 174 113 104 24	
103 851 178 137 79 17	
246 123 194 104 100 19	
846 441 196 91 109 20	
874 996 261 25 105 23	
993 439 160 124 104 21	
673 300 161 127 99 23	
84 839 187 105 95 23	
21 315 222 75 101 20	
985 603 244 62 94 22	
906 852 173 111 105 22	
680 626 178 133 77 22	
554 289 183 126 84 19	
498 81 185 104 106 19	
736 758 186 101 99 24	
927 431 196 81 115 22	
501 524 197 128 67 19	
29 883 205 97 88 22	
485 97 208 79 102 24	
691 885 234 67 100 24	
187 217 199 86 106 25	
465 826 203 118 77 16	
595 451 205 101 85 22	
452 27 208 125 62 15	
335 762 171 123 97 24	
802 662 178 126 93 14	
69 96 214 83 102 22	
678 314 175 134 81 22	
222 692 177 111 102 21	
176 407 191 101 103 20	
243 618 193 114 92 15	
559 959 199 94 108 22	
499 690 211 88 104 18	
368 657 217 90 87 22	
617 836 214 104 81 15	
384 502 180 129 80 24	
522 694 199 95 102 22	
196 966 187 120 94 13	
707 146 191 109 91 22	
109 820 197 87 111 23	
283 339 198 107 98 16	
450 610 202 87 109 26	
152 684 212 128 59 14	
892 30 213 137 48 15	
303 244 213 78 102 22	
287 289 215 71 112 22	
529 925 216 101 96 16	
632 951 219 86 96 25	
73 888 213 82 104 21	
231 595 197 97 105 19	
636 602 201 132 68 14	
792 99 172 123 102 18	
893 105 191 99 107 20	
213 313 206 122 71 14	
169 64 217 76 112 24	
57 362 237 61 98 19	
211 411 181 109 104 22	
280 857 262 44 110 15	
52 471 210 89 105 15	
588 847 185 126 83 20	
805 708 211 106 87 16	
917 429 218 138 42 16	
871 436 223 128 56 9	
936 550 192 140 58 23	
409 96 192 110 101 20	
112 694 206 94 99 26	
157 5 173 127 92 24	
869 810 174 116 102 24	
626 793 193 106 100 17	
586 63 196 103 98 19	
455 93 188 109 104 20	
679 736 203 114 81 20	
234 442 251 55 102 20	
866 869 186 104 102 25	
446 770 191 112 104 18	
727 45 200 125 78 15	
224 278 220 81 110 24	
77 44 225 81 102 25	
555 11 198 97 108 16	
285 3 198 120 84 16	
166 926 219 77 101 26	
631 59 191 121 85 22	
794 795 208 93 107 24	
934 416 214 81 110 22	
769 847 178 119 100 21	
241 255 186 104 110 25	
802 690 194 102 105 22	
84 851 200 95 101 23	
708 641 214 83 117 26	
877 831 218 75 105 20	
300 283 225 97 78 23	
367 542 238 118 43 18	
79 769 202 79 114 26	
619 79 213 103 86 21	
445 105 183 118 102 17	
975 661 193 117 97 14	
79 403 193 117 97 14	
534 676 196 91 103 27	
805 916 208 129 63 18	
193 900 208 87 107 24	
763 428 187 127 91 14	
11 113 197 107 109 21	
910 492 202 111 96 13	
683 564 213 72 114 23	
959 845 217 89 95 21	
192 548 192 128 82 17	
627 268 226 73 110 22	
305 593 181 114 101 23	
707 84 192 103 103 22	
432 683 200 115 93 14	
809 500 204 135 62 18	
498 231 222 85 95 23	
810 967 181 123 95 20	
928 458 220 123 64 15	
962 799 213 92 100 21	
513 270 214 137 55 15	
352 352 219 81 108 20	
942 637 196 113 90 22	
882 174 192 113 97 22	
38 58 203 107 101 15	
261 669 207 128 70 16	
270 603 209 93 101 22	
497 965 215 75 115 26	
986 718 219 79 111 27	
302 907 222 69 113 22	
862 924 239 60 108 22	
386 295 243 61 115 26	
502 275 205 86 109 22	
54 752 208 85 113 23	
778 517 239 68 104 18	
696 912 214 95 101 19	
451 609 240 57 102 24	
748 914 243 55 117 24	
854 457 181 133 88 21	
423 564 188 129 90 16	
938 462 201 127 75 20	
64 892 203 95 107 21	
767 770 206 130 69 18	
294 272 214 92 104 19	
645 900 215 125 66 17	
203 669 196 95 112 24	
399 762 203 117 83 22	
708 136 210 95 101 19	
6 964 228 89 90 21	
882 94 195 119 96 16	
650 698 202 93 109 25	
471 557 212 126 67 18	
522 405 219 101 99 16	
54 974 238 68 109 27	
138 916 180 127 95 22	
285 998 208 111 95 14	
745 736 224 88 105 22	
468 103 183 118 101 22	
409 666 196 109 103 24	
226 657 199 100 106 21	
709 18 214 86 103 20	
435 738 215 98 102 16	
602 264 240 126 49 10	
674 702 199 101 109 26	
856 77 212 111 88 16	
359 304 173 128 103 24	
703 366 198 127 78 22	
429 920 209 133 68 15	
727 101 209 123 80 18	
915 282 219 84 112 22	
816 424 184 130 91 21	
967 934 187 132 88 18	
973 791 188 124 94 22	
957 585 198 98 110 22	
100 657 201 131 76 20	
84 346 202 128 74 21	
450 533 202 132 81 13	
500 886 209 132 68 18	
285 80 219 81 109 19	
368 445 223 128 58 17	
447 251 212 90 109 22	
381 678 210 99 105 17	
934 431 224 80 100 24	
264 367 191 103 111 23	
330 914 200 99 111 26	
449 54 203 132 70 21	
852 50 225 126 66 12	
659 813 220 76 111 23	
131 867 222 80 110 26	
373 467 226 91 96 21	
301 21 191 124 92 22	
250 732 254 53 107 19	
874 434 176 127 95 28	
417 986 201 130 80 17	
945 156 208 95 112 26	
132 570 219 86 96 26	
673 483 223 79 108 25	
788 772 228 70 109 25	
671 637 232 77 103 23	
359 988 199 121 90 20	
874 900 228 117 72 16	
399 805 231 63 119 22	
697 363 234 106 73 17	
436 164 177 121 109 22	
806 159 196 132 83 18	
140 108 214 124 71 20	
642 348 212 118 85 19	
958 56 217 87 110 25	
885 423 190 122 101 18	
9 968 215 91 107 23	
444 711 227 133 53 16	
887 273 218 82 109 23	
149 883 209 133 69 19	
712 910 206 136 68 20	
313 90 212 92 105 22	
175 405 218 84 107 25	
467 264 193 113 107 20	
555 432 222 125 65 18	
104 533 225 82 113 21	
706 969 191 110 111 26	
4 688 190 107 113 22	
746 741 193 116 99 24	
790 207 201 126 86 20	
798 328 206 116 99 17	
673 348 207 130 75 19	
448 22 210 127 72 22	
935 452 214 95 110 25	
705 226 225 77 115 22	
665 672 225 82 108 24	
181 957 230 74 113 25	
326 41 233 81 94 24	
873 810 238 75 110 19	
295 925 251 109 60 12	
417 534 185 126 101 21	
176 671 222 115 87 11	
910 275 199 109 107 22	
729 438 204 96 110 27	
473 365 208 121 82 21	
573 41 214 89 107 24	
481 498 195 109 108 21	
365 902 201 129 83 21	
43 54 202 108 103 21	
53 43 203 120 90 20	
629 312 210 125 80 18	
905 435 213 125 74 21	
970 332 214 88 103 28	
487 919 218 91 113 26	
214 268 224 131 65 13	
405 331 225 81 107 22	
110 998 226 78 108 23	
679 426 226 95 90 21	
461 48 194 130 90 20	
832 719 196 125 94 20	
366 885 197 133 87 16	
340 335 208 126 74 25	
842 882 215 90 110 22	
931 554 218 138 59 18	
275 387 218 107 100 19	
331 827 225 89 118 25	
744 610 212 101 116 13	
404 619 219 104 96 21	
706 275 221 98 94 21	
374 615 230 81 113 21	
674 262 229 122 61 22	
722 517 190 105 113 26	
549 826 196 105 107 27	
593 828 208 125 83 19	
947 290 209 116 98 17	
88 806 210 115 87 25	
470 508 225 93 105 22	
583 16 204 133 82 16	
103 833 206 105 109 25	
327 737 215 96 108 21	
97 721 222 89 109 22	
895 797 226 92 102 20	
502 634 188 137 88 22	
760 288 207 130 79 19	
218 365 208 125 85 19	
114 10 208 106 97 25	
845 493 223 131 58 22	
334 428 237 73 110 22	
854 213 244 68 111 22	
918 386 186 129 100 21	
574 393 188 131 96 21	
534 802 201 105 109 24	
300 377 209 131 79 17	
809 115 217 126 71 21	
378 661 217 106 98 17	
894 292 182 127 106 21	
464 332 196 123 102 20	
387 812 204 133 79 20	
286 810 186 133 98 22	
100 122 193 128 98 19	
140 286 207 92 114 24	
370 757 215 100 106 20	
59 929 218 114 86 20	
3 471 230 93 101 22	
20 877 239 131 48 18	
732 428 241 105 74 18	
862 757 242 73 109 22	
63 774 263 62 88 28	
574 469 185 131 98 23	
651 670 215 128 78 18	
438 813 223 131 68 15	
16 153 224 88 112 23	
133 524 231 92 119 27	
145 70 245 124 62 8	
239 222 247 62 115 24	
787 667 182 131 103 21	
766 842 185 138 89 24	
587 323 210 117 98 15	
271 100 216 94 116 27	
948 340 219 94 103 25	
818 640 232 88 110 26	
494 699 202 116 99 23	
593 642 208 130 77 21	
250 126 206 112 100 22	
186 734 220 104 97 22	
242 889 194 124 102 19	
710 290 198 121 99 22	
6 284 216 129 78 15	
691 341 221 122 75 20	
637 823 221 132 70 15	
331 588 244 120 54 20	
386 839 226 121 82 12	
151 230 203 119 92 25	
489 256 224 85 112 23	
200 644 191 136 94 18	
873 70 194 108 115 23	
979 254 206 109 105 23	
600 206 207 108 105 21	
6 286 220 111 94 17	
449 220 226 127 70 16	
438 490 238 72 109 24	
828 552 205 136 78 21	
549 320 223 92 109 18	
268 870 201 121 97 22	
858 514 202 113 108 19	
141 356 213 110 102 17	
681 501 218 132 78 14	
871 670 224 105 100 16	
461 545 226 97 106 25	
816 729 247 81 107 17	
707 112 203 127 89 21	
230 355 203 101 114 25	
595 480 224 98 109 17	
192 311 229 93 110 26	
242 258 229 82 111 24	
126 260 259 66 111 22	
513 58 205 134 82 20	
641 667 223 131 68 19	
731 284 212 126 80 23	
687 757 221 91 113 22	
17 669 224 95 116 26	
675 195 231 103 88 20	
131 912 233 90 105 22	
95 314 239 107 85 14	
579 558 260 67 101 22	
320 319 194 134 93 23	
433 8 205 128 88 21	
751 111 262 66 91 26	
788 421 212 100 109 21	
208 75 198 125 102 19	
45 75 210 105 112 19	
443 413 224 134 64 20	
208 657 240 69 115 25	
17 385 185 132 104 22	
228 887 206 122 96 19	
287 136 215 94 114 27	
9 779 217 98 114 25	
176 586 221 115 88 22	
61 869 229 106 86 22	
491 296 248 120 63 12	
957 726 207 130 83 21	
7 35 207 105 110 26	
674 94 223 103 96 23	
222 290 216 132 76 19	
626 98 231 122 73 17	
693 856 190 132 100 21	
704 57 194 133 100 18	
99 186 205 115 102 23	
904 550 206 130 89 19	
756 149 206 125 88 24	
202 583 208 127 87 21	
122 482 211 120 102 14	
170 869 212 130 79 22	
934 210 213 106 106 22	
466 494 214 121 98 14	
45 12 217 103 107 19	
718 461 220 111 96 19	
633 607 234 81 112 25	
528 930 240 70 115 22	
505 941 243 79 108 22	
290 278 185 132 104 23	
353 154 204 127 93 20	
251 443 212 120 98 15	
416 53 212 120 96 16	
802 429 214 114 101 17	
753 106 198 121 110 17	
275 242 225 127 75 19	
430 749 229 133 64 18	
626 971 229 135 61 19	
272 154 205 121 95 24	
277 228 216 115 95 20	
499 481 217 106 105 19	
7 645 218 103 110 22	
446 15 221 105 108 24	
268 681 224 135 65 19	
815 528 224 94 112 22	
483 558 234 127 68 14	
358 697 237 76 110 23	
905 745 274 56 103 30	
674 328 228 93 108 26	
395 59 193 131 100 21	
857 762 205 115 105 22	
33 80 208 114 103 22	
34 800 216 113 103 17	
828 326 226 118 85 17	
473 131 239 89 108 24	
926 311 253 57 117 27	
818 348 277 60 110 17	
595 400 194 125 109 23	
176 267 202 116 116 13	
979 157 205 109 111 26	
244 489 206 110 111 22	
102 687 209 112 109 19	
402 798 210 113 101 22	
773 365 210 124 89 23	
702 297 223 112 91 22	
197 170 224 109 99 19	
991 892 226 100 106 20	
783 827 252 74 107 23	
986 101 187 137 101 21	
345 839 209 131 87 19	
964 949 191 128 106 23	
180 517 200 127 102 18	
901 129 206 118 101 23	
733 101 208 136 84 20	
281 442 210 115 105 22	
447 114 214 124 89 19	
531 50 216 111 105 22	
147 154 217 97 110 26	
4 943 221 85 117 23	
790 447 225 134 74 13	
708 586 234 83 114 25	
718 598 244 76 111 24	
523 692 244 73 109 24	
567 153 252 83 106 22	
473 655 257 78 98 23	
901 784 257 53 112 26	
749 233 231 91 111 26	
197 143 232 94 106 18	
543 718 233 105 94 17	
253 643 208 109 110 24	
441 959 222 101 115 24	
283 800 225 92 113 24	
93 291 237 82 114 24	
889 6 196 119 110 23	
68 635 213 114 101 22	
922 996 214 124 90 21	
