404 248 2595507 5939410 863281	
744 658 6627013 6996027 8643099	
657 687 9145016 7430428 7123903	
879 88 8791277 9239741 8860793	
375 775 3183448 7097964 6929849	
158 655 1404576 790628 2870225	
711 19 3606291 6926083 4007101	
45 740 8519249 8460718 8736805	
126 690 5241693 5635552 4144368	
90 114 4808818 2687934 3819196	
671 671 1335688 1343455 1113865	
685 174 7325942 9876605 5026471	
303 219 2641497 1697693 1477743	
619 297 1950577 8818494 7202075	
482 941 8126308 8764850 7421711	
407 51 2666051 3081133 491665	
301 57 1854433 2347578 1714802	
518 657 8622540 4042935 410016	
6 770 8839858 6856455 4042167	
118 276 5623237 3458012 6153623	
280 462 2369256 3807950 4919987	
621 384 3702543 452108 5368042	
912 183 5740170 5390744 6117917	
426 780 2865084 3589393 5035259	
480 888 2016016 4703828 2767334	
447 517 9205105 6349291 8495648	
508 724 6579078 4328713 4353523	
692 357 2276631 4874110 7541053	
175 631 4299240 3901636 8236565	
942 195 4551765 5316777 1859927	
962 522 8721280 5078211 3686109	
772 270 8641763 9781915 9404998	
867 275 8225276 6564076 6441859	
544 852 7496326 7117001 8871687	
679 855 3868055 4423950 2112616	
739 564 1695156 8515658 5305448	
571 916 4051580 2139150 858538	
946 432 7335162 4132764 5318009	
765 358 2448064 7387137 9882160	
119 259 88909 7679954 6955020	
274 441 4478972 4130195 4121622	
245 935 6395054 100146 3775396	
831 233 9318356 9623929 9339258	
413 884 4202889 6055727 3874539	
937 338 5220581 5752144 8437768	
358 864 4719742 8557263 4997426	
583 113 8936975 7311985 8481864	
966 47 2233120 3286885 4659876	
624 816 5677648 8826984 7162671	
901 380 6178003 8370411 8296002	
950 435 2997023 7502657 6593412	
445 947 961276 2856731 1020250	
605 234 8155085 9611120 4566372	
909 251 3878510 5882420 4431471	
695 475 4653714 4338210 5987320	
467 77 6878783 9079350 7691171	
538 70 7403328 5572816 6253642	
68 888 3480513 3722648 6574481	
746 403 2789997 7133835 2891626	
169 495 911667 4285902 1738153	
75 973 1516918 1456935 479712	
378 58 9535455 7715792 6071126	
728 999 5557958 7634905 7579835	
752 416 7349307 5536711 7871992	
480 621 6942884 7698460 5330572	
401 56 1763000 3126997 3797389	
390 905 7297555 3663463 5910727	
279 13 1561959 3808565 1994817	
129 392 5503092 3838454 1761748	
493 452 193949 2717970 1403052	
933 546 1597846 7561959 1745777	
266 656 4085387 4183279 4537375	
964 124 2642106 1918943 3194275	
702 684 9084622 6920804 8040132	
444 87 7420260 4321864 9800270	
857 17 9543585 8415503 3987213	
267 441 725869 4342438 3279353	
223 85 6422337 4388780 5753442	
901 73 6579593 4215879 1480741	
604 718 1660879 2409360 4913748	
339 420 9481223 8816898 6617218	
580 157 6439575 2522701 2173251	
493 619 9691179 1901057 6432372	
152 502 5784032 6331923 7768455	
950 578 9554524 8537003 9420020	
945 160 394673 40922 2728333	
215 274 5379175 4147454 5459470	
351 70 8657890 3167099 3097379	
630 470 480385 475072 2038672	
249 327 5234410 3602769 1656220	
952 955 4142162 7794275 5340976	
599 59 918867 2586450 628970	
175 360 2745840 2179812 909877	
994 282 3882941 3448625 459949	
552 564 7217803 5955628 3864331	
426 849 5987308 8332588 3786629	
950 752 7807937 6986424 7964677	
947 456 5858257 9280486 6025130	
574 174 486780 455330 1591836	
618 129 7371543 8549009 4360799	
847 770 862784 3184958 2463602	
85 599 5184869 3522928 2477651	
721 913 5065768 6837625 2761018	
431 410 4629698 4386376 1456945	
980 638 9125648 8388125 7663270	
495 676 6772040 9513320 5105809	
150 925 8673463 9390126 8098415	
640 950 8559813 9063243 8207815	
486 771 2269108 1945969 2394213	
115 726 5295085 6370290 4501868	
146 29 5197553 7974666 4418881	
505 759 2597937 4282791 2378645	
11 236 3449688 7220407 4337040	
472 500 6110106 8026068 4327247	
891 970 6089424 5954637 2378546	
902 636 1969458 8114349 4939213	
737 566 1734196 920824 4934660	
852 946 2589371 2071616 2519535	
282 382 6273460 6013812 3003144	
178 422 1074746 1261848 1621204	
54 211 420346 1788286 1274263	
531 852 7499631 6540027 5200677	
22 827 3268498 4762761 7359433	
497 928 17630 1766962 1307318	
203 98 9319494 8318576 6644510	
998 213 4388392 3059420 8181234	
484 584 1279617 6175520 5602200	
731 206 2130455 4582449 4172045	
519 78 3411605 6363788 2656623	
332 147 4403380 1307072 3861255	
36 4 8124886 4357168 1179295	
167 113 5943747 3435699 6975561	
92 259 6966868 5894097 7622099	
123 420 4086736 2564309 2325513	
813 616 5462631 5137243 8916395	
563 377 2462951 2974588 6419834	
958 464 1125890 3002270 3700404	
618 894 7992224 5865404 8573598	
172 334 6844399 4449518 4943538	
361 578 4470800 4836460 6654423	
180 338 8720139 7094022 4277075	
990 471 6274164 5876736 8589110	
278 394 1121215 4038054 3080224	
55 752 6352988 6886576 6124642	
376 846 2527733 5438664 4454499	
903 344 6154536 6807323 8658094	
562 912 1839085 7960623 2080539	
41 558 5376470 4735973 7807006	
596 171 7169103 6445497 5396228	
756 625 3001454 4351288 3258196	
24 190 1260900 5369362 3481860	
444 195 9145561 4627923 3569715	
602 260 6941984 6454465 3555302	
307 665 7764781 4046824 4955442	
580 126 5762824 5561055 3774696	
743 515 5848831 4932730 1661804	
916 530 7582338 7467969 5416999	
545 632 6420918 5895431 6108495	
964 401 8214793 6845790 6468551	
200 22 4417945 4222461 6794716	
239 483 7376202 4485554 5822691	
4 161 2317803 7385894 8027697	
875 279 960569 8348896 8050570	
395 693 7984835 7226486 5062016	
75 230 6137308 5511977 7452011	
906 150 6618863 6754049 1851207	
352 166 4506945 2966589 2621868	
402 825 838778 2837669 307739	
667 188 3753849 2578136 4081030	
808 14 7642504 2868079 6041742	
607 321 3156033 3249513 3812565	
380 331 7105907 9165058 7506775	
597 450 3382038 5752774 6923312	
652 951 6167510 6141743 3245515	
785 319 8900106 8282572 9236249	
625 198 3931750 4521243 3861701	
624 572 3377495 6338026 3918451	
388 74 6895042 4777716 461537	
362 172 5239098 3818298 7256068	
364 28 2891254 654252 1408576	
645 797 6719662 7139302 7586407	
571 412 1027135 838134 745443	
169 212 6202573 2604576 4751130	
826 871 6964833 2991861 3051256	
841 956 4924977 4253061 5738301	
605 176 3662826 2995577 4521406	
262 143 6112376 1197592 4129781	
374 779 2078225 3303128 4940891	
380 567 5336201 8793749 5126115	
523 781 9118986 9106657 9201132	
102 861 4788592 4282025 2611396	
736 771 2511695 5334329 5107633	
257 858 7179036 6306010 4193434	
488 495 4420653 7193856 6906646	
774 951 5743221 3379839 3304978	
622 168 2946444 7399641 6762068	
140 751 4541952 2478922 3826156	
408 748 4588718 3420885 5386913	
220 959 2036025 1262503 4323408	
255 467 1365456 594632 5983885	
290 36 3693846 3012404 5974390	
328 437 4960926 7965326 4993118	
701 845 4297560 5359793 2530085	
600 213 6015163 3755377 6179016	
937 248 3053248 4987963 2933751	
519 782 589811 2291612 2397400	
968 229 6400062 9392162 6344432	
349 548 2542019 5640074 1882976	
679 8 8783990 7792999 7596123	
410 559 497530 1534995 543781	
866 312 7040880 5748601 5249715	
908 385 824350 985541 809682	
770 811 1702068 2693844 6131351	
777 763 8724371 9867765 8107328	
325 615 2812770 1108079 666513	
958 399 7640103 1180504 4313620	
391 545 6316870 8368476 7624477	
867 36 5997006 4494043 5070375	
993 888 4288854 7408148 6647336	
354 274 1609276 2047447 718359	
248 212 9335207 4060545 116036	
333 400 4853163 5930640 6120560	
956 845 5100663 2928721 4425201	
400 893 4252199 5604102 7024616	
96 632 4157483 7677309 1418483	
172 150 5829612 8912817 7523230	
275 579 1872764 984875 2292090	
797 425 4005256 4467627 7599910	
39 123 561051 2867738 3727931	
60 925 3281102 5772443 7131200	
323 816 2735537 4001744 6062042	
780 488 3984748 4123706 7809744	
705 402 7606054 5315634 8030408	
745 324 46255 6438523 3475990	
130 356 4744374 3719469 4790572	
249 830 214383 2102430 1434299	
632 233 2310162 5163629 8452334	
418 584 7015700 4258181 4149634	
220 344 2564093 3922073 5442302	
908 237 5525825 2926896 6707212	
481 549 3688814 3811381 3530141	
204 186 2701292 658910 2517937	
656 264 4266022 2878839 783864	
727 578 4626876 4520924 960535	
909 79 5119188 4085133 4006172	
204 406 6988414 8698935 9144274	
265 749 1660018 3986600 2151759	
219 211 9877028 8997787 5398641	
208 706 7115091 4166328 7849761	
732 171 121263 5810236 8672354	
275 628 3575772 3978025 3934067	
366 168 3396973 1757789 7747910	
47 97 4208021 8579499 4657729	
670 755 8843997 5713992 6132618	
821 801 4802276 4096121 4116418	
190 824 5169705 6035367 5426827	
931 303 2338770 1276702 2841354	
85 154 4737202 5323760 8099806	
65 852 5038190 4984097 1933670	
274 983 5901576 2956081 6639288	
217 404 7698138 4243432 6355493	
534 179 2500819 1322961 2175950	
867 503 8711668 8624231 9369731	
769 579 6980661 4106750 7980639	
766 387 8621417 8606668 9642206	
715 623 707726 2826364 1886903	
284 312 2728195 5410329 7488298	
655 425 6910429 7283989 7926339	
622 800 4686527 7786868 9488511	
358 27 9200131 9353013 9537500	
303 223 2045505 3033084 3906611	
313 713 3322760 3835323 2815939	
267 927 1881232 5827667 3440460	
538 886 3502576 651754 3728108	
592 858 1032108 728996 1505022	
675 200 5306865 7501552 5878001	
334 485 3755586 6473116 6246528	
809 365 839959 2372425 3228718	
202 682 5711751 1813386 3414800	
507 263 9899573 2818291 4409077	
865 89 3206460 2124483 3407202	
816 810 5527741 8558845 8461557	
456 406 5887902 5924631 4594792	
585 282 1045996 1426612 475341	
454 11 4764080 6036314 7355777	
304 672 3062662 166022 1474105	
504 278 7059447 5527041 7705691	
818 31 6251282 9381643 5294993	
881 967 7374500 6496167 8166454	
677 599 4884022 1261893 4954370	
251 123 2902421 2413181 2245075	
601 17 6350167 3100387 6121076	
89 945 9944659 9354599 9042948	
523 821 4216036 2567178 8146933	
646 267 9184176 9526178 6449428	
926 968 1182078 914504 1530353	
587 320 7886931 3911099 6120045	
760 104 2525916 8073208 5810551	
548 725 1440713 1983097 1407140	
38 901 2501852 5632555 5741782	
643 768 3234751 2457292 3925589	
315 847 7130116 5678285 6823149	
637 285 3935386 2579654 677576	
676 468 7510174 7108343 7462485	
850 741 7061248 6105530 7264137	
494 170 4646674 5679333 6443799	
103 357 6614006 8053145 7374429	
187 516 5804585 9662649 6179334	
927 478 2565798 3649582 1953713	
465 996 4621633 3882516 3575888	
76 724 5660831 5125866 3372180	
27 63 7651269 8720522 8745600	
836 837 3790226 8937517 6124133	
494 520 8956812 3808556 5541339	
26 577 3144710 8375729 7670970	
464 117 5458535 1937751 8550584	
583 437 3648674 3780983 4965432	
861 562 5900541 2457229 788538	
605 450 4671729 3055051 7234625	
500 38 3411024 6525329 1134042	
280 856 7086747 7798142 8923335	
605 671 5728514 4530469 6882382	
649 942 3668114 3278369 5365705	
298 389 1653131 2346109 1715290	
327 921 4769940 8029184 7926828	
521 13 1036107 891518 2672553	
315 368 5653319 6715041 738734	
648 452 5249141 4479492 6864806	
820 296 4327676 6746101 4632888	
54 384 1785078 1181727 654597	
581 682 5818453 2657812 6073360	
279 865 2771901 2710874 1225935	
505 912 4684504 2615524 3299009	
11 893 6553764 4316538 3650886	
576 346 3663195 4625382 4722775	
7 70 1819088 3256824 3750980	
907 982 8535688 3451340 5149336	
246 154 9887150 8790821 9966050	
459 980 6141917 8523449 5897074	
60 496 4335985 6686078 3341903	
467 592 6943981 3085910 3093235	
733 22 6619527 6836995 7101545	
830 967 6737694 5001025 2999531	
64 703 1616327 8828049 3324937	
772 131 2679392 2571843 1628927	
682 231 5361130 6564047 4769300	
885 346 1857285 3314290 7071056	
512 885 9052543 6225580 8209843	
261 76 7682419 9144258 4382995	
606 462 5002590 8825528 6194319	
803 653 4703150 4541768 6886428	
730 464 6570852 6214618 7654927	
960 861 3697605 7119545 3731760	
510 678 1213622 5324490 4388710	
60 588 7429903 5414922 3318346	
633 684 5513701 6768876 7275312	
137 859 8120096 2932234 2452122	
604 791 6303568 6748188 4244617	
677 611 8137344 9532955 7390385	
810 424 7899410 4669211 6504649	
936 706 7310652 6657924 6691814	
199 966 6969244 7972023 6553402	
601 882 9484517 4570822 4805579	
710 647 8766900 7372154 7396233	
372 494 2071550 1895118 280857	
697 146 4343982 9227274 5807228	
693 146 5487278 2989551 3326919	
981 192 5195863 4109680 8616436	
253 576 1794942 2041119 4026997	
846 597 1494663 623004 1631020	
63 445 7706906 7257524 3973585	
236 846 1909916 3961079 1944556	
907 979 1245573 1764494 374318	
651 555 2929323 2756375 1293711	
698 812 9221281 7914743 6604107	
775 889 1720283 2259801 3215207	
786 704 4952285 6048207 4756666	
616 273 7293900 6772701 6940865	
636 289 5037555 6509824 4812279	
80 546 535289 2431077 2204770	
310 381 655776 5318543 7333408	
222 57 6478631 5854437 9554904	
133 919 3616423 3862370 7699068	
63 48 6782263 5987182 8306025	
540 68 2211806 5369848 5013993	
799 88 8553657 7599040 3308281	
552 594 7888542 3663466 9814387	
415 238 921443 3036997 2577224	
541 172 7429163 6193662 4200297	
215 105 5272834 1494682 7156438	
964 874 2489421 1260706 2548078	
541 911 7263029 8234055 9354861	
510 768 9241874 6872189 9879427	
10 266 1319028 1799622 3917997	
661 165 5936501 5634376 7351312	
893 338 5145822 2045837 2519233	
46 794 1893845 729832 3482018	
934 753 9428750 8423738 8745022	
57 884 1955458 1701697 1755087	
729 648 6606392 4195859 4271795	
123 901 6403715 4457120 2797861	
5 931 9742127 9836264 9857808	
719 488 5233592 94578 4042749	
579 39 611425 5291247 7073932	
659 947 7327211 9096634 8674413	
510 136 1206554 2072336 2003760	
480 497 1827624 7669866 4335788	
963 973 4049297 5728618 8337840	
734 390 2866003 60150 3475930	
635 405 7033205 7861412 4477129	
857 889 6821418 7548359 6407995	
136 829 2026921 4645953 3417038	
831 93 9316044 430860 3870126	
592 716 8389305 5125783 6306140	
269 498 9220252 8162644 6917004	
897 684 2713729 2152400 2111355	
697 286 7235980 4860230 5283549	
429 550 8872680 5743434 8175377	
743 287 1322076 436236 1192043	
764 169 5786990 1293410 4500773	
659 688 6320595 7591409 8388457	
938 841 1051079 2302389 1998143	
118 642 3829910 3852363 5463937	
12 600 6751240 888938 3928717	
499 57 1425181 1385791 6662830	
296 644 3044511 4438016 6737333	
935 41 8828667 9688096 7822845	
402 818 8334498 6725156 6742783	
246 641 3851605 6749945 8048743	
376 65 9687528 8697929 9965665	
516 749 3152853 2347194 1330149	
613 421 7246753 6988556 6578603	
459 333 8383986 6456289 7864371	
867 287 6639898 2109656 303029	
927 405 7648478 4413902 7488408	
663 346 9043771 6535255 8683393	
872 481 2473085 1778862 3591801	
637 759 5906991 1628354 18555	
825 635 3114249 4935070 8716186	
857 985 5701076 9123055 3187686	
493 639 7589463 6296802 5811907	
963 846 2004924 7636408 3264255	
387 71 5545353 3243622 2637017	
50 276 2860219 2876585 2808739	
483 762 8381456 3722953 5391866	
581 525 1198229 2230826 4586764	
805 396 3290706 2107751 4789387	
257 451 7090663 4674975 5861296	
454 583 2877562 3505509 227732	
684 937 2969262 2154792 5902650	
81 312 5811622 5278117 5178010	
899 408 6863751 7580946 8111249	
989 187 5588082 6457560 5658496	
290 864 5800637 5714753 4153262	
67 536 1870156 1931130 2509624	
209 870 5042092 2810218 2829711	
523 36 2635160 2472213 3235202	
641 437 3978637 5401220 3165822	
997 226 7680868 6356232 9205179	
598 792 4102108 4584947 5918952	
892 944 6978707 3498982 6221189	
543 656 4184616 7084048 2588400	
979 449 5441971 4218927 7127301	
12 693 2476190 1791386 1740797	
184 765 8850136 4317827 7753273	
803 532 4461506 4696297 6715955	
155 576 5035836 4882191 3406684	
548 868 8286737 8629871 8652933	
716 781 2224800 3859101 4426897	
178 911 1941812 3169939 4353221	
517 741 2190018 1846441 8220293	
898 665 743629 3301830 4348473	
248 62 7002808 6490963 7944399	
487 309 4270121 2562661 6717383	
604 723 6033039 9008286 4606678	
376 261 3384312 3339975 9123407	
766 291 6164768 6737414 7786751	
818 313 2698604 5099428 4985146	
537 906 4548914 4044222 874589	
569 644 2924258 6934936 5054097	
457 816 8480336 7787462 8860168	
959 370 3963546 1458001 4174799	
124 167 5202340 8539572 8372570	
915 734 2188875 1303333 212518	
693 924 5607767 5503089 6208154	
490 37 1634082 6545959 2774315	
14 847 1378525 2804282 3664590	
721 827 9591970 9255452 8665994	
150 591 3974244 3144573 2495403	
182 987 4703244 5826325 3727453	
104 171 2027278 1836760 3627260	
422 816 4983084 5952675 3543688	
384 227 7962228 7055515 6553104	
614 368 8778289 7891171 6708085	
700 742 5514980 7226000 2450218	
97 880 6278391 7662035 7661109	
489 147 1989525 2180664 2807757	
181 298 4013917 2420740 1976530	
122 999 2154303 3973016 2840442	
560 568 2093169 3983245 5572930	
660 794 4976340 3835815 809671	
876 594 2877487 1777140 4082392	
747 762 6552881 4191210 868870	
520 488 9059904 7334218 7008143	
767 950 8008178 6690277 8369247	
543 28 2259708 3900798 7876858	
712 241 5235581 3343647 3297869	
632 28 8403533 9701832 5402359	
299 453 9205244 6614244 8298670	
474 685 396470 3153924 5562759	
742 138 6359047 3921899 8003279	
448 806 9590523 4080438 6068097	
261 158 4997987 6348678 7226306	
541 248 1388169 2075049 1571109	
824 733 6972004 5391245 3037515	
568 802 7626309 8074754 6919815	
870 166 5440822 2456717 4180922	
252 258 5324791 4447888 6163667	
712 66 2528697 4361767 3573654	
521 329 6032043 4885976 1044496	
170 559 3966124 4032133 2885486	
395 679 861575 6308452 6985633	
473 592 5861587 722480 7830313	
164 331 1356996 6250609 2934475	
881 152 6888961 4518783 8366292	
202 332 2308232 2407738 738711	
552 970 1186569 3415493 3522894	
621 660 7582798 8361574 5556883	
113 9 9264086 8368650 6587157	
150 14 7638723 5668554 5364212	
83 822 5248023 4808738 4071921	
78 300 4846318 6363598 4156118	
755 740 7240627 9039873 3014602	
855 362 9016317 9446593 9143236	
402 615 6470706 575708 7455548	
925 705 7134031 5304060 5508374	
687 819 1481883 4871083 3703998	
691 789 3863505 5852644 5866030	
17 45 7642375 8234119 9969333	
80 721 6294424 4362023 7031664	
106 437 9057737 9087555 9045273	
47 58 4958443 6227227 3347067	
462 548 3074415 6652299 9756494	
476 760 5081107 7110163 2811655	
605 632 7321057 7996723 6819772	
391 286 7157342 5979714 5831242	
807 808 7501172 7800396 5835396	
54 173 1662885 5437167 3077157	
843 721 3688963 3313696 2400596	
555 494 6759143 3861063 7964370	
753 412 6936642 6719493 8337329	
742 24 6505438 8778161 5334645	
885 260 7219425 1464515 8588492	
875 963 3885088 526463 4505091	
568 3 279650 31495 278377	
252 692 4125737 5614461 8209048	
591 60 687011 92339 1413770	
132 4 5335351 1101619 6390246	
315 591 4927808 3287640 4150657	
693 8 9011570 8246673 8653370	
618 1 1511894 2755438 2017480	
424 934 4470360 5791931 4752429	
104 872 8111478 5538553 4786110	
310 840 9853323 8875827 9559023	
918 647 9339527 4013603 7494432	
401 348 7051056 4534998 7532928	
344 708 7498945 8115383 4043305	
874 367 734564 4833827 3681714	
795 926 3615360 5036317 3939944	
504 969 6377621 4502000 3795868	
208 124 4210165 5644092 3268567	
508 419 2174559 2263132 5082239	
892 366 9230897 8911615 8563554	
138 683 762173 4889792 3282453	
784 473 1205875 3231983 1178612	
985 636 1608928 915047 1920158	
702 644 3855041 5548733 8237874	
921 540 5402724 5628922 1463827	
653 632 311975 5529563 3068426	
788 347 7712032 5741500 6276784	
441 470 4114894 5833144 6513987	
434 808 4540348 8863490 2853043	
840 370 4816956 4479761 3297103	
461 374 7924243 8723286 7585692	
387 27 6710683 9449281 8456637	
115 396 8638995 4736286 4206788	
377 247 4237007 8007511 4000046	
32 203 9027349 4489369 5286929	
40 495 5519731 2381122 3385537	
230 194 4468389 1833179 6744944	
950 703 6724119 9661994 9328387	
561 219 9144190 8764794 9257857	
682 418 366484 1813145 921702	
64 176 3413762 8129314 4684844	
350 190 5128637 6350316 411611	
79 922 3913021 5272888 7705867	
209 883 7068544 6316407 9026855	
739 302 3956452 5344189 3053454	
690 482 8197141 6630543 5764316	
459 359 5024331 5391362 5362252	
304 814 5083401 5552366 6482969	
342 558 8636922 4050381 7711025	
642 559 7337276 2788476 8110278	
14 158 6571033 4134349 7521189	
329 838 918793 4691155 6642115	
241 689 9453125 7916950 9311092	
120 661 3665853 6029388 3457889	
836 908 5931504 7442917 1099008	
511 513 1230461 1645546 6286180	
782 441 3601730 8557681 7107596	
180 426 4257876 4993335 6456578	
195 796 1020545 4619576 3368579	
275 899 1154449 1469753 2792691	
755 391 3363570 507909 3814559	
74 216 7629287 2110403 4595053	
483 693 3593524 5584545 8574176	
833 738 7302848 5256631 7053771	
288 660 7225016 3106772 6206918	
695 26 2832598 6898074 4248352	
547 146 5638549 6904329 4379431	
362 740 5011744 3917797 6600554	
100 99 8384623 6851524 6692533	
893 584 4341112 382384 1443061	
396 949 2643978 1195158 2471722	
369 733 6755181 9116891 8981783	
254 742 8979553 6677149 4552209	
361 554 2170157 1372241 1983658	
599 264 5087102 5804043 5186363	
112 684 6813590 3248961 8668284	
823 616 3457505 821430 980726	
96 934 3435627 5919601 5960487	
890 430 5128851 4818960 1369827	
141 832 2408592 3455444 4397602	
138 195 6746653 5539470 5138669	
623 57 4320452 7503372 9565609	
781 969 6963258 5652759 752773	
335 453 3327442 1312392 8713736	
515 100 1555977 2026078 2722767	
490 801 6453364 2132906 4044156	
205 423 5159158 9542687 7623432	
23 1 3949713 2645169 4185497	
640 826 3311958 6099201 3025481	
722 914 3845379 3601905 7275887	
476 994 2399272 9137359 3449558	
26 629 6618066 9068872 6840585	
999 593 6732222 7895530 7459719	
233 553 4451227 4357761 8388766	
119 178 2879075 269915 1376348	
738 352 718578 3321786 2650288	
31 607 3153375 3464947 1723415	
406 433 4486648 3923209 4275510	
320 809 3380252 5873675 301358	
579 344 2054126 6702030 5615350	
903 333 2360081 918958 4984223	
321 219 5890165 7263986 8892721	
70 246 3294353 7224745 4490138	
417 131 3674700 2263532 1859178	
87 561 1980002 5361544 735606	
337 23 3441926 1796966 4209539	
260 600 1046451 5167999 2701598	
820 687 4852341 4229353 4742461	
107 357 1812764 6333541 7860582	
32 153 6327116 5160290 7874079	
275 228 8544994 6917653 8009949	
222 674 7565674 7833368 5468310	
176 198 2291449 2544158 3058773	
684 480 2408608 4397765 2847942	
868 911 1908936 2366046 2365674	
353 344 9686736 9276774 8589938	
571 876 4046761 5230438 3225647	
804 56 5160836 5221425 4939576	
355 428 7376188 7762573 7291407	
540 844 1549331 3249189 1614649	
958 970 8282913 3837878 5363359	
412 866 7157077 2642501 7537880	
404 446 4988858 7990454 5963254	
718 946 4689541 5665160 6482459	
44 955 4178453 2366627 74062	
55 837 8968153 9987579 9056091	
967 930 1549022 1141361 4085160	
245 432 9320365 9358310 6692590	
222 281 4705019 6197713 5504444	
761 486 7151687 8390659 8114709	
135 526 8576529 7181793 6416769	
879 656 106717 9182312 5096572	
145 960 5961922 7155528 2894605	
442 830 4943415 7576692 6704825	
938 569 7600136 6360859 7613318	
517 35 4912742 5560743 7288932	
342 512 2579910 475077 7145182	
416 456 9497517 9200119 9955411	
408 714 640539 998532 2821156	
517 462 351336 748037 2522648	
334 298 4747700 2590662 1946198	
73 847 5230394 6031124 7549446	
399 323 7845508 4016617 7286068	
741 908 6441748 6488061 6766024	
875 594 892290 7392432 6074209	
867 381 4844452 6720752 7464170	
979 97 6014456 8021947 4808530	
638 708 7587436 2897301 9598554	
251 942 2965072 5250627 2282350	
140 593 6988078 3456556 1460560	
428 610 6628153 5395216 6270539	
963 287 2475557 3604424 4886123	
780 614 5028787 5836490 5862051	
465 619 8343209 9210031 9364568	
94 719 7265281 7200168 7255275	
10 336 4449370 4082822 4291902	
940 244 4823551 7017008 5692152	
516 915 7292951 6665758 3911250	
697 2 3276271 7445986 8074944	
412 680 37028 2081528 5852453	
766 952 5834661 7121351 9888795	
664 653 3989624 6299491 7948366	
816 697 6463583 6537288 4974031	
902 356 1612911 4740776 2129705	
450 524 4421365 1058595 6868817	
777 413 5608277 5138419 4335103	
621 835 8304855 7419840 6468707	
593 641 5246065 5759368 7838110	
272 457 4320395 4706604 2437086	
957 52 8232867 8821152 4876620	
127 470 3694989 7191585 3602170	
650 42 4023670 4422972 1701747	
314 952 6151468 2464657 2491810	
171 881 3559370 1032485 2817346	
508 249 5178183 3191449 3544244	
445 506 4116295 7009353 3783302	
571 156 7031574 1578570 6571862	
6 530 3352872 4176827 1892490	
257 725 3021815 776491 1024439	
533 340 9401089 9808939 7892498	
410 219 4660531 7152382 5621192	
29 115 1507937 2686922 3635508	
219 121 5807084 6195136 3366994	
65 610 3548030 2161321 5548724	
510 2 8822869 9877305 7364275	
456 613 4725330 1230995 8287652	
791 482 3103850 7389003 4869509	
466 11 5240758 5343356 7192477	
701 475 5938637 3950495 7066332	
119 550 7954642 9983711 7928790	
827 413 7803122 3819337 3864581	
495 471 5467128 5660629 8620563	
374 150 7968347 7411697 7053708	
948 391 5555678 1064346 4399884	
15 831 6174766 1305968 5070264	
16 986 2873223 4394416 4706769	
347 78 7063445 5597759 1704784	
437 262 7969324 7892578 9016127	
784 439 4485505 7121075 2110723	
87 448 3505104 3363454 3857259	
378 275 7797168 8587305 9942257	
822 875 5659136 8513680 6155601	
18 841 5291332 4839479 2860837	
224 455 7733180 5590118 3345590	
703 601 1281310 6449967 9220447	
942 801 5807721 5612705 3356381	
90 527 216658 1138697 1375837	
914 376 3965955 5124002 5018183	
292 426 6400834 110005 5613010	
6 449 4799786 6833336 7106024	
53 118 4586972 9015024 3452664	
752 163 4512434 6127960 6379227	
697 652 7127484 6174470 9206017	
732 391 8734294 7507630 9774608	
959 607 7214140 9457495 7817107	
771 664 6991864 4130597 5827661	
691 903 8095015 4817662 6730577	
601 920 9909225 7531700 7766542	
651 523 5124359 8414270 7701616	
844 447 7686220 6213398 5342316	
78 951 3237317 1291525 3680131	
164 954 2890660 6491848 4102143	
508 193 4533016 3758001 4762442	
225 380 4614022 5218996 7430598	
340 688 4906768 3876336 8012116	
661 669 7573863 6080462 2804448	
982 567 7806670 5594681 6115697	
600 482 7030193 7605897 6496964	
52 219 2988445 5812566 7369519	
406 503 6349986 8247051 7872422	
922 290 2802728 2624034 4598299	
236 791 6658030 6096980 8703412	
194 891 3499461 4084911 2550339	
654 390 7677139 8791958 8939897	
981 945 4544833 4733012 8809382	
70 254 5300982 3089115 6258130	
793 325 5236626 6421945 7243589	
946 371 5218534 7973647 6096321	
655 700 6131377 4512665 6476910	
849 892 8357870 5327748 6035985	
547 752 4565674 3904208 4777851	
126 941 7789492 7778866 7722564	
716 742 6415695 7636983 5956134	
662 756 3377615 1389752 3590719	
336 247 8727161 9113002 9211351	
528 790 1546837 3664302 1256338	
102 248 1475108 479712 837411	
452 400 7227223 7436735 6605287	
794 656 3616882 4801894 1808236	
44 780 6814958 6216620 9316899	
517 792 4628311 5816884 3665671	
375 909 1017870 6099381 3027488	
340 292 6332941 5865821 8954906	
38 322 8644057 7557640 7686959	
304 406 5161381 5417796 3412048	
89 715 6040074 6466690 6435177	
329 705 1840941 3395208 2486628	
345 506 5420047 6788882 3827178	
361 711 4891749 3136302 7046108	
329 701 1060432 7070205 6250552	
242 119 3022218 241355 6527555	
822 629 9239441 1870127 300030	
138 841 7449428 8375046 6492983	
355 369 7173732 9725166 7886365	
67 309 6689124 2379581 4623399	
165 991 97163 456342 622391	
4 72 7204394 5974159 5924567	
136 50 8959368 6536422 4925087	
281 38 300047 2248362 4824788	
966 98 5465028 2867537 5958758	
516 362 4835602 2923017 2577914	
349 431 4573624 7542364 2511605	
103 317 3140644 4367885 2239993	
261 623 3410241 3562447 2623238	
373 250 8683696 6750223 7482099	
565 890 8816390 6111319 9167007	
906 98 6360420 8234222 8035115	
986 809 7009155 8830927 5424684	
94 780 915570 2378535 3603267	
192 398 9513685 9148661 9551267	
989 188 3071123 3296231 755302	
130 127 4617454 5061869 8071478	
706 429 8059767 5343464 5326247	
42 987 5151711 1439168 4028809	
62 460 3925155 4355445 7204098	
491 361 3669570 129937 2345922	
974 186 95364 164090 301136	
616 50 6349452 3350794 4399941	
156 689 2048525 3907531 2343279	
316 499 5666330 8031334 1690894	
954 267 3211810 1532407 4652573	
451 959 3376332 5871825 4603278	
845 552 5746459 2879770 5187233	
262 26 7642911 7712775 8059096	
920 125 1148292 4616402 3539372	
122 778 6135903 7453087 4257847	
939 638 5251310 6152690 4424140	
406 536 8005328 9406112 8731016	
928 714 2592370 6095172 5801689	
763 43 9127764 6421685 7914672	
60 514 4439105 318958 3096974	
292 768 4407904 8613984 2273598	
572 192 3325170 5823318 4189525	
190 895 6165748 2655237 6201869	
765 171 7119069 3019004 5143519	
220 455 851114 2481120 5067861	
705 503 7262866 3458179 5967344	
974 59 3684357 2756015 3000135	
129 421 6514550 3801673 7364220	
256 607 4709888 6794633 4749216	
165 535 5225427 5577466 6596884	
75 404 5427083 8180685 8267956	
935 50 2910660 915151 7290715	
693 119 6553159 6589843 6142503	
788 790 2253442 184005 3573490	
864 123 6032249 5910928 9154638	
898 801 7406569 8071434 6703706	
922 821 7146660 4703784 4355551	
252 763 5558275 2659799 6246203	
655 751 6706830 8905239 3400065	
564 509 7403370 4165014 5394082	
949 355 6768363 7575154 551774	
519 463 4259631 2838017 3655848	
69 559 8127394 4259300 5992379	
817 933 954660 4296002 4394322	
15 506 6874294 9380634 6173800	
933 775 5495227 6364187 1713789	
850 45 3544767 3559006 5056518	
131 132 7336679 5539535 3715588	
62 870 3152470 7318901 6889687	
244 603 5898630 5965284 2423421	
969 550 7503760 8558448 6305910	
994 424 3320942 6278282 164958	
2 980 1042721 2311636 1713242	
89 982 7327414 2566667 1376209	
112 250 5358104 5516056 4694376	
164 262 2231382 1418454 3727514	
12 273 5542837 5793645 6498418	
735 609 7017970 6781284 3768344	
903 5 1876846 2178355 4126667	
639 582 5502131 2844494 3396868	
341 533 6675010 4791830 6294233	
106 462 1723455 2744079 4203094	
470 855 7254384 4946483 6864135	
556 451 125971 3758570 4957894	
334 678 7638768 3383575 6905782	
367 487 5371509 3044127 2900917	
179 144 8647485 7671852 7810268	
371 70 266316 5055783 6518042	
659 27 8983296 6247026 7848386	
628 502 6919998 6672940 6451373	
654 514 5955785 7545469 5036102	
14 449 5239464 3263191 3139115	
954 421 9813140 8398770 9646595	
538 792 2348582 1502759 3418973	
423 319 7778654 9896985 6540653	
922 340 2006812 2177446 1435378	
370 840 5698601 6361908 3941834	
793 68 3134973 2368728 96565	
780 152 4517051 2948079 6029746	
116 213 5151907 7676640 7002018	
721 369 6871367 1914351 6909767	
864 735 8096461 5024550 1997582	
730 544 2318454 2582826 4065910	
706 363 2545087 1752421 2019971	
238 669 7601992 4054991 5242931	
477 674 291963 5615085 4960562	
96 52 8022197 7987900 6746621	
528 466 5708093 5586140 5530397	
122 320 9632125 9518329 8715286	
606 948 3221071 6728917 7633948	
140 256 8538387 3073978 4638081	
775 132 7845547 2912564 7922411	
386 660 6280670 6073337 6921560	
52 169 223778 414627 1325953	
306 417 9483599 9235921 9049957	
825 289 7492872 9887058 7640635	
702 12 2921816 16448 3896794	
860 411 2822696 1568519 6027450	
918 795 7803130 5601876 5119653	
646 459 8314945 9646352 9912857	
235 408 4914495 5796271 3799612	
134 924 3095602 1937102 4739181	
948 892 5070356 5025441 6867902	
451 238 4439625 9791373 1436127	
664 220 4988585 7350783 4728034	
9 34 6864682 8931323 7840973	
172 109 7678939 8027086 6331159	
516 552 7730433 3923979 6570580	
896 288 2256994 4818065 5922229	
845 947 6982058 4855244 7371339	
351 575 9414243 5782180 7958940	
309 506 3442110 1855743 3923033	
164 459 6553310 7997998 8314704	
910 409 8898054 7853867 5430272	
258 175 1690887 8060952 39534	
352 883 5287310 7727306 9311497	
498 643 4521187 1329907 3712088	
80 382 4469533 4453106 6374026	
647 983 5952082 2636313 8547923	
474 623 6595881 5100484 6113946	
796 776 1158530 1068956 1649346	
360 211 5813656 5988541 6908057	
532 657 2126191 2953800 5650315	
356 835 9589174 8372179 7438122	
953 317 9064686 9996033 8941487	
259 944 8163828 4277603 1952452	
355 507 9786097 7752941 8057406	
542 176 6896572 7339248 7748745	
778 150 7600108 5961430 4427909	
285 769 1466262 2386661 898688	
896 270 3865723 2281865 1479456	
315 635 7552582 4482008 5468389	
675 35 4039249 1155216 3206465	
115 749 3207614 5380077 3881792	
33 828 4461517 1791226 3325113	
104 79 6110611 8543765 5789358	
309 973 2536553 251906 2918713	
216 291 6473713 7004655 7584936	
672 378 5980563 8886885 5760669	
327 78 6907947 4068558 4098795	
724 128 3696144 5784654 6287975	
955 59 7464302 9055294 6125447	
490 813 3409189 4859400 3635283	
844 873 8673833 5723733 2214454	
640 155 6814722 5619704 7774568	
489 247 7402245 6599640 6528139	
284 309 2244445 469334 3086725	
405 525 3572749 5833434 4519568	
906 114 2904627 4165922 3533267	
946 432 6036490 551250 2868923	
74 380 2170385 5537213 5257978	
780 561 7304195 7459874 7344326	
323 294 3183123 2856338 1946780	
723 421 6167445 6176672 7900100	
268 896 3259582 2787289 1846104	
464 703 3563068 7449644 7967656	
310 617 7619106 5451218 8896757	
892 797 3038919 7425332 8395526	
516 834 5005906 1815888 2719463	
120 475 5008944 4786711 3704669	
152 474 5539873 3692035 2269555	
36 115 5283228 5353780 9911041	
85 739 8446969 5078490 4495633	
180 771 7576076 1181625 3705781	
776 142 7776027 9648296 7187150	
23 916 8812550 5046025 2871535	
