270 264 8272823 7768069	
45 607 1936984 738924	
339 544 3132940 5298147	
359 143 8119793 4024541	
347 963 6379507 8637597	
568 351 3635630 7049421	
440 378 5258731 3300604	
429 553 2267880 5358056	
798 277 2234880 4902633	
951 605 1395481 7565474	
603 23 2950051 6707211	
956 367 5551432 4816336	
804 522 3897703 5594915	
943 434 3262795 9038966	
587 106 7639015 3215348	
835 397 8682810 7568816	
578 518 4661485 7789479	
983 471 6850387 8388384	
596 151 5120124 6866139	
916 408 3205138 5398433	
433 865 6715239 8178152	
736 220 5651535 4271866	
538 11 5032292 8322685	
705 421 3937681 5032188	
672 538 5203719 1087813	
549 128 4618642 8050878	
557 420 3902361 8008341	
220 616 4900569 2866718	
307 956 6024435 8676492	
380 643 5322989 7646073	
968 918 7611017 5376460	
680 141 5940113 3460503	
783 892 7335721 7865874	
969 673 6973256 3841318	
914 651 575986 2238154	
930 402 5807791 6780613	
225 842 4240846 5485109	
305 158 9830000 6148005	
368 789 7183983 9756680	
755 642 3758625 4222034	
899 758 4729639 3483744	
649 673 6207150 9063597	
306 594 4649995 5092448	
511 887 9183629 9989021	
882 249 1233125 1842410	
677 290 2708043 4547623	
163 355 3703103 9792977	
714 561 6569489 2188385	
140 642 6170985 6295895	
506 98 4269374 7669945	
917 732 7644985 1538190	
517 347 1512279 3295720	
504 532 2825012 5470962	
643 104 9971183 6646759	
394 231 6176197 5616769	
209 107 2000379 5807107	
274 688 5375550 7450376	
155 438 3948511 967692	
641 826 2445107 4250976	
173 929 7103266 9412305	
395 468 4481071 4634773	
573 70 5548115 2871259	
475 998 5347748 8441386	
952 613 1544444 375781	
452 85 6163111 7691181	
340 460 4587064 6873671	
545 664 8480008 5536980	
323 167 9169108 8279685	
952 398 7398015 3553582	
814 852 2872519 4956330	
506 769 2526598 3437756	
557 127 5710911 3698182	
611 67 6217999 604217	
132 140 9864611 8575974	
162 550 2589983 1067494	
264 770 8446475 5505356	
612 220 8604288 6849464	
448 501 6691829 8056001	
658 707 7302612 2877197	
487 533 6980328 7943298	
81 17 1956624 2941377	
362 245 1777317 1905294	
94 3 5029463 396074	
954 205 5934311 8734639	
227 720 2984687 832812	
541 554 9074208 5770779	
126 34 7959144 9718756	
650 713 3429090 8315072	
880 167 3254573 328236	
832 80 9834603 5538263	
435 184 5845316 5738557	
110 561 3274850 3350143	
405 764 3115657 3299724	
415 554 803604 5197135	
141 5 4537491 7164083	
111 242 5757349 8952173	
202 390 2223216 2522039	
755 895 8447999 5635128	
507 544 6111753 1773038	
661 196 953838 4059780	
275 825 3475098 2848528	
411 468 8755674 8257338	
557 355 6214159 3292706	
439 114 5401971 2727152	
591 599 3003607 6999021	
969 454 3978079 9782684	
415 202 252662 18787	
113 673 9564401 8735806	
196 369 9258675 3630162	
657 525 8045233 4550861	
501 721 3232684 3069598	
182 9 3870261 8722870	
314 234 5912447 6333752	
394 255 5094287 4763468	
913 529 1541479 6158282	
262 483 9753895 8040558	
910 577 1386381 2910863	
346 959 3841621 872468	
588 536 4456039 952982	
967 591 7410086 8928053	
422 354 409547 3792185	
244 921 758154 422159	
103 474 5055619 7030612	
807 43 7090325 7016538	
645 924 4294000 1959530	
12 164 921545 1375640	
203 889 4410938 7254143	
741 349 6623623 4551994	
999 825 3595944 8103098	
496 249 6471935 6773520	
419 98 5977357 9166838	
331 491 1796557 2123332	
635 106 9486233 7697249	
311 755 8622004 4604433	
348 870 6937404 8845498	
618 459 2781975 3471718	
111 104 7628185 3639811	
113 411 2689408 1240663	
466 837 9255044 8363417	
163 761 7265946 8286276	
610 800 7594440 9433239	
810 48 4562756 1834303	
563 878 6525800 9376763	
883 192 5448170 4876840	
931 118 3090288 5038168	
517 827 4361496 3274714	
145 991 2928518 6076651	
624 442 5986532 8928303	
706 798 1094374 1045795	
274 439 6971627 8775169	
403 405 6150810 6835581	
602 359 8964086 6630467	
581 748 3776672 5410708	
820 191 7009956 6980302	
605 926 9028649 9107623	
144 925 8300118 3241618	
332 960 3474248 4095343	
961 207 5600517 5061785	
987 791 5498344 1542827	
373 279 1968775 4418153	
134 408 700919 4143696	
306 155 7709772 7961893	
518 508 3753526 1793446	
762 331 452948 2193967	
462 535 6897469 8948874	
420 210 6312731 2981569	
114 459 6064292 2318317	
703 797 6785397 5520280	
333 215 8318087 8842897	
668 181 3102496 4838365	
161 255 5286416 8133772	
510 729 9354994 8543480	
885 319 3939664 5372315	
292 5 3622009 6190525	
442 108 6721744 9542102	
514 826 5424007 5689304	
489 263 9789065 8115291	
500 45 8977989 3519633	
815 710 5607681 3561381	
162 138 137051 185472	
887 167 1297425 3032945	
614 874 1447623 7142381	
238 392 1556583 8731042	
275 928 8524034 7581354	
73 500 4654778 8124697	
542 510 3277384 2394654	
988 543 3308796 8641629	
877 810 8311946 4940136	
875 351 8435190 7973329	
132 261 4960195 8902177	
187 568 4886720 5864792	
266 431 8373230 8638714	
498 689 7181908 5447811	
177 651 1624734 4665371	
946 869 9662025 9910743	
213 304 4660805 4208512	
444 260 8553741 5048390	
111 108 6634110 4340910	
777 615 4782858 6367374	
475 580 4217323 5087546	
597 977 4950831 2130130	
684 341 8706542 6684358	
66 296 3204005 497292	
20 841 7600512 9454422	
384 956 1612633 5260631	
152 624 1335668 1621626	
745 324 8047677 4093079	
614 226 5754313 6208923	
287 559 4179612 5999010	
749 404 4564308 4609140	
499 182 4054755 2355863	
712 448 9810671 6894037	
133 76 2365664 2614815	
516 943 2858416 1464836	
88 865 5582570 7048588	
770 542 4459512 4596122	
926 936 3031662 4287188	
720 922 9341584 9257291	
661 634 2474696 1434478	
426 380 473729 9364544	
164 569 2657310 2792490	
448 205 7889365 5997543	
141 324 7024944 3077248	
187 289 6360727 4836432	
868 281 7091947 893019	
123 204 8250695 8519769	
28 714 4858907 5008231	
544 337 9005065 8581262	
819 806 3211508 3788336	
4 535 1761592 1778583	
227 714 1988399 1479142	
669 98 4392587 440209	
693 386 5541648 8758312	
931 910 3989446 4645304	
749 373 4674030 6765702	
108 958 2303342 3058855	
86 513 5221914 8061519	
882 448 6599670 7999113	
368 957 598429 8463058	
124 302 9238708 9216200	
649 724 9237814 6154018	
88 851 4493160 7163553	
592 610 4838497 1118817	
608 107 8870599 5815282	
806 64 3025833 4660166	
769 149 2472001 1926638	
559 341 2425302 3286839	
720 801 3750084 853141	
769 98 6577861 7254729	
779 927 4953858 2085433	
676 350 3539775 7072173	
652 432 8467472 5129507	
837 617 4226043 9152893	
668 256 7711344 7885927	
121 944 7522358 4820890	
193 454 3926559 9122372	
189 390 5653645 4794339	
970 743 5129888 2168620	
550 546 2389198 7664452	
6 728 8558375 6449615	
650 609 5773762 7224126	
750 420 1943108 3213282	
605 544 8859461 3402593	
756 516 7556620 6317410	
153 909 5299354 7742735	
682 377 8188129 3271019	
70 5 1889142 561163	
526 569 6963803 5069009	
865 77 5254000 6653527	
204 369 4336165 7024950	
775 481 335168 8400456	
162 602 5262541 7458295	
209 836 7257864 5232384	
535 807 6281951 3880287	
597 433 6464287 4446821	
463 732 6180174 7075271	
238 346 8318318 9079304	
583 849 2173085 5372524	
149 12 5354264 4549360	
382 694 4365461 4265607	
103 267 1452806 6986246	
37 508 8267507 3443020	
13 209 5640689 1231839	
639 904 4346836 3659834	
575 558 7427433 4807800	
167 989 3486078 2842379	
609 625 5671313 5942260	
413 676 6056282 5270026	
850 350 1397061 4717322	
131 693 4745925 1356802	
52 372 1293232 289450	
18 176 608667 4570697	
105 547 5338735 5158189	
815 561 2043656 3811235	
584 836 2101440 3037977	
722 908 2993149 7874840	
520 27 9090877 8776108	
494 729 4859000 6246622	
449 343 8599223 7313522	
140 822 5680455 5875209	
775 564 8807759 7697401	
841 660 7115206 3128706	
286 945 8201331 9357458	
812 337 3958624 2946917	
186 867 8056551 4039813	
92 207 4707515 8158981	
403 857 2089192 641762	
946 863 1668325 1894718	
7 347 1676272 1538203	
370 295 4334296 5337359	
523 281 8414912 3244376	
416 635 6768165 8044341	
587 501 5638399 7769998	
485 168 8523606 6210280	
855 629 7436989 6910373	
477 912 4400978 619162	
374 42 2024959 3634450	
715 384 3396919 9603010	
578 405 3467867 5063723	
828 883 5383412 5724604	
973 150 2404170 4105081	
388 2 175559 2311907	
94 232 5852078 2478256	
947 814 5597989 6616734	
741 471 9612537 6695063	
255 663 914060 1367608	
647 797 280051 945980	
854 285 6209535 3932014	
642 755 2872358 3146828	
990 490 4455136 2480296	
156 707 8381642 6909887	
707 558 7133867 529027	
328 246 3869978 8143189	
310 7 3418417 3011329	
350 509 3239696 2590252	
899 410 1122689 8488829	
669 207 1327724 1521537	
521 520 4613483 2021984	
566 390 8933520 8932594	
571 985 5156241 5098109	
221 228 6020816 7604066	
526 650 2058039 4293836	
805 292 8037170 778503	
677 487 4588399 7087302	
324 161 4976464 4662136	
571 956 7474581 8374336	
881 464 9858592 7296143	
43 780 5288925 4350052	
832 843 8887450 9289578	
267 838 1609688 989268	
776 695 7856065 3792795	
54 215 8870126 7870549	
685 967 5859279 2126819	
676 174 2051662 2204824	
548 732 8235499 9887235	
898 240 2940707 9256689	
790 737 4558391 4749834	
499 365 4398177 6999807	
373 641 6659359 3630652	
516 621 5650406 5219597	
944 185 5158840 5792311	
640 744 3747452 763273	
590 115 3951383 3595137	
666 337 3111253 4016255	
775 280 6404993 7179230	
691 535 5331410 2331006	
831 971 2757389 7129080	
774 453 7354115 9176932	
898 202 5229730 4195273	
124 792 3072566 2611250	
595 368 5844466 7646433	
473 565 4397685 3698786	
800 421 5306601 8922476	
212 37 2851831 5941706	
850 461 5397882 3538720	
987 599 3391969 4527062	
134 446 4653017 1154411	
983 504 9094257 7707970	
532 528 1592838 3634940	
779 66 6230187 3859516	
427 387 2616488 2352708	
731 216 783600 1502938	
6 812 9125804 8901507	
120 51 3918873 1930609	
408 699 6741349 213496	
863 302 5840539 8383706	
877 573 2420786 3959537	
483 545 3337317 2560658	
429 735 4509619 5410213	
134 272 5750330 1305641	
716 119 473092 585266	
932 896 7949695 4573790	
714 6 6732569 7447571	
541 176 2617546 8592194	
561 811 7141629 6423742	
912 476 6457356 8319788	
391 244 4158387 686017	
421 848 3954382 3679033	
291 299 3041599 6191494	
93 854 6296492 2604846	
545 683 9226617 5565688	
528 672 8342682 1584246	
225 490 5556575 1413416	
190 79 9063825 3535513	
754 159 4385356 8655155	
132 552 3538481 3846453	
530 7 9063076 8318730	
917 835 3887001 7053132	
840 922 4797036 4919238	
425 51 1903217 2212792	
303 132 6530415 8314905	
479 597 7998287 4282348	
798 286 9389682 7100651	
761 866 6206450 6881474	
404 510 7137134 6712887	
254 46 4819613 3310939	
133 492 9989448 4352798	
530 97 9877969 3933810	
413 85 4388045 8881584	
609 350 8164999 2953434	
71 425 2250994 2310490	
680 986 3359338 2843755	
286 51 971843 462898	
970 119 6978846 6157362	
380 43 1334420 8881184	
200 90 6059712 9826237	
568 803 2290058 7191117	
580 74 4645330 6248346	
753 665 2604533 2280007	
64 54 8798865 3406578	
265 164 8322660 8357759	
596 791 3143182 4614033	
992 497 5687760 3528468	
464 440 2280022 4379229	
704 349 4037857 1840933	
443 48 4773725 1804190	
467 10 5096089 7452146	
322 311 5652369 5355963	
13 483 8660683 6572285	
575 606 211172 140251	
550 55 8854711 3775799	
400 480 2398359 4293902	
21 611 2775545 7261168	
63 506 4427622 4821562	
30 863 3741475 66723	
532 661 3611814 6572687	
725 509 9008739 7653334	
659 157 1589937 4163614	
706 277 5558184 7815493	
753 919 3175419 684252	
640 755 7470715 4408043	
259 833 5711805 5879888	
642 862 5805925 6298579	
380 141 7559285 9025609	
629 855 4256620 2337903	
918 357 2324371 2144220	
796 783 7362351 8384437	
313 454 9734549 5761706	
87 391 2821888 4154668	
824 48 3721511 4733441	
21 550 8537708 5062077	
101 793 2069682 2152201	
547 467 5186394 5206962	
896 260 3569474 676626	
621 39 1706560 3106653	
550 46 1942603 2555594	
77 960 5220995 2467858	
922 65 4683752 7081016	
977 400 6587771 4706565	
922 471 4404175 696198	
45 309 9159063 2399844	
379 899 5628399 1591669	
933 739 167571 2918119	
995 349 8380416 9416040	
126 858 760571 1872614	
366 251 5616488 5935841	
929 693 864740 5139792	
521 26 7999706 5354394	
626 27 5367975 4171515	
298 678 4922889 6088425	
111 295 3650854 3338711	
885 811 3195266 6589789	
478 762 5258822 772987	
273 761 5128223 2454908	
861 734 3864314 7205152	
971 427 6756128 4166992	
512 86 8964180 9768091	
271 775 2644661 1684374	
522 914 5304002 5523947	
551 922 7046591 8392400	
842 692 6583110 2029290	
601 160 4780408 6153290	
221 919 4017540 6928757	
703 282 5397736 7700957	
472 878 957953 3857457	
255 108 4548347 8011622	
84 780 8569752 6828972	
69 131 7913452 8455091	
456 298 7681248 4773784	
63 828 7007933 8227278	
259 158 440856 524438	
965 266 234206 434319	
232 301 2611650 2166641	
840 312 4827478 3473687	
507 832 4960956 2674987	
657 917 6327060 3776355	
953 856 3442005 4549799	
912 656 3232494 2254436	
313 126 4387223 994272	
294 964 9379067 6965123	
937 312 8922793 1969786	
675 270 7586064 5296891	
741 632 6389551 8678553	
337 527 5989826 7817598	
560 504 1257977 6703035	
128 522 5036169 2757131	
528 885 3194855 5067649	
474 628 2379424 2306911	
201 955 8984806 7265362	
506 662 5382338 6616089	
101 845 252869 2943649	
335 870 6394623 8380815	
100 184 8689038 7578224	
452 54 5607800 2313868	
525 338 5533967 8528708	
521 328 1708466 4552958	
194 358 4838651 6160619	
361 66 9208696 9905231	
590 806 1105655 1180699	
752 71 6462836 9052100	
316 818 2853444 2136020	
827 174 4920218 9148904	
501 33 1815871 5096161	
155 37 1079311 5780201	
321 205 3039230 4210898	
352 81 6789549 4609134	
915 683 8386215 5444051	
977 182 8456016 8565309	
14 205 2798605 6349645	
703 940 7252182 6678231	
279 820 3239562 4255532	
279 103 4681895 1023285	
956 176 7933874 5172707	
615 989 4845346 2108468	
694 752 5624193 6784153	
357 566 3703490 2142507	
516 134 4922348 4025311	
719 157 4544835 4543109	
796 855 3588995 4168663	
969 650 3859819 4425479	
744 872 3288985 4451988	
870 461 4273344 4792712	
347 249 2147820 3873883	
621 425 1362663 3137806	
935 226 5508940 6161294	
280 279 4696383 7967202	
535 442 3454526 928780	
462 375 8771627 6518943	
966 698 4568843 5105636	
119 779 7382033 3930764	
190 338 8456154 7938854	
564 995 9450998 9778907	
762 1 4388696 6175927	
492 105 3123660 7244238	
394 233 7636526 2793267	
644 262 4165040 2480974	
481 223 7006521 54416	
958 114 875677 1402501	
211 667 1651762 206378	
473 908 5930376 3543008	
274 657 3323682 6375119	
990 745 2949280 1464941	
498 278 3738386 2367828	
554 708 607360 8075225	
717 520 4466905 5565163	
44 326 3205373 1749396	
42 23 9567400 7137440	
816 201 4605420 2624686	
253 85 1936333 661685	
145 387 6655659 6424029	
458 406 1484414 2273909	
381 553 7863510 6226547	
251 970 7273810 3254958	
158 803 4274433 2562388	
621 583 3939294 5030070	
682 494 3392515 3858030	
527 594 8592937 8680780	
136 329 1398790 320478	
559 476 5413202 2605414	
468 524 2093375 2286609	
430 45 266470 6606565	
424 835 4169473 6179317	
51 275 6059980 1597667	
476 827 8344205 8038516	
823 870 7147600 8452671	
420 821 9296412 7699173	
405 957 3666620 1853962	
821 590 2053456 7270791	
584 552 694205 2181432	
147 24 7988199 8193276	
133 711 2381865 1781072	
366 657 4523452 2739303	
442 647 5709834 8179834	
68 173 8302934 7924682	
491 368 4636807 7581856	
626 725 1989839 1072839	
283 869 7768693 9617659	
772 227 4629701 5300856	
116 251 7241919 343389	
984 510 162050 3694014	
238 610 6155201 7476321	
481 650 4455084 2239312	
227 54 8795097 9820003	
257 581 2983362 5188928	
175 639 2682008 6250277	
489 538 7482346 8834271	
117 630 810445 6094837	
885 801 437768 1211567	
431 15 1900637 3033576	
994 669 8667061 8413416	
897 823 6040986 4216012	
303 572 4713293 651486	
886 434 2907050 5653562	
948 799 1072004 7273043	
740 714 7069998 7394180	
253 312 1008885 3054193	
725 534 5250760 3386477	
847 756 3757712 4163721	
63 923 5590061 7558473	
91 871 1212509 3450113	
485 907 4469480 816847	
622 155 916938 3126373	
396 832 5514811 8565555	
366 821 6652255 7043273	
241 822 4128205 5210144	
41 807 8992435 5690309	
906 866 2126048 4571613	
211 809 9568772 3778115	
16 905 9114595 8730864	
278 132 8344667 4208626	
792 213 8540972 3244407	
317 412 9378716 7989005	
774 304 1820684 7678384	
570 131 8081044 6835664	
19 600 5899103 3167049	
551 197 7959834 9093709	
595 55 7138963 2356719	
100 764 4381333 1931774	
135 22 1879688 2637803	
477 917 2611061 4288717	
863 691 3216460 5992001	
543 766 4067099 4338877	
121 533 6788496 4287486	
333 41 2189971 5343969	
583 325 675132 9194321	
919 245 6700740 5443627	
510 494 1375535 4084975	
233 46 1501741 2110873	
172 712 5848751 3778351	
665 600 5839404 7790269	
239 900 3259556 1558410	
650 185 7265584 8669489	
308 62 5991887 5175197	
90 617 6113056 5625603	
963 662 4784352 7143287	
452 655 6514447 8041246	
699 575 2445477 4743007	
616 758 6938928 5267760	
808 981 5394080 9046545	
16 355 5736291 7892728	
868 994 189086 1256212	
482 4 8560388 4152957	
765 186 5158560 1714361	
230 691 604403 1725990	
292 642 1385454 4288851	
795 788 7735130 8308736	
229 664 1996740 3360381	
402 108 2727712 2082876	
498 714 4406551 4003826	
113 861 364099 1601360	
371 774 1400975 4406664	
364 285 1636097 2126530	
979 836 4416334 4354023	
953 125 5446740 8153151	
354 854 6763511 8719693	
302 204 4903729 2953721	
995 125 2358780 5052158	
897 781 3385230 2613018	
571 714 5878587 7296361	
108 510 5077913 3931464	
633 267 8360993 6863455	
198 341 2919121 1960085	
426 239 3406301 6273122	
278 877 5873065 2222528	
720 368 9467254 4109702	
39 319 9526060 9829206	
333 983 7005502 5812496	
652 302 4772310 5028681	
425 574 2412703 8829553	
881 682 3978448 2058036	
951 887 4953744 2984710	
521 526 5983670 4536500	
659 720 5598935 6335878	
535 360 2594056 985461	
837 478 274727 1018176	
886 34 3511323 2881633	
617 507 4118403 7231205	
867 391 9125791 2803983	
19 213 2094243 1411252	
919 303 6428757 6131782	
56 964 7164526 6079601	
327 522 1481343 2443076	
197 819 890059 1266280	
892 258 3916883 4907964	
162 207 4896656 3002535	
670 313 7983984 7670174	
554 769 4201388 3974357	
121 124 5808525 9526613	
106 726 6352032 1200694	
567 91 6495330 2797329	
382 273 4749616 5386540	
706 103 6835172 8480205	
619 733 2974150 5764958	
985 286 3024715 4078876	
22 404 2540916 4595777	
106 586 6947891 7174985	
220 298 1404321 816832	
522 993 7512865 6046109	
817 259 2455325 8629041	
825 830 6309827 7675339	
890 296 3107105 3098059	
85 816 3475586 6561364	
67 255 9119976 8442704	
760 291 4515426 1971823	
355 416 9310102 8830290	
595 302 6679594 7400489	
190 961 6724813 6905408	
975 57 904390 1324458	
265 721 3718185 2028501	
602 547 8875777 9013266	
593 94 1630012 6622713	
958 79 3617228 3821466	
909 532 2019480 3198205	
993 780 9945482 8859287	
936 532 5879765 5866538	
629 129 4767768 3517219	
294 631 3637498 3377306	
192 996 8810869 8200867	
794 521 8888870 5170233	
643 682 7115811 1927056	
684 36 95940 1998419	
509 954 7994377 3638996	
923 398 8886693 3561911	
774 169 5393322 5316849	
965 854 1940140 5512542	
566 99 9040000 3462456	
610 508 6942152 7717279	
410 277 1552379 343760	
412 967 5505474 1107301	
935 234 2290282 4198617	
823 163 4786412 3183402	
444 265 2085723 1138394	
710 554 2139999 4608043	
416 14 1121153 2275502	
140 782 6869496 4240899	
104 449 4049775 4548582	
352 694 3651235 2488584	
612 551 1988490 6943591	
676 602 7861611 6292243	
496 338 279175 830916	
712 579 4332082 2478978	
705 733 8503296 8250032	
486 562 470663 7207428	
907 76 3828522 9605939	
451 58 2729740 6495535	
601 46 4714495 4399928	
151 268 5475173 7450683	
146 160 5084643 7100358	
45 541 2172614 5840662	
846 971 844854 3164116	
546 146 1883570 6828945	
447 608 3930956 8663015	
574 504 3699989 432464	
984 289 5145370 4681281	
986 178 7117974 7811046	
754 29 7322392 2472175	
114 109 1174205 1570535	
256 831 2427634 6855015	
243 837 4441768 5833494	
385 271 5098485 3426016	
295 675 5690675 2773279	
802 525 7258732 5069796	
136 110 3695110 2623424	
373 613 4816513 6179672	
929 31 4709151 3465628	
789 768 9511146 8207230	
695 727 2062324 7516328	
35 669 2783852 2971920	
757 977 1669196 7115607	
106 472 1594387 1009726	
94 990 817622 7790599	
531 453 5649976 5205501	
684 377 1968828 5196397	
548 332 4823471 7596291	
834 819 6017594 2404283	
465 306 7198086 7925477	
105 627 3372936 2147027	
651 136 4915323 3912352	
918 887 6731873 2631457	
797 614 9713495 5971495	
149 504 4857826 4059036	
577 191 8982685 5582353	
955 6 7548665 4310789	
619 511 7471149 1299610	
969 660 4987179 2162427	
718 170 8105952 3249226	
448 90 3498297 3211196	
572 15 734451 419098	
390 244 3279769 3840469	
930 950 6687865 5653019	
716 385 9234002 8917519	
928 278 1893831 8542336	
538 424 6129629 6898206	
553 273 1988206 3554634	
199 791 4276146 5979515	
652 902 5561904 3110509	
296 812 1527555 3346697	
623 253 7743654 8121894	
76 437 857610 3161882	
936 510 7509308 2631642	
671 32 7519280 9812096	
949 115 7070837 7351484	
468 876 9534388 6411631	
39 996 2774366 3025483	
431 946 5064036 4442027	
955 654 9888722 8464912	
668 536 5414461 7432938	
423 184 6009726 2819606	
604 298 4532880 2073714	
448 301 5571203 4972048	
118 294 8827637 4272083	
504 788 4167565 1300635	
692 756 3637318 3081276	
724 799 1535544 1453306	
131 317 3464847 4547751	
535 912 5795600 3410160	
695 640 855482 8547957	
677 870 2356393 5187018	
553 534 5021623 1221968	
410 499 7483748 4151444	
290 806 5667004 9155573	
806 374 782076 950473	
860 386 5364804 3791346	
423 427 387871 2677465	
762 463 1368690 4610568	
307 832 6666985 3026206	
394 704 2822512 6473562	
279 208 2244346 6957735	
548 915 7407172 4209236	
622 344 4259642 2202303	
721 883 2550825 4126220	
871 463 9503386 5862574	
468 498 8126101 6514863	
149 234 6362035 4063055	
337 695 8535590 7142831	
626 626 9299141 8564077	
14 182 8393311 8793420	
981 980 3329058 7848033	
184 391 9188027 8869116	
446 561 1660824 1157382	
279 637 425877 1091836	
872 262 3324410 2487259	
706 959 5474921 8233170	
534 43 3524348 3491846	
385 728 4315910 4653303	
804 167 2279254 3146665	
417 685 2498767 3930900	
638 278 7322596 6720262	
493 720 9097825 1621002	
852 890 9885130 8704341	
200 367 4472956 3450632	
494 925 748300 5849025	
759 673 6227876 5529499	
223 498 2088203 3666967	
813 842 789461 848486	
512 299 6220814 5811919	
826 807 9536433 6156695	
652 547 1355666 1449750	
326 679 4684465 3971323	
986 682 3365474 2159192	
693 820 7632239 8976713	
561 657 5763253 9583357	
456 188 7974929 9761307	
359 974 1152369 309396	
75 419 87208 5137233	
627 328 7084015 975442	
28 104 6849020 6739990	
332 81 7330169 6000723	
581 575 1297179 9020668	
695 582 9829741 1848278	
33 595 4767506 1490313	
855 755 2188625 3006056	
335 248 7952524 3470350	
164 242 9421342 7509910	
4 458 481567 303072	
283 834 6254943 6745435	
851 582 5540038 4011890	
291 912 4663696 7140352	
685 633 2695566 4285822	
222 45 1180792 6999936	
298 845 8420304 5771965	
42 987 3871821 6473587	
217 428 4965439 3071766	
873 842 6661508 6188117	
473 583 6496343 5081549	
420 231 4542784 2972210	
305 59 8141763 7426596	
888 955 1929720 1791889	
101 781 5357701 6825056	
428 774 1203948 6222602	
99 417 6820306 3296989	
28 592 8099561 6332299	
290 2 5173200 3696890	
59 577 83578 7331275	
763 156 6397579 7238051	
165 482 1075484 4610585	
255 776 1294708 922541	
3 671 3972929 6082727	
939 506 3920731 6055697	
412 222 9152926 9703777	
656 746 4321705 6097627	
956 760 7238583 4511758	
594 429 1768502 2112574	
410 581 7089308 4029936	
133 303 2945639 5296655	
707 988 7386495 7957938	
970 998 7191390 6198454	
55 744 6433358 8333399	
904 739 3654140 5266813	
397 943 1052763 649823	
604 136 5168142 6021175	
214 658 6080085 7184825	
523 163 2724238 8166791	
629 205 1140593 2811582	
645 71 9028433 8575201	
204 929 6390323 7598390	
119 669 4296967 6371560	
327 23 8882226 6170489	
938 174 3173576 4105314	
71 972 8281740 6170012	
756 540 7006681 2564280	
506 917 6046399 5123975	
602 17 5521334 5045018	
953 344 8309914 9580077	
727 460 4971693 7342657	
367 289 7115967 5205792	
73 811 7374515 9565530	
72 446 6434173 5731232	
891 17 6493508 8653803	
370 339 3767413 6443324	
826 592 6877371 5944225	
115 60 9627970 9761696	
411 971 7210768 7317791	
204 874 4585244 9232530	
266 769 9286365 8303002	
84 382 2035809 1681235	
469 74 4499371 6425979	
808 818 7127407 7462674	
494 953 7100885 238195	
844 514 6362390 277119	
832 413 4121997 550820	
858 480 8549532 1269108	
931 145 5486785 3427963	
951 598 1882699 3929230	
339 554 4650880 1577172	
368 908 314528 4777529	
21 700 5224208 4091388	
524 34 2608738 9286904	
677 986 5231515 6505887	
335 897 1639742 2001693	
472 687 7999787 9530654	
187 470 4629524 7010234	
40 605 7274839 3993567	
573 457 482642 5233431	
789 507 7095446 5372424	
399 519 3145044 4217768	
510 255 541110 3050381	
149 808 1841631 5806348	
38 923 8503979 9454129	
669 375 8048728 5807273	
263 587 1061338 4170856	
84 242 4338670 3705435	
76 861 4436041 7142373	
467 785 8481589 5890507	
952 720 4482969 4955655	
230 371 5519374 7214583	
737 625 8055570 8797303	
852 62 4534721 1393429	
862 467 9559756 7119432	
477 636 3251779 6800570	
